1.00 -1.21 -0.38 0.93 -2.30 -1.02 0.71 -0.05 0.00 0.00 0.00 0.00 0.00 0.00 0.00
1.00 0.92 1.71 2.39 -0.42 0.60 1.73 0.48 0.00 0.00 0.00 0.00 0.00 0.00 0.00
1.00 2.68 3.21 2.97 1.51 1.96 2.11 0.90 0.00 0.00 0.00 0.00 0.00 0.00 0.00
0 0 0 0 0 0 0 0 0 0 0 0 0 0 0
1.00 3.49 3.42 2.80 2.70 2.54 1.82 0.89 0.00 0.00 0.00 0.00 0.00 0.00 0.00
0 0 0 0 0 0 0 0 0 0 0 0 0 0 0
1.00 3.49 3.42 2.80 2.70 2.54 1.82 0.89 0.00 0.00 0.00 0.00 0.00 0.00 0.00
0 0 0 0 0 0 0 0 0 0 0 0 0 0 0
1.00 3.49 3.24 2.12 3.42 2.82 1.54 0.89 0.00 0.00 0.00 0.00 0.00 0.00 0.00
0 0 0 0 0 0 0 0 0 0 0 0 0 0 0
1.00 3.23 3.97 4.56 1.79 2.05 3.17 1.09 0.00 0.00 0.00 0.00 0.00 0.00 0.00
0 0 0 0 0 0 0 0 0 0 0 0 0 0 0
1.00 2.77 3.31 2.48 1.64 2.14 1.70 0.95 0.00 0.00 0.00 0.00 0.00 0.00 0.00
0 0 0 0 0 0 0 0 0 0 0 0 0 0 0
1.00 1.82 1.03 -0.84 2.43 1.96 -0.65 0.33 0.00 0.00 0.00 0.00 0.00 0.00 0.00
0 0 0 0 0 0 0 0 0 0 0 0 0 0 0
1.00 -0.77 -3.13 -5.55 1.88 -0.19 -3.95 -0.84 0.00 0.00 0.00 0.00 0.00 0.00 0.00
0 0 0 0 0 0 0 0 0 0 0 0 0 0 0
1.00 -5.26 -6.58 -7.25 -1.59 -2.99 -5.03 -1.97 0.00 0.00 0.00 0.00 0.00 0.00 0.00
0 0 0 0 0 0 0 0 0 0 0 0 0 0 0
1.00 -2.55 -3.08 -3.48 -0.75 -1.23 -2.35 -0.96 0.00 0.00 0.00 0.00 0.00 0.00 0.00
0 0 0 0 0 0 0 0 0 0 0 0 0 0 0
1.00 -2.60 -2.99 -3.00 -1.01 -1.36 -2.02 -0.85 0.00 0.00 0.00 0.00 0.00 0.00 0.00
0 0 0 0 0 0 0 0 0 0 0 0 0 0 0
