1.00 -1.89 -1.46 -0.58 -2.63 -2.49 -0.70 -0.30 0.00 0.00 0.00 0.00 0.00 0.00 0.00
1.00 -2.02 -1.01 -0.26 -2.75 -1.38 -0.12 -0.27 0.00 0.00 0.00 0.00 0.00 0.00 0.00
1.00 0.82 1.48 0.81 1.79 3.31 1.63 0.46 0.00 0.00 0.00 0.00 0.00 0.00 0.00
0 0 0 0 0 0 0 0 0 0 0 0 0 0 0
1.00 3.40 2.21 0.47 5.23 3.75 0.69 0.50 0.00 0.00 0.00 0.00 0.00 0.00 0.00
0 0 0 0 0 0 0 0 0 0 0 0 0 0 0
1.00 3.40 2.21 0.47 5.23 3.75 0.69 0.50 0.00 0.00 0.00 0.00 0.00 0.00 0.00
0 0 0 0 0 0 0 0 0 0 0 0 0 0 0
1.00 3.30 1.89 0.55 3.80 2.41 0.12 0.34 0.00 0.00 0.00 0.00 0.00 0.00 0.00
0 0 0 0 0 0 0 0 0 0 0 0 0 0 0
1.00 0.98 0.92 0.25 1.48 1.32 0.21 0.11 0.00 0.00 0.00 0.00 0.00 0.00 0.00
0 0 0 0 0 0 0 0 0 0 0 0 0 0 0
1.00 2.63 2.04 1.47 2.46 1.96 0.68 0.56 0.00 0.00 0.00 0.00 0.00 0.00 0.00
0 0 0 0 0 0 0 0 0 0 0 0 0 0 0
1.00 2.97 2.30 1.43 2.64 1.84 0.52 0.45 0.00 0.00 0.00 0.00 0.00 0.00 0.00
0 0 0 0 0 0 0 0 0 0 0 0 0 0 0
1.00 1.93 1.34 0.71 1.53 0.79 0.13 0.29 0.00 0.00 0.00 0.00 0.00 0.00 0.00
0 0 0 0 0 0 0 0 0 0 0 0 0 0 0
1.00 0.56 0.33 0.12 0.06 -0.24 -0.11 0.01 0.00 0.00 0.00 0.00 0.00 0.00 0.00
0 0 0 0 0 0 0 0 0 0 0 0 0 0 0
1.00 -0.82 -1.05 -0.64 -1.06 -1.50 -0.59 -0.30 0.00 0.00 0.00 0.00 0.00 0.00 0.00
0 0 0 0 0 0 0 0 0 0 0 0 0 0 0
1.00 0.95 0.19 0.13 0.66 0.22 0.12 0.02 0.00 0.00 0.00 0.00 0.00 0.00 0.00
0 0 0 0 0 0 0 0 0 0 0 0 0 0 0
