1.00 -0.83 -0.86 -1.01 -1.13 -0.99 -0.50 -0.29 0.00 0.00 0.00 0.00 0.00 0.00 0.00
1.00 0.24 0.06 -0.48 0.17 -0.01 -0.17 -0.01 0.00 0.00 0.00 0.00 0.00 0.00 0.00
1.00 1.54 0.90 0.23 1.19 1.00 0.40 0.29 0.00 0.00 0.00 0.00 0.00 0.00 0.00
0 0 0 0 0 0 0 0 0 0 0 0 0 0 0
1.00 2.05 1.17 0.47 1.56 1.06 0.34 0.33 0.00 0.00 0.00 0.00 0.00 0.00 0.00
0 0 0 0 0 0 0 0 0 0 0 0 0 0 0
1.00 2.05 1.17 0.47 1.56 1.06 0.34 0.33 0.00 0.00 0.00 0.00 0.00 0.00 0.00
0 0 0 0 0 0 0 0 0 0 0 0 0 0 0
1.00 1.29 0.70 0.59 1.09 0.75 0.38 0.19 0.00 0.00 0.00 0.00 0.00 0.00 0.00
0 0 0 0 0 0 0 0 0 0 0 0 0 0 0
1.00 0.33 0.52 1.01 0.29 0.56 0.56 0.18 0.00 0.00 0.00 0.00 0.00 0.00 0.00
0 0 0 0 0 0 0 0 0 0 0 0 0 0 0
1.00 0.27 0.34 0.68 0.35 0.37 0.26 0.07 0.00 0.00 0.00 0.00 0.00 0.00 0.00
0 0 0 0 0 0 0 0 0 0 0 0 0 0 0
1.00 -0.42 0.14 0.72 -0.22 0.07 0.36 0.02 0.00 0.00 0.00 0.00 0.00 0.00 0.00
0 0 0 0 0 0 0 0 0 0 0 0 0 0 0
1.00 -0.93 -0.03 0.72 -0.68 -0.04 0.27 0.03 0.00 0.00 0.00 0.00 0.00 0.00 0.00
0 0 0 0 0 0 0 0 0 0 0 0 0 0 0
1.00 -1.14 -0.26 -0.14 -0.60 -0.14 -0.12 -0.07 0.00 0.00 0.00 0.00 0.00 0.00 0.00
0 0 0 0 0 0 0 0 0 0 0 0 0 0 0
1.00 0.13 0.13 0.03 0.14 0.29 0.03 0.07 0.00 0.00 0.00 0.00 0.00 0.00 0.00
0 0 0 0 0 0 0 0 0 0 0 0 0 0 0
1.00 -0.81 -0.65 -0.63 -0.20 -0.25 -0.56 -0.19 0.00 0.00 0.00 0.00 0.00 0.00 0.00
0 0 0 0 0 0 0 0 0 0 0 0 0 0 0
