1.00 -0.15 0.99 1.64 -0.81 0.49 1.24 0.09 0.00 0.00 0.00 0.00 0.00 0.00 0.00
1.00 4.01 4.60 4.22 2.79 3.46 2.92 1.14 0.00 0.00 0.00 0.00 0.00 0.00 0.00
1.00 5.66 5.48 5.09 4.48 4.53 3.56 1.67 0.00 0.00 0.00 0.00 0.00 0.00 0.00
0 0 0 0 0 0 0 0 0 0 0 0 0 0 0
1.00 5.83 5.56 4.92 4.91 4.56 3.40 1.68 0.00 0.00 0.00 0.00 0.00 0.00 0.00
0 0 0 0 0 0 0 0 0 0 0 0 0 0 0
1.00 5.83 5.56 4.92 4.91 4.56 3.40 1.68 0.00 0.00 0.00 0.00 0.00 0.00 0.00
0 0 0 0 0 0 0 0 0 0 0 0 0 0 0
1.00 4.12 4.20 4.35 3.44 3.23 2.82 1.24 0.00 0.00 0.00 0.00 0.00 0.00 0.00
0 0 0 0 0 0 0 0 0 0 0 0 0 0 0
1.00 3.01 2.95 3.08 2.46 2.29 2.11 0.95 0.00 0.00 0.00 0.00 0.00 0.00 0.00
0 0 0 0 0 0 0 0 0 0 0 0 0 0 0
1.00 1.50 1.48 1.38 1.21 1.01 0.84 0.46 0.00 0.00 0.00 0.00 0.00 0.00 0.00
0 0 0 0 0 0 0 0 0 0 0 0 0 0 0
1.00 -0.30 -0.55 -0.91 -0.31 -0.48 -0.75 -0.11 0.00 0.00 0.00 0.00 0.00 0.00 0.00
0 0 0 0 0 0 0 0 0 0 0 0 0 0 0
1.00 -2.69 -3.92 -5.43 -2.11 -2.75 -3.37 -1.04 0.00 0.00 0.00 0.00 0.00 0.00 0.00
0 0 0 0 0 0 0 0 0 0 0 0 0 0 0
1.00 1.22 -1.06 -3.45 0.89 -0.32 -2.20 -0.18 0.00 0.00 0.00 0.00 0.00 0.00 0.00
0 0 0 0 0 0 0 0 0 0 0 0 0 0 0
1.00 -4.19 -5.82 -6.29 -2.68 -3.84 -3.85 -1.55 0.00 0.00 0.00 0.00 0.00 0.00 0.00
0 0 0 0 0 0 0 0 0 0 0 0 0 0 0
1.00 -6.36 -6.37 -6.05 -4.43 -4.40 -3.84 -1.83 0.00 0.00 0.00 0.00 0.00 0.00 0.00
0 0 0 0 0 0 0 0 0 0 0 0 0 0 0
