1.00 -1.54 -1.18 -0.54 -1.92 -1.68 -0.47 -0.29 0.00 0.00 0.00 0.00 0.00 0.00 0.00
1.00 -1.70 -1.26 -0.33 -2.31 -1.71 -0.22 -0.27 0.00 0.00 0.00 0.00 0.00 0.00 0.00
1.00 -1.20 -0.66 -0.33 -1.41 -0.38 0.04 -0.10 0.00 0.00 0.00 0.00 0.00 0.00 0.00
0 0 0 0 0 0 0 0 0 0 0 0 0 0 0
1.00 3.13 2.59 0.75 4.82 3.93 0.78 0.58 0.00 0.00 0.00 0.00 0.00 0.00 0.00
0 0 0 0 0 0 0 0 0 0 0 0 0 0 0
1.00 3.13 2.59 0.75 4.82 3.93 0.78 0.58 0.00 0.00 0.00 0.00 0.00 0.00 0.00
0 0 0 0 0 0 0 0 0 0 0 0 0 0 0
1.00 3.80 2.64 1.23 4.34 3.02 0.65 0.48 0.00 0.00 0.00 0.00 0.00 0.00 0.00
0 0 0 0 0 0 0 0 0 0 0 0 0 0 0
1.00 0.63 0.85 0.68 0.66 0.87 0.39 0.09 0.00 0.00 0.00 0.00 0.00 0.00 0.00
0 0 0 0 0 0 0 0 0 0 0 0 0 0 0
1.00 3.03 3.21 2.38 3.03 3.00 1.45 0.70 0.00 0.00 0.00 0.00 0.00 0.00 0.00
0 0 0 0 0 0 0 0 0 0 0 0 0 0 0
1.00 4.20 3.60 2.76 4.22 3.25 1.60 0.96 0.00 0.00 0.00 0.00 0.00 0.00 0.00
0 0 0 0 0 0 0 0 0 0 0 0 0 0 0
1.00 3.87 3.10 2.57 3.67 2.74 1.36 0.90 0.00 0.00 0.00 0.00 0.00 0.00 0.00
0 0 0 0 0 0 0 0 0 0 0 0 0 0 0
1.00 3.83 3.42 2.52 3.70 3.05 1.64 0.90 0.00 0.00 0.00 0.00 0.00 0.00 0.00
0 0 0 0 0 0 0 0 0 0 0 0 0 0 0
1.00 2.51 2.16 1.35 2.46 1.82 0.69 0.55 0.00 0.00 0.00 0.00 0.00 0.00 0.00
0 0 0 0 0 0 0 0 0 0 0 0 0 0 0
1.00 1.81 1.64 1.05 1.72 1.31 0.52 0.42 0.00 0.00 0.00 0.00 0.00 0.00 0.00
0 0 0 0 0 0 0 0 0 0 0 0 0 0 0
