1.00 -1.51 -1.32 -0.92 -1.61 -1.59 -0.44 -0.32 0.00 0.00 0.00 0.00 0.00 0.00 0.00
1.00 -0.66 -0.76 -0.36 -1.21 -0.96 -0.03 -0.13 0.00 0.00 0.00 0.00 0.00 0.00 0.00
1.00 1.82 1.53 0.93 1.21 1.47 0.82 0.44 0.00 0.00 0.00 0.00 0.00 0.00 0.00
0 0 0 0 0 0 0 0 0 0 0 0 0 0 0
1.00 4.05 3.15 1.69 3.70 3.10 1.28 0.84 0.00 0.00 0.00 0.00 0.00 0.00 0.00
0 0 0 0 0 0 0 0 0 0 0 0 0 0 0
1.00 4.05 3.15 1.69 3.70 3.10 1.28 0.84 0.00 0.00 0.00 0.00 0.00 0.00 0.00
0 0 0 0 0 0 0 0 0 0 0 0 0 0 0
1.00 2.79 1.85 0.47 2.71 1.99 0.49 0.42 0.00 0.00 0.00 0.00 0.00 0.00 0.00
0 0 0 0 0 0 0 0 0 0 0 0 0 0 0
1.00 2.38 1.36 0.49 2.29 1.35 0.32 0.43 0.00 0.00 0.00 0.00 0.00 0.00 0.00
0 0 0 0 0 0 0 0 0 0 0 0 0 0 0
1.00 1.24 0.91 0.83 1.15 0.75 0.58 0.26 0.00 0.00 0.00 0.00 0.00 0.00 0.00
0 0 0 0 0 0 0 0 0 0 0 0 0 0 0
1.00 0.32 0.44 1.18 0.10 0.36 0.66 0.22 0.00 0.00 0.00 0.00 0.00 0.00 0.00
0 0 0 0 0 0 0 0 0 0 0 0 0 0 0
1.00 -0.56 0.31 1.46 -0.68 0.05 0.95 0.20 0.00 0.00 0.00 0.00 0.00 0.00 0.00
0 0 0 0 0 0 0 0 0 0 0 0 0 0 0
1.00 2.22 2.66 2.36 1.05 1.91 1.74 0.85 0.00 0.00 0.00 0.00 0.00 0.00 0.00
0 0 0 0 0 0 0 0 0 0 0 0 0 0 0
1.00 0.90 0.39 -0.70 0.71 0.56 -0.63 0.16 0.00 0.00 0.00 0.00 0.00 0.00 0.00
0 0 0 0 0 0 0 0 0 0 0 0 0 0 0
1.00 -1.90 -2.07 -1.81 -1.04 -1.45 -1.29 -0.68 0.00 0.00 0.00 0.00 0.00 0.00 0.00
0 0 0 0 0 0 0 0 0 0 0 0 0 0 0
