1.00 1.20 0.63 -0.60 2.79 2.06 -0.09 0.06 0.00 0.00 0.00 0.00 0.00 0.00 0.00
1.00 0.54 0.05 -0.92 1.96 1.34 -0.34 -0.08 0.00 0.00 0.00 0.00 0.00 0.00 0.00
1.00 0.81 0.33 -0.23 1.25 0.44 -0.25 -0.01 0.00 0.00 0.00 0.00 0.00 0.00 0.00
0 0 0 0 0 0 0 0 0 0 0 0 0 0 0
1.00 2.30 2.19 1.61 2.20 1.73 0.92 0.48 0.00 0.00 0.00 0.00 0.00 0.00 0.00
0 0 0 0 0 0 0 0 0 0 0 0 0 0 0
1.00 2.30 2.19 1.61 2.20 1.73 0.92 0.48 0.00 0.00 0.00 0.00 0.00 0.00 0.00
0 0 0 0 0 0 0 0 0 0 0 0 0 0 0
1.00 4.50 4.08 3.58 4.06 3.53 2.13 1.22 0.00 0.00 0.00 0.00 0.00 0.00 0.00
0 0 0 0 0 0 0 0 0 0 0 0 0 0 0
1.00 4.62 4.17 3.74 4.62 4.01 2.52 1.31 0.00 0.00 0.00 0.00 0.00 0.00 0.00
0 0 0 0 0 0 0 0 0 0 0 0 0 0 0
1.00 3.85 3.39 2.74 3.83 3.01 1.83 1.11 0.00 0.00 0.00 0.00 0.00 0.00 0.00
0 0 0 0 0 0 0 0 0 0 0 0 0 0 0
1.00 2.26 1.72 1.35 1.87 1.13 0.73 0.60 0.00 0.00 0.00 0.00 0.00 0.00 0.00
0 0 0 0 0 0 0 0 0 0 0 0 0 0 0
1.00 -0.02 -0.33 0.07 -0.45 -0.85 -0.10 -0.06 0.00 0.00 0.00 0.00 0.00 0.00 0.00
0 0 0 0 0 0 0 0 0 0 0 0 0 0 0
1.00 -2.43 -2.33 -1.75 -2.71 -2.38 -1.30 -0.56 0.00 0.00 0.00 0.00 0.00 0.00 0.00
0 0 0 0 0 0 0 0 0 0 0 0 0 0 0
1.00 1.62 0.53 -0.25 2.29 1.06 -0.13 0.21 0.00 0.00 0.00 0.00 0.00 0.00 0.00
0 0 0 0 0 0 0 0 0 0 0 0 0 0 0
1.00 -1.86 -2.22 -1.45 -1.67 -2.11 -1.06 -0.54 0.00 0.00 0.00 0.00 0.00 0.00 0.00
0 0 0 0 0 0 0 0 0 0 0 0 0 0 0
