1.00 -2.14 -2.37 -1.95 -2.44 -2.39 -1.40 -0.64 0.00 0.00 0.00 0.00 0.00 0.00 0.00
1.00 -1.42 -1.22 -0.63 -2.03 -1.57 -0.36 -0.38 0.00 0.00 0.00 0.00 0.00 0.00 0.00
1.00 1.12 1.00 0.56 0.73 1.11 0.38 0.26 0.00 0.00 0.00 0.00 0.00 0.00 0.00
0 0 0 0 0 0 0 0 0 0 0 0 0 0 0
1.00 2.55 2.00 1.10 2.63 2.24 0.94 0.53 0.00 0.00 0.00 0.00 0.00 0.00 0.00
0 0 0 0 0 0 0 0 0 0 0 0 0 0 0
1.00 2.55 2.00 1.10 2.63 2.24 0.94 0.53 0.00 0.00 0.00 0.00 0.00 0.00 0.00
0 0 0 0 0 0 0 0 0 0 0 0 0 0 0
1.00 2.88 2.08 1.16 3.02 2.21 1.00 0.56 0.00 0.00 0.00 0.00 0.00 0.00 0.00
0 0 0 0 0 0 0 0 0 0 0 0 0 0 0
1.00 2.17 1.63 1.14 2.23 1.45 0.86 0.46 0.00 0.00 0.00 0.00 0.00 0.00 0.00
0 0 0 0 0 0 0 0 0 0 0 0 0 0 0
1.00 2.00 1.18 0.52 2.08 1.07 0.48 0.34 0.00 0.00 0.00 0.00 0.00 0.00 0.00
0 0 0 0 0 0 0 0 0 0 0 0 0 0 0
1.00 0.57 0.47 0.61 0.61 0.38 0.45 0.16 0.00 0.00 0.00 0.00 0.00 0.00 0.00
0 0 0 0 0 0 0 0 0 0 0 0 0 0 0
1.00 -0.63 -0.18 0.76 -0.72 -0.32 0.41 -0.01 0.00 0.00 0.00 0.00 0.00 0.00 0.00
0 0 0 0 0 0 0 0 0 0 0 0 0 0 0
1.00 -1.62 -0.59 0.41 -1.89 -0.89 -0.03 -0.09 0.00 0.00 0.00 0.00 0.00 0.00 0.00
0 0 0 0 0 0 0 0 0 0 0 0 0 0 0
1.00 -2.27 -1.18 -0.12 -2.34 -1.24 -0.28 -0.29 0.00 0.00 0.00 0.00 0.00 0.00 0.00
0 0 0 0 0 0 0 0 0 0 0 0 0 0 0
1.00 -0.46 0.04 0.27 -0.85 -0.05 0.37 0.08 0.00 0.00 0.00 0.00 0.00 0.00 0.00
0 0 0 0 0 0 0 0 0 0 0 0 0 0 0
