1.00 -1.71 -0.81 -0.26 -1.90 -0.72 0.12 -0.16 0.00 0.00 0.00 0.00 0.00 0.00 0.00
1.00 0.46 0.69 -0.15 1.20 1.94 0.31 0.07 0.00 0.00 0.00 0.00 0.00 0.00 0.00
1.00 2.18 1.02 -0.14 2.92 1.96 -0.16 0.16 0.00 0.00 0.00 0.00 0.00 0.00 0.00
0 0 0 0 0 0 0 0 0 0 0 0 0 0 0
1.00 2.18 1.34 0.41 2.68 1.58 0.19 0.27 0.00 0.00 0.00 0.00 0.00 0.00 0.00
0 0 0 0 0 0 0 0 0 0 0 0 0 0 0
1.00 2.18 1.34 0.41 2.68 1.58 0.19 0.27 0.00 0.00 0.00 0.00 0.00 0.00 0.00
0 0 0 0 0 0 0 0 0 0 0 0 0 0 0
1.00 2.56 1.70 1.09 2.41 1.33 0.67 0.51 0.00 0.00 0.00 0.00 0.00 0.00 0.00
0 0 0 0 0 0 0 0 0 0 0 0 0 0 0
1.00 1.74 1.29 0.86 1.83 1.27 0.62 0.41 0.00 0.00 0.00 0.00 0.00 0.00 0.00
0 0 0 0 0 0 0 0 0 0 0 0 0 0 0
1.00 1.41 0.91 0.71 1.12 0.31 0.38 0.29 0.00 0.00 0.00 0.00 0.00 0.00 0.00
0 0 0 0 0 0 0 0 0 0 0 0 0 0 0
1.00 0.37 0.40 0.34 -0.08 -0.38 -0.03 0.15 0.00 0.00 0.00 0.00 0.00 0.00 0.00
0 0 0 0 0 0 0 0 0 0 0 0 0 0 0
1.00 -0.49 -0.36 0.45 -1.32 -1.02 0.23 -0.10 0.00 0.00 0.00 0.00 0.00 0.00 0.00
0 0 0 0 0 0 0 0 0 0 0 0 0 0 0
1.00 2.02 1.92 1.70 1.74 1.74 1.31 0.47 0.00 0.00 0.00 0.00 0.00 0.00 0.00
0 0 0 0 0 0 0 0 0 0 0 0 0 0 0
1.00 2.05 1.95 1.68 1.73 1.74 1.28 0.46 0.00 0.00 0.00 0.00 0.00 0.00 0.00
0 0 0 0 0 0 0 0 0 0 0 0 0 0 0
1.00 1.86 1.59 0.93 2.24 2.04 0.89 0.52 0.00 0.00 0.00 0.00 0.00 0.00 0.00
0 0 0 0 0 0 0 0 0 0 0 0 0 0 0
