1.00 -1.55 -1.24 -0.75 -1.31 -1.08 -0.64 -0.34 0.00 0.00 0.00 0.00 0.00 0.00 0.00
1.00 -1.91 -1.52 -0.93 -1.55 -1.52 -0.67 -0.40 0.00 0.00 0.00 0.00 0.00 0.00 0.00
1.00 -1.83 -1.46 -0.77 -2.15 -1.77 -0.44 -0.42 0.00 0.00 0.00 0.00 0.00 0.00 0.00
0 0 0 0 0 0 0 0 0 0 0 0 0 0 0
1.00 -0.66 -0.76 -0.27 -1.60 -1.20 -0.06 -0.17 0.00 0.00 0.00 0.00 0.00 0.00 0.00
0 0 0 0 0 0 0 0 0 0 0 0 0 0 0
1.00 -0.66 -0.76 -0.27 -1.60 -1.20 -0.06 -0.17 0.00 0.00 0.00 0.00 0.00 0.00 0.00
0 0 0 0 0 0 0 0 0 0 0 0 0 0 0
1.00 1.08 1.00 0.88 0.38 0.88 0.73 0.31 0.00 0.00 0.00 0.00 0.00 0.00 0.00
0 0 0 0 0 0 0 0 0 0 0 0 0 0 0
1.00 3.10 2.58 1.37 3.11 2.78 0.98 0.69 0.00 0.00 0.00 0.00 0.00 0.00 0.00
0 0 0 0 0 0 0 0 0 0 0 0 0 0 0
1.00 3.96 2.90 1.48 4.33 3.16 1.22 0.83 0.00 0.00 0.00 0.00 0.00 0.00 0.00
0 0 0 0 0 0 0 0 0 0 0 0 0 0 0
1.00 4.03 2.87 1.33 4.27 3.16 1.13 0.76 0.00 0.00 0.00 0.00 0.00 0.00 0.00
0 0 0 0 0 0 0 0 0 0 0 0 0 0 0
1.00 3.56 2.43 1.26 3.82 2.52 1.04 0.68 0.00 0.00 0.00 0.00 0.00 0.00 0.00
0 0 0 0 0 0 0 0 0 0 0 0 0 0 0
1.00 2.40 1.94 1.45 2.54 1.81 1.06 0.43 0.00 0.00 0.00 0.00 0.00 0.00 0.00
0 0 0 0 0 0 0 0 0 0 0 0 0 0 0
1.00 1.30 1.47 1.65 1.26 0.99 0.88 0.38 0.00 0.00 0.00 0.00 0.00 0.00 0.00
0 0 0 0 0 0 0 0 0 0 0 0 0 0 0
1.00 0.38 0.88 1.35 0.06 0.41 0.79 0.26 0.00 0.00 0.00 0.00 0.00 0.00 0.00
0 0 0 0 0 0 0 0 0 0 0 0 0 0 0
