1.00 0.85 1.81 2.52 -0.23 1.36 1.93 0.30 0.00 0.00 0.00 0.00 0.00 0.00 0.00
1.00 4.14 4.49 4.17 3.49 3.72 2.95 1.22 0.00 0.00 0.00 0.00 0.00 0.00 0.00
1.00 4.94 5.28 4.98 4.46 4.10 3.44 1.49 0.00 0.00 0.00 0.00 0.00 0.00 0.00
0 0 0 0 0 0 0 0 0 0 0 0 0 0 0
1.00 5.01 5.16 4.70 4.38 4.14 3.29 1.55 0.00 0.00 0.00 0.00 0.00 0.00 0.00
0 0 0 0 0 0 0 0 0 0 0 0 0 0 0
1.00 5.01 5.16 4.70 4.38 4.14 3.29 1.55 0.00 0.00 0.00 0.00 0.00 0.00 0.00
0 0 0 0 0 0 0 0 0 0 0 0 0 0 0
1.00 4.54 4.29 3.57 4.04 3.43 2.72 1.38 0.00 0.00 0.00 0.00 0.00 0.00 0.00
0 0 0 0 0 0 0 0 0 0 0 0 0 0 0
1.00 5.30 6.13 6.26 4.71 4.63 4.13 1.86 0.00 0.00 0.00 0.00 0.00 0.00 0.00
0 0 0 0 0 0 0 0 0 0 0 0 0 0 0
1.00 3.44 3.92 4.06 2.56 2.50 2.80 1.14 0.00 0.00 0.00 0.00 0.00 0.00 0.00
0 0 0 0 0 0 0 0 0 0 0 0 0 0 0
1.00 0.91 0.85 0.20 0.33 0.05 -0.02 0.22 0.00 0.00 0.00 0.00 0.00 0.00 0.00
0 0 0 0 0 0 0 0 0 0 0 0 0 0 0
1.00 -2.81 -4.37 -6.23 -2.53 -3.17 -4.27 -1.17 0.00 0.00 0.00 0.00 0.00 0.00 0.00
0 0 0 0 0 0 0 0 0 0 0 0 0 0 0
1.00 -9.19 -12.21 -12.86 -7.12 -8.55 -8.64 -3.45 0.00 0.00 0.00 0.00 0.00 0.00 0.00
0 0 0 0 0 0 0 0 0 0 0 0 0 0 0
1.00 -5.68 -6.52 -6.53 -4.12 -4.32 -4.11 -1.86 0.00 0.00 0.00 0.00 0.00 0.00 0.00
0 0 0 0 0 0 0 0 0 0 0 0 0 0 0
1.00 -5.03 -5.75 -5.73 -3.65 -3.79 -3.58 -1.64 0.00 0.00 0.00 0.00 0.00 0.00 0.00
0 0 0 0 0 0 0 0 0 0 0 0 0 0 0
