1.00 -0.79 0.23 -0.25 0.34 2.33 1.02 0.06 0.00 0.00 0.00 0.00 0.00 0.00 0.00
1.00 1.49 0.98 -0.24 3.14 2.13 -0.04 0.10 0.00 0.00 0.00 0.00 0.00 0.00 0.00
1.00 2.39 1.79 0.85 3.13 2.22 0.61 0.31 0.00 0.00 0.00 0.00 0.00 0.00 0.00
0 0 0 0 0 0 0 0 0 0 0 0 0 0 0
1.00 3.74 3.34 2.43 4.16 3.41 1.46 0.82 0.00 0.00 0.00 0.00 0.00 0.00 0.00
0 0 0 0 0 0 0 0 0 0 0 0 0 0 0
1.00 3.74 3.34 2.43 4.16 3.41 1.46 0.82 0.00 0.00 0.00 0.00 0.00 0.00 0.00
0 0 0 0 0 0 0 0 0 0 0 0 0 0 0
1.00 4.91 3.86 2.94 5.09 3.57 1.58 1.11 0.00 0.00 0.00 0.00 0.00 0.00 0.00
0 0 0 0 0 0 0 0 0 0 0 0 0 0 0
1.00 2.87 2.32 1.70 3.08 2.15 1.14 0.66 0.00 0.00 0.00 0.00 0.00 0.00 0.00
0 0 0 0 0 0 0 0 0 0 0 0 0 0 0
1.00 1.88 1.58 1.38 1.86 1.24 0.82 0.48 0.00 0.00 0.00 0.00 0.00 0.00 0.00
0 0 0 0 0 0 0 0 0 0 0 0 0 0 0
1.00 1.20 0.86 0.89 0.84 0.40 0.27 0.27 0.00 0.00 0.00 0.00 0.00 0.00 0.00
0 0 0 0 0 0 0 0 0 0 0 0 0 0 0
1.00 0.19 -0.08 -0.10 -0.41 -0.74 -0.36 0.13 0.00 0.00 0.00 0.00 0.00 0.00 0.00
0 0 0 0 0 0 0 0 0 0 0 0 0 0 0
1.00 2.92 2.32 1.58 2.70 2.13 0.98 0.64 0.00 0.00 0.00 0.00 0.00 0.00 0.00
0 0 0 0 0 0 0 0 0 0 0 0 0 0 0
1.00 1.46 1.07 0.50 1.22 0.53 -0.04 0.25 0.00 0.00 0.00 0.00 0.00 0.00 0.00
0 0 0 0 0 0 0 0 0 0 0 0 0 0 0
1.00 -1.23 -1.39 -1.58 -1.50 -1.58 -0.87 -0.44 0.00 0.00 0.00 0.00 0.00 0.00 0.00
0 0 0 0 0 0 0 0 0 0 0 0 0 0 0
