1.00 -5.02 -5.65 -5.58 -4.07 -4.41 -3.98 -1.57 0.00 0.00 0.00 0.00 0.00 0.00 0.00
1.00 -5.71 -4.59 -2.77 -4.57 -3.85 -2.06 -1.42 0.00 0.00 0.00 0.00 0.00 0.00 0.00
1.00 -0.46 0.80 1.68 -1.25 0.17 1.21 -0.09 0.00 0.00 0.00 0.00 0.00 0.00 0.00
0 0 0 0 0 0 0 0 0 0 0 0 0 0 0
1.00 3.02 3.78 4.01 2.06 3.03 2.82 1.00 0.00 0.00 0.00 0.00 0.00 0.00 0.00
0 0 0 0 0 0 0 0 0 0 0 0 0 0 0
1.00 3.02 3.78 4.01 2.06 3.03 2.82 1.00 0.00 0.00 0.00 0.00 0.00 0.00 0.00
0 0 0 0 0 0 0 0 0 0 0 0 0 0 0
1.00 5.39 5.71 5.64 4.73 4.78 4.04 1.70 0.00 0.00 0.00 0.00 0.00 0.00 0.00
0 0 0 0 0 0 0 0 0 0 0 0 0 0 0
1.00 4.92 5.01 4.73 4.37 4.04 3.37 1.50 0.00 0.00 0.00 0.00 0.00 0.00 0.00
0 0 0 0 0 0 0 0 0 0 0 0 0 0 0
1.00 3.60 3.37 2.97 3.16 2.54 2.04 1.05 0.00 0.00 0.00 0.00 0.00 0.00 0.00
0 0 0 0 0 0 0 0 0 0 0 0 0 0 0
1.00 1.52 0.71 -0.53 1.13 0.37 -0.50 0.24 0.00 0.00 0.00 0.00 0.00 0.00 0.00
0 0 0 0 0 0 0 0 0 0 0 0 0 0 0
1.00 4.47 3.76 1.79 2.98 2.81 1.22 1.18 0.00 0.00 0.00 0.00 0.00 0.00 0.00
0 0 0 0 0 0 0 0 0 0 0 0 0 0 0
1.00 -0.73 -3.59 -5.71 -0.58 -2.05 -3.78 -0.93 0.00 0.00 0.00 0.00 0.00 0.00 0.00
0 0 0 0 0 0 0 0 0 0 0 0 0 0 0
1.00 -0.83 -3.49 -5.43 -0.72 -2.06 -3.62 -0.91 0.00 0.00 0.00 0.00 0.00 0.00 0.00
0 0 0 0 0 0 0 0 0 0 0 0 0 0 0
1.00 -7.37 -7.62 -6.84 -5.31 -5.45 -4.59 -2.20 0.00 0.00 0.00 0.00 0.00 0.00 0.00
0 0 0 0 0 0 0 0 0 0 0 0 0 0 0
