1.00 -1.59 -1.52 -0.64 -2.34 -2.35 -0.77 -0.40 0.00 0.00 0.00 0.00 0.00 0.00 0.00
1.00 -1.67 -1.33 -0.64 -2.25 -1.87 -0.71 -0.32 0.00 0.00 0.00 0.00 0.00 0.00 0.00
1.00 -0.80 -0.19 0.09 -0.97 0.52 0.82 -0.03 0.00 0.00 0.00 0.00 0.00 0.00 0.00
0 0 0 0 0 0 0 0 0 0 0 0 0 0 0
1.00 2.89 2.89 1.20 4.73 4.82 1.54 0.76 0.00 0.00 0.00 0.00 0.00 0.00 0.00
0 0 0 0 0 0 0 0 0 0 0 0 0 0 0
1.00 2.89 2.89 1.20 4.73 4.82 1.54 0.76 0.00 0.00 0.00 0.00 0.00 0.00 0.00
0 0 0 0 0 0 0 0 0 0 0 0 0 0 0
1.00 4.28 3.10 1.38 5.45 3.75 0.92 0.68 0.00 0.00 0.00 0.00 0.00 0.00 0.00
0 0 0 0 0 0 0 0 0 0 0 0 0 0 0
1.00 0.98 1.14 0.86 1.57 1.64 0.59 0.10 0.00 0.00 0.00 0.00 0.00 0.00 0.00
0 0 0 0 0 0 0 0 0 0 0 0 0 0 0
1.00 3.09 2.76 1.93 3.48 2.98 1.29 0.69 0.00 0.00 0.00 0.00 0.00 0.00 0.00
0 0 0 0 0 0 0 0 0 0 0 0 0 0 0
1.00 3.47 2.77 1.99 3.79 2.85 1.30 0.74 0.00 0.00 0.00 0.00 0.00 0.00 0.00
0 0 0 0 0 0 0 0 0 0 0 0 0 0 0
1.00 3.21 2.39 1.94 3.18 2.21 1.01 0.71 0.00 0.00 0.00 0.00 0.00 0.00 0.00
0 0 0 0 0 0 0 0 0 0 0 0 0 0 0
1.00 2.02 1.28 0.88 1.63 0.49 0.20 0.35 0.00 0.00 0.00 0.00 0.00 0.00 0.00
0 0 0 0 0 0 0 0 0 0 0 0 0 0 0
1.00 3.64 2.95 2.04 3.54 2.58 1.12 0.68 0.00 0.00 0.00 0.00 0.00 0.00 0.00
0 0 0 0 0 0 0 0 0 0 0 0 0 0 0
1.00 2.25 1.88 1.33 2.00 1.30 0.78 0.51 0.00 0.00 0.00 0.00 0.00 0.00 0.00
0 0 0 0 0 0 0 0 0 0 0 0 0 0 0
