1.00 -0.74 -0.29 0.04 -1.37 -0.52 0.27 0.02 0.00 0.00 0.00 0.00 0.00 0.00 0.00
1.00 1.15 0.73 0.16 0.55 0.39 0.32 0.27 0.00 0.00 0.00 0.00 0.00 0.00 0.00
1.00 1.96 1.26 0.49 1.50 0.97 0.34 0.34 0.00 0.00 0.00 0.00 0.00 0.00 0.00
0 0 0 0 0 0 0 0 0 0 0 0 0 0 0
1.00 2.25 1.31 0.55 1.87 1.13 0.39 0.34 0.00 0.00 0.00 0.00 0.00 0.00 0.00
0 0 0 0 0 0 0 0 0 0 0 0 0 0 0
1.00 2.25 1.31 0.55 1.87 1.13 0.39 0.34 0.00 0.00 0.00 0.00 0.00 0.00 0.00
0 0 0 0 0 0 0 0 0 0 0 0 0 0 0
1.00 1.77 0.95 0.15 1.55 0.91 0.16 0.27 0.00 0.00 0.00 0.00 0.00 0.00 0.00
0 0 0 0 0 0 0 0 0 0 0 0 0 0 0
1.00 1.11 0.64 0.27 1.04 0.57 0.08 0.15 0.00 0.00 0.00 0.00 0.00 0.00 0.00
0 0 0 0 0 0 0 0 0 0 0 0 0 0 0
1.00 0.43 0.24 0.52 0.41 0.09 0.44 0.07 0.00 0.00 0.00 0.00 0.00 0.00 0.00
0 0 0 0 0 0 0 0 0 0 0 0 0 0 0
1.00 -0.20 0.19 0.75 -0.25 -0.03 0.38 0.06 0.00 0.00 0.00 0.00 0.00 0.00 0.00
0 0 0 0 0 0 0 0 0 0 0 0 0 0 0
1.00 -0.70 -0.27 0.52 -0.70 -0.09 0.19 -0.02 0.00 0.00 0.00 0.00 0.00 0.00 0.00
0 0 0 0 0 0 0 0 0 0 0 0 0 0 0
1.00 -1.22 -0.49 -0.23 -0.92 -0.20 -0.11 -0.09 0.00 0.00 0.00 0.00 0.00 0.00 0.00
0 0 0 0 0 0 0 0 0 0 0 0 0 0 0
1.00 -0.44 -0.16 -0.00 -0.20 -0.03 0.06 0.03 0.00 0.00 0.00 0.00 0.00 0.00 0.00
0 0 0 0 0 0 0 0 0 0 0 0 0 0 0
1.00 -1.03 -0.66 -0.41 -0.54 -0.40 -0.27 -0.11 0.00 0.00 0.00 0.00 0.00 0.00 0.00
0 0 0 0 0 0 0 0 0 0 0 0 0 0 0
