1.00 5.33 6.39 6.48 3.80 4.93 4.60 1.71 0.00 0.00 0.00 0.00 0.00 0.00 0.00
1.00 3.38 3.67 3.52 2.66 3.15 2.50 1.02 0.00 0.00 0.00 0.00 0.00 0.00 0.00
1.00 4.08 4.15 3.86 3.38 3.45 2.77 1.17 0.00 0.00 0.00 0.00 0.00 0.00 0.00
0 0 0 0 0 0 0 0 0 0 0 0 0 0 0
1.00 3.84 3.90 3.51 3.32 3.21 2.49 1.15 0.00 0.00 0.00 0.00 0.00 0.00 0.00
0 0 0 0 0 0 0 0 0 0 0 0 0 0 0
1.00 3.84 3.90 3.51 3.32 3.21 2.49 1.15 0.00 0.00 0.00 0.00 0.00 0.00 0.00
0 0 0 0 0 0 0 0 0 0 0 0 0 0 0
1.00 3.09 2.89 2.67 2.62 2.21 1.88 0.96 0.00 0.00 0.00 0.00 0.00 0.00 0.00
0 0 0 0 0 0 0 0 0 0 0 0 0 0 0
1.00 1.94 1.69 1.50 1.69 1.26 1.05 0.59 0.00 0.00 0.00 0.00 0.00 0.00 0.00
0 0 0 0 0 0 0 0 0 0 0 0 0 0 0
1.00 0.93 0.73 0.55 0.67 0.48 0.39 0.30 0.00 0.00 0.00 0.00 0.00 0.00 0.00
0 0 0 0 0 0 0 0 0 0 0 0 0 0 0
1.00 3.57 4.17 4.55 2.84 2.87 3.05 1.28 0.00 0.00 0.00 0.00 0.00 0.00 0.00
0 0 0 0 0 0 0 0 0 0 0 0 0 0 0
1.00 2.67 3.20 3.46 1.82 1.96 2.14 0.95 0.00 0.00 0.00 0.00 0.00 0.00 0.00
0 0 0 0 0 0 0 0 0 0 0 0 0 0 0
1.00 1.24 1.04 0.27 0.55 0.49 -0.01 0.32 0.00 0.00 0.00 0.00 0.00 0.00 0.00
0 0 0 0 0 0 0 0 0 0 0 0 0 0 0
1.00 -1.94 -4.01 -6.61 -1.67 -2.75 -4.39 -1.16 0.00 0.00 0.00 0.00 0.00 0.00 0.00
0 0 0 0 0 0 0 0 0 0 0 0 0 0 0
1.00 -12.33 -13.19 -12.56 -8.99 -9.38 -8.50 -3.83 0.00 0.00 0.00 0.00 0.00 0.00 0.00
0 0 0 0 0 0 0 0 0 0 0 0 0 0 0
