1.00 -2.78 -3.33 -3.51 -2.02 -2.60 -2.45 -0.80 0.00 0.00 0.00 0.00 0.00 0.00 0.00
1.00 -3.40 -3.99 -3.87 -2.41 -3.10 -2.56 -1.06 0.00 0.00 0.00 0.00 0.00 0.00 0.00
1.00 -3.21 -2.32 -1.34 -2.49 -1.97 -0.96 -0.76 0.00 0.00 0.00 0.00 0.00 0.00 0.00
0 0 0 0 0 0 0 0 0 0 0 0 0 0 0
1.00 1.57 2.60 2.91 0.75 1.79 2.01 0.44 0.00 0.00 0.00 0.00 0.00 0.00 0.00
0 0 0 0 0 0 0 0 0 0 0 0 0 0 0
1.00 1.57 2.60 2.91 0.75 1.79 2.01 0.44 0.00 0.00 0.00 0.00 0.00 0.00 0.00
0 0 0 0 0 0 0 0 0 0 0 0 0 0 0
1.00 5.21 5.55 5.09 3.78 4.37 3.55 1.58 0.00 0.00 0.00 0.00 0.00 0.00 0.00
0 0 0 0 0 0 0 0 0 0 0 0 0 0 0
1.00 6.54 6.52 6.08 5.26 5.22 4.26 1.89 0.00 0.00 0.00 0.00 0.00 0.00 0.00
0 0 0 0 0 0 0 0 0 0 0 0 0 0 0
1.00 3.81 3.97 3.68 3.27 3.33 2.58 1.18 0.00 0.00 0.00 0.00 0.00 0.00 0.00
0 0 0 0 0 0 0 0 0 0 0 0 0 0 0
1.00 3.13 3.13 2.90 2.72 2.41 2.00 0.95 0.00 0.00 0.00 0.00 0.00 0.00 0.00
0 0 0 0 0 0 0 0 0 0 0 0 0 0 0
1.00 2.12 2.05 1.75 1.92 1.42 1.36 0.64 0.00 0.00 0.00 0.00 0.00 0.00 0.00
0 0 0 0 0 0 0 0 0 0 0 0 0 0 0
1.00 1.01 0.59 0.12 0.88 0.43 0.01 0.21 0.00 0.00 0.00 0.00 0.00 0.00 0.00
0 0 0 0 0 0 0 0 0 0 0 0 0 0 0
1.00 5.31 5.67 4.93 3.81 3.97 3.23 1.55 0.00 0.00 0.00 0.00 0.00 0.00 0.00
0 0 0 0 0 0 0 0 0 0 0 0 0 0 0
1.00 2.93 1.54 -1.24 2.09 1.29 -0.80 0.49 0.00 0.00 0.00 0.00 0.00 0.00 0.00
0 0 0 0 0 0 0 0 0 0 0 0 0 0 0
