1.00 -1.66 -1.64 -0.79 -2.46 -2.61 -0.94 -0.45 0.00 0.00 0.00 0.00 0.00 0.00 0.00
1.00 -1.82 -1.64 -0.84 -2.67 -2.54 -0.78 -0.37 0.00 0.00 0.00 0.00 0.00 0.00 0.00
1.00 -0.97 0.03 0.28 -1.28 0.87 0.88 0.09 0.00 0.00 0.00 0.00 0.00 0.00 0.00
0 0 0 0 0 0 0 0 0 0 0 0 0 0 0
1.00 2.82 2.73 1.12 4.82 4.82 1.47 0.64 0.00 0.00 0.00 0.00 0.00 0.00 0.00
0 0 0 0 0 0 0 0 0 0 0 0 0 0 0
1.00 2.82 2.73 1.12 4.82 4.82 1.47 0.64 0.00 0.00 0.00 0.00 0.00 0.00 0.00
0 0 0 0 0 0 0 0 0 0 0 0 0 0 0
1.00 4.51 3.33 1.51 5.95 4.15 1.01 0.69 0.00 0.00 0.00 0.00 0.00 0.00 0.00
0 0 0 0 0 0 0 0 0 0 0 0 0 0 0
1.00 1.28 1.28 0.58 1.58 1.57 0.27 0.08 0.00 0.00 0.00 0.00 0.00 0.00 0.00
0 0 0 0 0 0 0 0 0 0 0 0 0 0 0
1.00 2.94 2.71 2.17 3.39 2.97 1.29 0.70 0.00 0.00 0.00 0.00 0.00 0.00 0.00
0 0 0 0 0 0 0 0 0 0 0 0 0 0 0
1.00 3.68 3.06 2.42 3.95 3.15 1.59 0.92 0.00 0.00 0.00 0.00 0.00 0.00 0.00
0 0 0 0 0 0 0 0 0 0 0 0 0 0 0
1.00 3.25 2.56 2.01 3.43 2.40 1.36 0.85 0.00 0.00 0.00 0.00 0.00 0.00 0.00
0 0 0 0 0 0 0 0 0 0 0 0 0 0 0
1.00 2.25 1.65 1.36 1.94 1.04 0.66 0.56 0.00 0.00 0.00 0.00 0.00 0.00 0.00
0 0 0 0 0 0 0 0 0 0 0 0 0 0 0
1.00 3.26 2.68 2.39 3.05 2.38 1.44 0.78 0.00 0.00 0.00 0.00 0.00 0.00 0.00
0 0 0 0 0 0 0 0 0 0 0 0 0 0 0
1.00 1.95 1.58 1.12 1.60 1.23 0.62 0.43 0.00 0.00 0.00 0.00 0.00 0.00 0.00
0 0 0 0 0 0 0 0 0 0 0 0 0 0 0
