1.00 -0.55 -0.54 -0.47 -1.07 -0.60 -0.23 -0.16 0.00 0.00 0.00 0.00 0.00 0.00 0.00
1.00 -0.89 -0.74 -0.52 -1.35 -0.81 -0.31 -0.22 0.00 0.00 0.00 0.00 0.00 0.00 0.00
1.00 1.73 1.34 0.48 1.68 1.68 0.56 0.35 0.00 0.00 0.00 0.00 0.00 0.00 0.00
0 0 0 0 0 0 0 0 0 0 0 0 0 0 0
1.00 4.76 3.39 1.76 5.29 3.86 1.48 0.93 0.00 0.00 0.00 0.00 0.00 0.00 0.00
0 0 0 0 0 0 0 0 0 0 0 0 0 0 0
1.00 4.76 3.39 1.76 5.29 3.86 1.48 0.93 0.00 0.00 0.00 0.00 0.00 0.00 0.00
0 0 0 0 0 0 0 0 0 0 0 0 0 0 0
1.00 3.69 2.25 0.72 4.15 2.76 0.58 0.55 0.00 0.00 0.00 0.00 0.00 0.00 0.00
0 0 0 0 0 0 0 0 0 0 0 0 0 0 0
1.00 2.57 1.46 0.82 2.72 1.60 0.61 0.34 0.00 0.00 0.00 0.00 0.00 0.00 0.00
0 0 0 0 0 0 0 0 0 0 0 0 0 0 0
1.00 1.10 1.00 1.13 1.26 0.96 0.97 0.24 0.00 0.00 0.00 0.00 0.00 0.00 0.00
0 0 0 0 0 0 0 0 0 0 0 0 0 0 0
1.00 -0.02 0.64 1.40 0.02 0.34 0.96 0.27 0.00 0.00 0.00 0.00 0.00 0.00 0.00
0 0 0 0 0 0 0 0 0 0 0 0 0 0 0
1.00 -1.08 -0.13 0.66 -1.28 -0.52 0.26 -0.00 0.00 0.00 0.00 0.00 0.00 0.00 0.00
0 0 0 0 0 0 0 0 0 0 0 0 0 0 0
1.00 -2.34 -1.49 -0.69 -2.46 -1.63 -0.61 -0.32 0.00 0.00 0.00 0.00 0.00 0.00 0.00
0 0 0 0 0 0 0 0 0 0 0 0 0 0 0
1.00 -0.37 -0.27 -0.14 -0.62 -0.23 -0.08 -0.04 0.00 0.00 0.00 0.00 0.00 0.00 0.00
0 0 0 0 0 0 0 0 0 0 0 0 0 0 0
1.00 -1.52 -1.24 -1.15 -1.40 -1.13 -1.00 -0.40 0.00 0.00 0.00 0.00 0.00 0.00 0.00
0 0 0 0 0 0 0 0 0 0 0 0 0 0 0
