1.00 1.35 0.92 -0.26 3.15 2.54 0.06 0.05 0.00 0.00 0.00 0.00 0.00 0.00 0.00
1.00 2.75 2.56 1.66 3.54 3.11 1.14 0.49 0.00 0.00 0.00 0.00 0.00 0.00 0.00
1.00 5.03 4.97 4.00 5.80 5.55 2.93 1.38 0.00 0.00 0.00 0.00 0.00 0.00 0.00
0 0 0 0 0 0 0 0 0 0 0 0 0 0 0
1.00 6.76 5.97 4.65 7.69 6.66 3.44 1.87 0.00 0.00 0.00 0.00 0.00 0.00 0.00
0 0 0 0 0 0 0 0 0 0 0 0 0 0 0
1.00 6.76 5.97 4.65 7.69 6.66 3.44 1.87 0.00 0.00 0.00 0.00 0.00 0.00 0.00
0 0 0 0 0 0 0 0 0 0 0 0 0 0 0
1.00 5.00 4.62 3.71 5.89 5.30 2.92 1.41 0.00 0.00 0.00 0.00 0.00 0.00 0.00
0 0 0 0 0 0 0 0 0 0 0 0 0 0 0
1.00 4.68 4.25 3.43 5.17 4.31 2.51 1.38 0.00 0.00 0.00 0.00 0.00 0.00 0.00
0 0 0 0 0 0 0 0 0 0 0 0 0 0 0
1.00 3.77 3.48 2.86 4.11 3.44 2.09 1.14 0.00 0.00 0.00 0.00 0.00 0.00 0.00
0 0 0 0 0 0 0 0 0 0 0 0 0 0 0
1.00 2.79 2.44 1.92 2.67 2.38 1.27 0.69 0.00 0.00 0.00 0.00 0.00 0.00 0.00
0 0 0 0 0 0 0 0 0 0 0 0 0 0 0
1.00 1.46 1.30 1.21 1.27 1.22 0.92 0.44 0.00 0.00 0.00 0.00 0.00 0.00 0.00
0 0 0 0 0 0 0 0 0 0 0 0 0 0 0
1.00 -0.04 -0.17 -0.01 -0.19 -0.20 0.02 0.02 0.00 0.00 0.00 0.00 0.00 0.00 0.00
0 0 0 0 0 0 0 0 0 0 0 0 0 0 0
1.00 -2.38 -2.36 -2.08 -2.66 -2.57 -1.63 -0.63 0.00 0.00 0.00 0.00 0.00 0.00 0.00
0 0 0 0 0 0 0 0 0 0 0 0 0 0 0
1.00 -5.76 -5.58 -4.48 -6.30 -6.06 -3.31 -1.65 0.00 0.00 0.00 0.00 0.00 0.00 0.00
0 0 0 0 0 0 0 0 0 0 0 0 0 0 0
