1.00 3.18 2.21 0.37 4.33 3.68 0.67 0.35 0.00 0.00 0.00 0.00 0.00 0.00 0.00
1.00 1.77 1.22 0.18 2.27 1.56 0.26 0.16 0.00 0.00 0.00 0.00 0.00 0.00 0.00
1.00 1.37 0.98 0.19 1.77 1.21 0.25 0.12 0.00 0.00 0.00 0.00 0.00 0.00 0.00
0 0 0 0 0 0 0 0 0 0 0 0 0 0 0
1.00 1.11 0.63 -0.03 1.30 0.98 -0.09 0.12 0.00 0.00 0.00 0.00 0.00 0.00 0.00
0 0 0 0 0 0 0 0 0 0 0 0 0 0 0
1.00 1.11 0.63 -0.03 1.30 0.98 -0.09 0.12 0.00 0.00 0.00 0.00 0.00 0.00 0.00
0 0 0 0 0 0 0 0 0 0 0 0 0 0 0
1.00 0.97 0.56 -0.02 1.09 0.74 -0.06 0.11 0.00 0.00 0.00 0.00 0.00 0.00 0.00
0 0 0 0 0 0 0 0 0 0 0 0 0 0 0
1.00 0.41 -0.13 -0.21 0.44 -0.12 -0.35 -0.01 0.00 0.00 0.00 0.00 0.00 0.00 0.00
0 0 0 0 0 0 0 0 0 0 0 0 0 0 0
1.00 -0.58 -0.72 -0.55 -0.81 -1.10 -0.58 -0.21 0.00 0.00 0.00 0.00 0.00 0.00 0.00
0 0 0 0 0 0 0 0 0 0 0 0 0 0 0
1.00 -0.02 -0.42 -0.88 -0.22 -0.67 -0.77 -0.23 0.00 0.00 0.00 0.00 0.00 0.00 0.00
0 0 0 0 0 0 0 0 0 0 0 0 0 0 0
1.00 -0.90 -0.88 -0.30 -1.27 -1.17 -0.18 -0.26 0.00 0.00 0.00 0.00 0.00 0.00 0.00
0 0 0 0 0 0 0 0 0 0 0 0 0 0 0
1.00 -1.34 -0.47 0.37 -1.09 -0.47 0.40 -0.00 0.00 0.00 0.00 0.00 0.00 0.00 0.00
0 0 0 0 0 0 0 0 0 0 0 0 0 0 0
1.00 -2.13 -1.31 0.42 -2.56 -1.83 0.18 -0.05 0.00 0.00 0.00 0.00 0.00 0.00 0.00
0 0 0 0 0 0 0 0 0 0 0 0 0 0 0
1.00 -1.15 -0.58 0.06 -1.14 -0.81 0.19 -0.05 0.00 0.00 0.00 0.00 0.00 0.00 0.00
0 0 0 0 0 0 0 0 0 0 0 0 0 0 0
