1.00 -2.56 -2.38 -1.66 -2.64 -2.61 -1.17 -0.61 0.00 0.00 0.00 0.00 0.00 0.00 0.00
1.00 -3.09 -3.17 -2.30 -3.57 -3.31 -1.59 -0.82 0.00 0.00 0.00 0.00 0.00 0.00 0.00
1.00 -2.96 -2.00 -0.81 -3.55 -2.21 -0.59 -0.53 0.00 0.00 0.00 0.00 0.00 0.00 0.00
0 0 0 0 0 0 0 0 0 0 0 0 0 0 0
1.00 0.68 1.48 1.09 0.15 1.28 0.91 0.27 0.00 0.00 0.00 0.00 0.00 0.00 0.00
0 0 0 0 0 0 0 0 0 0 0 0 0 0 0
1.00 0.68 1.48 1.09 0.15 1.28 0.91 0.27 0.00 0.00 0.00 0.00 0.00 0.00 0.00
0 0 0 0 0 0 0 0 0 0 0 0 0 0 0
1.00 3.64 3.13 1.92 3.73 3.15 1.70 0.88 0.00 0.00 0.00 0.00 0.00 0.00 0.00
0 0 0 0 0 0 0 0 0 0 0 0 0 0 0
1.00 4.20 3.12 1.86 4.70 3.49 1.45 0.92 0.00 0.00 0.00 0.00 0.00 0.00 0.00
0 0 0 0 0 0 0 0 0 0 0 0 0 0 0
1.00 3.48 2.31 1.44 3.81 2.44 1.02 0.69 0.00 0.00 0.00 0.00 0.00 0.00 0.00
0 0 0 0 0 0 0 0 0 0 0 0 0 0 0
1.00 2.45 1.63 1.06 2.64 1.66 0.68 0.48 0.00 0.00 0.00 0.00 0.00 0.00 0.00
0 0 0 0 0 0 0 0 0 0 0 0 0 0 0
1.00 0.71 0.53 0.73 0.68 0.56 0.35 0.15 0.00 0.00 0.00 0.00 0.00 0.00 0.00
0 0 0 0 0 0 0 0 0 0 0 0 0 0 0
1.00 -0.98 -0.54 0.14 -1.01 -0.75 -0.06 -0.16 0.00 0.00 0.00 0.00 0.00 0.00 0.00
0 0 0 0 0 0 0 0 0 0 0 0 0 0 0
1.00 -2.52 -1.87 -1.11 -2.80 -2.06 -0.87 -0.50 0.00 0.00 0.00 0.00 0.00 0.00 0.00
0 0 0 0 0 0 0 0 0 0 0 0 0 0 0
1.00 -0.02 -0.00 0.04 -0.40 -0.30 0.16 0.10 0.00 0.00 0.00 0.00 0.00 0.00 0.00
0 0 0 0 0 0 0 0 0 0 0 0 0 0 0
