1.00 -1.78 -1.61 -0.98 -1.35 -1.60 -0.68 -0.51 0.00 0.00 0.00 0.00 0.00 0.00 0.00
1.00 6.50 7.71 7.82 4.36 5.62 5.36 1.96 0.00 0.00 0.00 0.00 0.00 0.00 0.00
1.00 3.84 4.42 4.22 2.68 3.39 2.93 1.19 0.00 0.00 0.00 0.00 0.00 0.00 0.00
0 0 0 0 0 0 0 0 0 0 0 0 0 0 0
1.00 4.41 4.64 4.30 3.45 3.72 3.08 1.27 0.00 0.00 0.00 0.00 0.00 0.00 0.00
0 0 0 0 0 0 0 0 0 0 0 0 0 0 0
1.00 4.41 4.64 4.30 3.45 3.72 3.08 1.27 0.00 0.00 0.00 0.00 0.00 0.00 0.00
0 0 0 0 0 0 0 0 0 0 0 0 0 0 0
1.00 4.10 4.08 3.90 3.48 3.58 2.82 1.27 0.00 0.00 0.00 0.00 0.00 0.00 0.00
0 0 0 0 0 0 0 0 0 0 0 0 0 0 0
1.00 3.16 3.09 2.82 2.77 2.39 1.95 0.95 0.00 0.00 0.00 0.00 0.00 0.00 0.00
0 0 0 0 0 0 0 0 0 0 0 0 0 0 0
1.00 1.75 1.32 0.94 1.38 0.93 0.53 0.46 0.00 0.00 0.00 0.00 0.00 0.00 0.00
0 0 0 0 0 0 0 0 0 0 0 0 0 0 0
1.00 4.76 5.34 5.12 3.23 3.57 3.27 1.59 0.00 0.00 0.00 0.00 0.00 0.00 0.00
0 0 0 0 0 0 0 0 0 0 0 0 0 0 0
1.00 2.83 2.46 0.84 1.74 1.65 0.44 0.66 0.00 0.00 0.00 0.00 0.00 0.00 0.00
0 0 0 0 0 0 0 0 0 0 0 0 0 0 0
1.00 -1.27 -3.32 -5.69 -1.15 -2.22 -3.54 -0.92 0.00 0.00 0.00 0.00 0.00 0.00 0.00
0 0 0 0 0 0 0 0 0 0 0 0 0 0 0
1.00 -7.11 -8.72 -8.24 -5.03 -6.15 -5.45 -2.35 0.00 0.00 0.00 0.00 0.00 0.00 0.00
0 0 0 0 0 0 0 0 0 0 0 0 0 0 0
1.00 -9.68 -9.38 -8.27 -6.99 -6.91 -5.57 -2.73 0.00 0.00 0.00 0.00 0.00 0.00 0.00
0 0 0 0 0 0 0 0 0 0 0 0 0 0 0
