1.00 -4.53 -4.82 -4.61 -3.67 -4.15 -3.37 -1.38 0.00 0.00 0.00 0.00 0.00 0.00 0.00
1.00 -3.91 -2.94 -1.77 -3.60 -2.88 -1.39 -1.03 0.00 0.00 0.00 0.00 0.00 0.00 0.00
1.00 0.92 2.07 2.53 0.01 1.36 1.86 0.35 0.00 0.00 0.00 0.00 0.00 0.00 0.00
0 0 0 0 0 0 0 0 0 0 0 0 0 0 0
1.00 4.45 4.66 4.39 3.49 3.98 3.20 1.33 0.00 0.00 0.00 0.00 0.00 0.00 0.00
0 0 0 0 0 0 0 0 0 0 0 0 0 0 0
1.00 4.45 4.66 4.39 3.49 3.98 3.20 1.33 0.00 0.00 0.00 0.00 0.00 0.00 0.00
0 0 0 0 0 0 0 0 0 0 0 0 0 0 0
1.00 5.59 5.33 4.88 4.91 4.68 3.54 1.65 0.00 0.00 0.00 0.00 0.00 0.00 0.00
0 0 0 0 0 0 0 0 0 0 0 0 0 0 0
1.00 5.62 5.32 4.87 5.17 4.69 3.47 1.72 0.00 0.00 0.00 0.00 0.00 0.00 0.00
0 0 0 0 0 0 0 0 0 0 0 0 0 0 0
1.00 3.47 3.48 3.42 3.33 3.09 2.45 1.10 0.00 0.00 0.00 0.00 0.00 0.00 0.00
0 0 0 0 0 0 0 0 0 0 0 0 0 0 0
1.00 2.61 2.67 2.32 2.45 2.27 1.80 0.86 0.00 0.00 0.00 0.00 0.00 0.00 0.00
0 0 0 0 0 0 0 0 0 0 0 0 0 0 0
1.00 1.46 1.49 1.24 1.47 1.31 1.03 0.51 0.00 0.00 0.00 0.00 0.00 0.00 0.00
0 0 0 0 0 0 0 0 0 0 0 0 0 0 0
1.00 0.22 0.13 -0.11 0.19 0.06 -0.18 -0.00 0.00 0.00 0.00 0.00 0.00 0.00 0.00
0 0 0 0 0 0 0 0 0 0 0 0 0 0 0
1.00 -1.66 -2.15 -2.79 -1.72 -2.34 -2.15 -0.65 0.00 0.00 0.00 0.00 0.00 0.00 0.00
0 0 0 0 0 0 0 0 0 0 0 0 0 0 0
1.00 0.19 -1.70 -4.36 -0.53 -1.54 -2.89 -0.51 0.00 0.00 0.00 0.00 0.00 0.00 0.00
0 0 0 0 0 0 0 0 0 0 0 0 0 0 0
