1.00 -0.68 -0.73 -0.49 -1.19 -0.98 -0.31 -0.16 0.00 0.00 0.00 0.00 0.00 0.00 0.00
1.00 0.97 0.71 0.19 0.56 0.68 0.13 0.23 0.00 0.00 0.00 0.00 0.00 0.00 0.00
1.00 2.20 1.33 0.44 1.93 1.17 0.32 0.32 0.00 0.00 0.00 0.00 0.00 0.00 0.00
0 0 0 0 0 0 0 0 0 0 0 0 0 0 0
1.00 2.19 1.42 0.82 2.03 1.30 0.70 0.32 0.00 0.00 0.00 0.00 0.00 0.00 0.00
0 0 0 0 0 0 0 0 0 0 0 0 0 0 0
1.00 2.19 1.42 0.82 2.03 1.30 0.70 0.32 0.00 0.00 0.00 0.00 0.00 0.00 0.00
0 0 0 0 0 0 0 0 0 0 0 0 0 0 0
1.00 0.41 -0.18 -0.27 0.33 -0.25 -0.28 -0.15 0.00 0.00 0.00 0.00 0.00 0.00 0.00
0 0 0 0 0 0 0 0 0 0 0 0 0 0 0
1.00 0.68 1.06 1.44 0.79 1.23 0.99 0.22 0.00 0.00 0.00 0.00 0.00 0.00 0.00
0 0 0 0 0 0 0 0 0 0 0 0 0 0 0
1.00 1.26 1.84 2.31 1.38 1.77 1.70 0.57 0.00 0.00 0.00 0.00 0.00 0.00 0.00
0 0 0 0 0 0 0 0 0 0 0 0 0 0 0
1.00 1.11 1.98 2.43 1.01 1.69 1.78 0.69 0.00 0.00 0.00 0.00 0.00 0.00 0.00
0 0 0 0 0 0 0 0 0 0 0 0 0 0 0
1.00 2.67 3.33 2.86 2.25 2.93 2.24 1.03 0.00 0.00 0.00 0.00 0.00 0.00 0.00
0 0 0 0 0 0 0 0 0 0 0 0 0 0 0
1.00 1.33 0.80 -0.14 1.40 1.27 -0.05 0.31 0.00 0.00 0.00 0.00 0.00 0.00 0.00
0 0 0 0 0 0 0 0 0 0 0 0 0 0 0
1.00 -1.39 -1.89 -1.85 -0.89 -1.29 -1.32 -0.50 0.00 0.00 0.00 0.00 0.00 0.00 0.00
0 0 0 0 0 0 0 0 0 0 0 0 0 0 0
1.00 -3.15 -2.79 -2.14 -2.45 -2.26 -1.64 -0.78 0.00 0.00 0.00 0.00 0.00 0.00 0.00
0 0 0 0 0 0 0 0 0 0 0 0 0 0 0
