1.00 -3.06 -2.43 -1.58 -2.88 -2.16 -1.20 -0.83 0.00 0.00 0.00 0.00 0.00 0.00 0.00
1.00 1.13 2.05 2.68 0.47 1.39 1.99 0.35 0.00 0.00 0.00 0.00 0.00 0.00 0.00
1.00 5.04 5.42 5.07 4.22 4.58 3.77 1.55 0.00 0.00 0.00 0.00 0.00 0.00 0.00
0 0 0 0 0 0 0 0 0 0 0 0 0 0 0
1.00 6.44 6.41 5.90 5.67 5.28 4.06 1.89 0.00 0.00 0.00 0.00 0.00 0.00 0.00
0 0 0 0 0 0 0 0 0 0 0 0 0 0 0
1.00 6.44 6.41 5.90 5.67 5.28 4.06 1.89 0.00 0.00 0.00 0.00 0.00 0.00 0.00
0 0 0 0 0 0 0 0 0 0 0 0 0 0 0
1.00 4.04 4.25 4.25 3.66 3.64 3.06 1.23 0.00 0.00 0.00 0.00 0.00 0.00 0.00
0 0 0 0 0 0 0 0 0 0 0 0 0 0 0
1.00 3.04 3.24 3.36 2.83 2.83 2.42 0.93 0.00 0.00 0.00 0.00 0.00 0.00 0.00
0 0 0 0 0 0 0 0 0 0 0 0 0 0 0
1.00 2.63 2.86 3.09 2.40 2.27 2.13 0.85 0.00 0.00 0.00 0.00 0.00 0.00 0.00
0 0 0 0 0 0 0 0 0 0 0 0 0 0 0
1.00 1.86 2.28 2.64 1.60 1.71 1.75 0.70 0.00 0.00 0.00 0.00 0.00 0.00 0.00
0 0 0 0 0 0 0 0 0 0 0 0 0 0 0
1.00 0.99 1.42 1.70 0.80 0.86 1.17 0.43 0.00 0.00 0.00 0.00 0.00 0.00 0.00
0 0 0 0 0 0 0 0 0 0 0 0 0 0 0
1.00 -0.20 -0.41 -0.72 -0.21 -0.46 -0.67 -0.04 0.00 0.00 0.00 0.00 0.00 0.00 0.00
0 0 0 0 0 0 0 0 0 0 0 0 0 0 0
1.00 -2.70 -4.15 -5.86 -2.43 -3.17 -3.90 -1.12 0.00 0.00 0.00 0.00 0.00 0.00 0.00
0 0 0 0 0 0 0 0 0 0 0 0 0 0 0
1.00 -0.63 -3.17 -5.86 -0.48 -1.99 -3.72 -0.88 0.00 0.00 0.00 0.00 0.00 0.00 0.00
0 0 0 0 0 0 0 0 0 0 0 0 0 0 0
