1.00 1.35 1.11 1.00 0.57 0.57 0.84 0.28 0.00 0.00 0.00 0.00 0.00 0.00 0.00
1.00 2.59 2.50 1.86 1.89 1.87 1.39 0.71 0.00 0.00 0.00 0.00 0.00 0.00 0.00
1.00 2.16 1.76 1.08 1.48 1.56 0.72 0.50 0.00 0.00 0.00 0.00 0.00 0.00 0.00
0 0 0 0 0 0 0 0 0 0 0 0 0 0 0
1.00 2.45 1.75 0.66 2.19 1.58 0.40 0.38 0.00 0.00 0.00 0.00 0.00 0.00 0.00
0 0 0 0 0 0 0 0 0 0 0 0 0 0 0
1.00 2.45 1.75 0.66 2.19 1.58 0.40 0.38 0.00 0.00 0.00 0.00 0.00 0.00 0.00
0 0 0 0 0 0 0 0 0 0 0 0 0 0 0
1.00 1.99 1.36 0.70 2.01 1.47 0.46 0.37 0.00 0.00 0.00 0.00 0.00 0.00 0.00
0 0 0 0 0 0 0 0 0 0 0 0 0 0 0
1.00 1.32 0.99 0.98 1.28 0.86 0.75 0.31 0.00 0.00 0.00 0.00 0.00 0.00 0.00
0 0 0 0 0 0 0 0 0 0 0 0 0 0 0
1.00 1.09 0.93 1.24 0.99 0.70 0.82 0.28 0.00 0.00 0.00 0.00 0.00 0.00 0.00
0 0 0 0 0 0 0 0 0 0 0 0 0 0 0
1.00 0.66 0.56 0.93 0.67 0.41 0.58 0.17 0.00 0.00 0.00 0.00 0.00 0.00 0.00
0 0 0 0 0 0 0 0 0 0 0 0 0 0 0
1.00 -0.10 0.30 1.09 -0.31 -0.07 0.63 0.08 0.00 0.00 0.00 0.00 0.00 0.00 0.00
0 0 0 0 0 0 0 0 0 0 0 0 0 0 0
1.00 -0.81 -0.21 0.14 -1.01 -0.42 0.17 -0.04 0.00 0.00 0.00 0.00 0.00 0.00 0.00
0 0 0 0 0 0 0 0 0 0 0 0 0 0 0
1.00 -2.31 -2.27 -2.56 -1.75 -1.48 -1.66 -0.60 0.00 0.00 0.00 0.00 0.00 0.00 0.00
0 0 0 0 0 0 0 0 0 0 0 0 0 0 0
1.00 -2.56 -2.47 -1.99 -1.88 -1.71 -1.35 -0.68 0.00 0.00 0.00 0.00 0.00 0.00 0.00
0 0 0 0 0 0 0 0 0 0 0 0 0 0 0
