1.00 -1.92 -2.43 -2.26 -1.59 -2.12 -1.56 -0.67 0.00 0.00 0.00 0.00 0.00 0.00 0.00
1.00 -0.10 1.06 2.23 -0.31 0.71 1.68 0.17 0.00 0.00 0.00 0.00 0.00 0.00 0.00
1.00 6.24 7.38 7.16 5.20 6.39 5.30 2.02 0.00 0.00 0.00 0.00 0.00 0.00 0.00
0 0 0 0 0 0 0 0 0 0 0 0 0 0 0
1.00 3.92 4.21 3.86 4.00 4.25 2.93 1.28 0.00 0.00 0.00 0.00 0.00 0.00 0.00
0 0 0 0 0 0 0 0 0 0 0 0 0 0 0
1.00 3.92 4.21 3.86 4.00 4.25 2.93 1.28 0.00 0.00 0.00 0.00 0.00 0.00 0.00
0 0 0 0 0 0 0 0 0 0 0 0 0 0 0
1.00 4.26 4.47 4.17 4.24 4.21 2.99 1.31 0.00 0.00 0.00 0.00 0.00 0.00 0.00
0 0 0 0 0 0 0 0 0 0 0 0 0 0 0
1.00 3.93 4.03 3.71 3.67 3.60 2.71 1.24 0.00 0.00 0.00 0.00 0.00 0.00 0.00
0 0 0 0 0 0 0 0 0 0 0 0 0 0 0
1.00 3.03 3.06 2.81 2.61 2.31 2.00 0.93 0.00 0.00 0.00 0.00 0.00 0.00 0.00
0 0 0 0 0 0 0 0 0 0 0 0 0 0 0
1.00 1.87 1.73 1.46 1.45 1.03 0.94 0.57 0.00 0.00 0.00 0.00 0.00 0.00 0.00
0 0 0 0 0 0 0 0 0 0 0 0 0 0 0
1.00 0.27 -0.02 -0.21 -0.20 -0.57 -0.40 0.03 0.00 0.00 0.00 0.00 0.00 0.00 0.00
0 0 0 0 0 0 0 0 0 0 0 0 0 0 0
1.00 1.74 2.41 2.97 0.95 1.31 1.88 0.67 0.00 0.00 0.00 0.00 0.00 0.00 0.00
0 0 0 0 0 0 0 0 0 0 0 0 0 0 0
1.00 0.21 0.53 0.48 -0.32 -0.25 0.06 0.10 0.00 0.00 0.00 0.00 0.00 0.00 0.00
0 0 0 0 0 0 0 0 0 0 0 0 0 0 0
1.00 -2.43 -3.38 -4.64 -2.23 -2.69 -3.02 -0.96 0.00 0.00 0.00 0.00 0.00 0.00 0.00
0 0 0 0 0 0 0 0 0 0 0 0 0 0 0
