1.00 -2.08 -1.55 -0.35 -1.42 -1.27 -0.33 -0.40 0.00 0.00 0.00 0.00 0.00 0.00 0.00
1.00 2.11 3.00 3.54 0.51 1.32 2.31 0.55 0.00 0.00 0.00 0.00 0.00 0.00 0.00
1.00 1.64 2.40 2.90 0.27 0.97 1.88 0.41 0.00 0.00 0.00 0.00 0.00 0.00 0.00
0 0 0 0 0 0 0 0 0 0 0 0 0 0 0
1.00 5.73 6.05 5.21 4.22 4.38 3.67 1.58 0.00 0.00 0.00 0.00 0.00 0.00 0.00
0 0 0 0 0 0 0 0 0 0 0 0 0 0 0
1.00 5.73 6.05 5.21 4.22 4.38 3.67 1.58 0.00 0.00 0.00 0.00 0.00 0.00 0.00
0 0 0 0 0 0 0 0 0 0 0 0 0 0 0
1.00 5.78 6.91 7.01 4.57 4.91 4.74 1.76 0.00 0.00 0.00 0.00 0.00 0.00 0.00
0 0 0 0 0 0 0 0 0 0 0 0 0 0 0
1.00 5.62 6.70 6.59 4.51 4.61 4.34 1.75 0.00 0.00 0.00 0.00 0.00 0.00 0.00
0 0 0 0 0 0 0 0 0 0 0 0 0 0 0
1.00 4.72 5.54 5.50 3.80 3.76 3.58 1.51 0.00 0.00 0.00 0.00 0.00 0.00 0.00
0 0 0 0 0 0 0 0 0 0 0 0 0 0 0
1.00 3.12 3.29 2.33 2.48 2.26 1.60 0.90 0.00 0.00 0.00 0.00 0.00 0.00 0.00
0 0 0 0 0 0 0 0 0 0 0 0 0 0 0
1.00 -0.09 -1.97 -4.34 0.09 -0.84 -2.76 -0.38 0.00 0.00 0.00 0.00 0.00 0.00 0.00
0 0 0 0 0 0 0 0 0 0 0 0 0 0 0
1.00 -7.06 -10.09 -10.66 -4.31 -5.93 -6.71 -2.45 0.00 0.00 0.00 0.00 0.00 0.00 0.00
0 0 0 0 0 0 0 0 0 0 0 0 0 0 0
1.00 -4.71 -5.38 -5.26 -2.86 -2.93 -3.15 -1.29 0.00 0.00 0.00 0.00 0.00 0.00 0.00
0 0 0 0 0 0 0 0 0 0 0 0 0 0 0
1.00 -5.08 -5.27 -4.62 -3.16 -3.31 -3.08 -1.38 0.00 0.00 0.00 0.00 0.00 0.00 0.00
0 0 0 0 0 0 0 0 0 0 0 0 0 0 0
