1.00 1.43 0.90 -0.22 3.56 2.61 0.39 0.18 0.00 0.00 0.00 0.00 0.00 0.00 0.00
1.00 1.75 0.98 0.07 2.77 1.85 0.09 0.09 0.00 0.00 0.00 0.00 0.00 0.00 0.00
1.00 2.35 2.17 1.39 2.91 2.37 0.84 0.48 0.00 0.00 0.00 0.00 0.00 0.00 0.00
0 0 0 0 0 0 0 0 0 0 0 0 0 0 0
1.00 3.42 2.95 2.14 3.54 2.90 1.31 0.78 0.00 0.00 0.00 0.00 0.00 0.00 0.00
0 0 0 0 0 0 0 0 0 0 0 0 0 0 0
1.00 3.42 2.95 2.14 3.54 2.90 1.31 0.78 0.00 0.00 0.00 0.00 0.00 0.00 0.00
0 0 0 0 0 0 0 0 0 0 0 0 0 0 0
1.00 3.58 3.03 2.22 3.67 2.57 1.20 0.84 0.00 0.00 0.00 0.00 0.00 0.00 0.00
0 0 0 0 0 0 0 0 0 0 0 0 0 0 0
1.00 3.14 2.92 2.30 3.28 2.83 1.51 0.77 0.00 0.00 0.00 0.00 0.00 0.00 0.00
0 0 0 0 0 0 0 0 0 0 0 0 0 0 0
1.00 2.17 1.94 1.41 2.17 1.64 0.83 0.54 0.00 0.00 0.00 0.00 0.00 0.00 0.00
0 0 0 0 0 0 0 0 0 0 0 0 0 0 0
1.00 0.76 0.62 0.27 0.45 0.03 0.08 0.19 0.00 0.00 0.00 0.00 0.00 0.00 0.00
0 0 0 0 0 0 0 0 0 0 0 0 0 0 0
1.00 -0.82 -1.14 -1.15 -1.47 -1.67 -1.04 -0.37 0.00 0.00 0.00 0.00 0.00 0.00 0.00
0 0 0 0 0 0 0 0 0 0 0 0 0 0 0
1.00 -3.53 -3.84 -2.91 -4.29 -4.34 -2.19 -0.95 0.00 0.00 0.00 0.00 0.00 0.00 0.00
0 0 0 0 0 0 0 0 0 0 0 0 0 0 0
1.00 -0.50 -1.05 -0.91 -0.55 -0.74 -0.61 -0.27 0.00 0.00 0.00 0.00 0.00 0.00 0.00
0 0 0 0 0 0 0 0 0 0 0 0 0 0 0
1.00 -2.60 -2.92 -2.02 -2.28 -2.37 -1.17 -0.68 0.00 0.00 0.00 0.00 0.00 0.00 0.00
0 0 0 0 0 0 0 0 0 0 0 0 0 0 0
