1.00 -1.42 -1.37 -0.96 -1.73 -1.65 -0.73 -0.33 0.00 0.00 0.00 0.00 0.00 0.00 0.00
1.00 -0.48 -0.41 -0.31 -0.87 -0.57 -0.23 -0.15 0.00 0.00 0.00 0.00 0.00 0.00 0.00
1.00 1.31 0.91 0.18 1.04 0.70 0.20 0.19 0.00 0.00 0.00 0.00 0.00 0.00 0.00
0 0 0 0 0 0 0 0 0 0 0 0 0 0 0
1.00 0.98 0.73 0.13 0.81 0.57 0.14 0.14 0.00 0.00 0.00 0.00 0.00 0.00 0.00
0 0 0 0 0 0 0 0 0 0 0 0 0 0 0
1.00 0.98 0.73 0.13 0.81 0.57 0.14 0.14 0.00 0.00 0.00 0.00 0.00 0.00 0.00
0 0 0 0 0 0 0 0 0 0 0 0 0 0 0
1.00 1.78 1.06 0.55 1.61 1.18 0.42 0.29 0.00 0.00 0.00 0.00 0.00 0.00 0.00
0 0 0 0 0 0 0 0 0 0 0 0 0 0 0
1.00 1.48 1.07 0.78 1.35 1.11 0.61 0.27 0.00 0.00 0.00 0.00 0.00 0.00 0.00
0 0 0 0 0 0 0 0 0 0 0 0 0 0 0
1.00 0.96 0.57 0.29 0.97 0.67 0.24 0.18 0.00 0.00 0.00 0.00 0.00 0.00 0.00
0 0 0 0 0 0 0 0 0 0 0 0 0 0 0
1.00 0.46 0.55 1.01 0.61 0.68 0.75 0.22 0.00 0.00 0.00 0.00 0.00 0.00 0.00
0 0 0 0 0 0 0 0 0 0 0 0 0 0 0
1.00 -0.04 0.45 1.30 0.05 0.41 0.84 0.21 0.00 0.00 0.00 0.00 0.00 0.00 0.00
0 0 0 0 0 0 0 0 0 0 0 0 0 0 0
1.00 -1.05 -0.01 0.50 -0.76 0.04 0.37 0.04 0.00 0.00 0.00 0.00 0.00 0.00 0.00
0 0 0 0 0 0 0 0 0 0 0 0 0 0 0
1.00 -0.21 0.17 0.36 -0.14 0.11 0.25 0.11 0.00 0.00 0.00 0.00 0.00 0.00 0.00
0 0 0 0 0 0 0 0 0 0 0 0 0 0 0
1.00 -1.04 -0.61 -0.28 -0.76 -0.39 -0.24 -0.18 0.00 0.00 0.00 0.00 0.00 0.00 0.00
0 0 0 0 0 0 0 0 0 0 0 0 0 0 0
