1.00 -4.46 -5.24 -5.05 -4.02 -4.51 -3.84 -1.48 0.00 0.00 0.00 0.00 0.00 0.00 0.00
1.00 -4.62 -3.96 -2.50 -4.24 -3.38 -1.77 -1.25 0.00 0.00 0.00 0.00 0.00 0.00 0.00
1.00 0.58 1.69 2.24 0.12 1.42 1.77 0.18 0.00 0.00 0.00 0.00 0.00 0.00 0.00
0 0 0 0 0 0 0 0 0 0 0 0 0 0 0
1.00 4.55 5.09 4.55 3.96 4.45 3.39 1.37 0.00 0.00 0.00 0.00 0.00 0.00 0.00
0 0 0 0 0 0 0 0 0 0 0 0 0 0 0
1.00 4.55 5.09 4.55 3.96 4.45 3.39 1.37 0.00 0.00 0.00 0.00 0.00 0.00 0.00
0 0 0 0 0 0 0 0 0 0 0 0 0 0 0
1.00 5.81 5.87 5.28 5.32 5.03 3.81 1.85 0.00 0.00 0.00 0.00 0.00 0.00 0.00
0 0 0 0 0 0 0 0 0 0 0 0 0 0 0
1.00 6.03 6.03 5.35 5.40 5.07 3.94 1.87 0.00 0.00 0.00 0.00 0.00 0.00 0.00
0 0 0 0 0 0 0 0 0 0 0 0 0 0 0
1.00 3.94 4.02 3.95 3.72 3.57 2.86 1.29 0.00 0.00 0.00 0.00 0.00 0.00 0.00
0 0 0 0 0 0 0 0 0 0 0 0 0 0 0
1.00 2.85 3.04 2.99 2.69 2.53 2.09 0.98 0.00 0.00 0.00 0.00 0.00 0.00 0.00
0 0 0 0 0 0 0 0 0 0 0 0 0 0 0
1.00 1.53 1.67 1.66 1.13 0.95 1.08 0.51 0.00 0.00 0.00 0.00 0.00 0.00 0.00
0 0 0 0 0 0 0 0 0 0 0 0 0 0 0
1.00 -0.06 -0.15 -0.51 -0.30 -0.73 -0.44 -0.03 0.00 0.00 0.00 0.00 0.00 0.00 0.00
0 0 0 0 0 0 0 0 0 0 0 0 0 0 0
1.00 -2.23 -3.35 -4.23 -2.32 -3.01 -3.02 -0.91 0.00 0.00 0.00 0.00 0.00 0.00 0.00
0 0 0 0 0 0 0 0 0 0 0 0 0 0 0
1.00 2.68 1.46 -0.77 1.56 1.27 -0.60 0.49 0.00 0.00 0.00 0.00 0.00 0.00 0.00
0 0 0 0 0 0 0 0 0 0 0 0 0 0 0
