1.00 -2.07 -0.78 -0.12 -2.16 0.55 0.90 -0.09 0.00 0.00 0.00 0.00 0.00 0.00 0.00
1.00 1.58 1.45 0.22 3.73 3.12 0.78 0.39 0.00 0.00 0.00 0.00 0.00 0.00 0.00
1.00 2.34 1.59 0.37 3.28 2.15 0.31 0.25 0.00 0.00 0.00 0.00 0.00 0.00 0.00
0 0 0 0 0 0 0 0 0 0 0 0 0 0 0
1.00 3.02 2.42 1.29 3.30 2.45 0.70 0.47 0.00 0.00 0.00 0.00 0.00 0.00 0.00
0 0 0 0 0 0 0 0 0 0 0 0 0 0 0
1.00 3.02 2.42 1.29 3.30 2.45 0.70 0.47 0.00 0.00 0.00 0.00 0.00 0.00 0.00
0 0 0 0 0 0 0 0 0 0 0 0 0 0 0
1.00 4.16 3.44 2.48 4.47 3.45 1.37 0.86 0.00 0.00 0.00 0.00 0.00 0.00 0.00
0 0 0 0 0 0 0 0 0 0 0 0 0 0 0
1.00 2.99 2.62 2.02 3.25 2.95 1.35 0.73 0.00 0.00 0.00 0.00 0.00 0.00 0.00
0 0 0 0 0 0 0 0 0 0 0 0 0 0 0
1.00 2.87 2.49 1.77 3.18 2.61 1.12 0.70 0.00 0.00 0.00 0.00 0.00 0.00 0.00
0 0 0 0 0 0 0 0 0 0 0 0 0 0 0
1.00 1.90 1.50 1.15 1.90 1.36 0.61 0.43 0.00 0.00 0.00 0.00 0.00 0.00 0.00
0 0 0 0 0 0 0 0 0 0 0 0 0 0 0
1.00 0.60 0.25 0.23 0.25 -0.23 -0.00 0.14 0.00 0.00 0.00 0.00 0.00 0.00 0.00
0 0 0 0 0 0 0 0 0 0 0 0 0 0 0
1.00 -1.16 -1.48 -1.22 -1.57 -2.10 -1.13 -0.34 0.00 0.00 0.00 0.00 0.00 0.00 0.00
0 0 0 0 0 0 0 0 0 0 0 0 0 0 0
1.00 1.51 0.77 -0.10 1.08 0.09 -0.36 0.09 0.00 0.00 0.00 0.00 0.00 0.00 0.00
0 0 0 0 0 0 0 0 0 0 0 0 0 0 0
1.00 -1.00 -1.54 -1.40 -1.39 -1.73 -0.90 -0.50 0.00 0.00 0.00 0.00 0.00 0.00 0.00
0 0 0 0 0 0 0 0 0 0 0 0 0 0 0
