1.00 1.49 0.61 -0.36 1.37 0.65 -0.31 0.06 0.00 0.00 0.00 0.00 0.00 0.00 0.00
1.00 1.36 0.37 -0.35 1.07 0.35 -0.27 0.03 0.00 0.00 0.00 0.00 0.00 0.00 0.00
1.00 0.77 0.40 0.36 0.63 0.33 0.23 0.05 0.00 0.00 0.00 0.00 0.00 0.00 0.00
0 0 0 0 0 0 0 0 0 0 0 0 0 0 0
1.00 0.27 0.62 1.06 0.50 0.64 0.90 0.17 0.00 0.00 0.00 0.00 0.00 0.00 0.00
0 0 0 0 0 0 0 0 0 0 0 0 0 0 0
1.00 0.27 0.62 1.06 0.50 0.64 0.90 0.17 0.00 0.00 0.00 0.00 0.00 0.00 0.00
0 0 0 0 0 0 0 0 0 0 0 0 0 0 0
1.00 -0.18 0.84 1.66 0.29 0.94 1.23 0.38 0.00 0.00 0.00 0.00 0.00 0.00 0.00
0 0 0 0 0 0 0 0 0 0 0 0 0 0 0
1.00 0.92 1.39 1.54 0.92 1.46 1.29 0.51 0.00 0.00 0.00 0.00 0.00 0.00 0.00
0 0 0 0 0 0 0 0 0 0 0 0 0 0 0
1.00 0.07 0.48 0.30 0.55 0.67 0.32 0.20 0.00 0.00 0.00 0.00 0.00 0.00 0.00
0 0 0 0 0 0 0 0 0 0 0 0 0 0 0
1.00 -1.24 -0.89 -0.36 -0.77 -0.57 -0.25 -0.16 0.00 0.00 0.00 0.00 0.00 0.00 0.00
0 0 0 0 0 0 0 0 0 0 0 0 0 0 0
1.00 -1.29 -0.97 -0.45 -0.87 -0.68 -0.34 -0.19 0.00 0.00 0.00 0.00 0.00 0.00 0.00
0 0 0 0 0 0 0 0 0 0 0 0 0 0 0
1.00 -2.03 -1.31 -0.59 -1.58 -1.13 -0.62 -0.36 0.00 0.00 0.00 0.00 0.00 0.00 0.00
0 0 0 0 0 0 0 0 0 0 0 0 0 0 0
1.00 -0.78 -0.41 -0.30 -0.60 -0.46 -0.27 -0.14 0.00 0.00 0.00 0.00 0.00 0.00 0.00
0 0 0 0 0 0 0 0 0 0 0 0 0 0 0
1.00 -0.75 -0.52 -0.22 -0.53 -0.43 -0.23 -0.17 0.00 0.00 0.00 0.00 0.00 0.00 0.00
0 0 0 0 0 0 0 0 0 0 0 0 0 0 0
