1.00 -4.69 -4.45 -3.42 -4.12 -4.03 -2.63 -1.40 0.00 0.00 0.00 0.00 0.00 0.00 0.00
1.00 -0.75 0.46 1.39 -1.24 0.17 0.99 -0.15 0.00 0.00 0.00 0.00 0.00 0.00 0.00
1.00 4.13 4.81 4.69 3.29 4.38 3.65 1.41 0.00 0.00 0.00 0.00 0.00 0.00 0.00
0 0 0 0 0 0 0 0 0 0 0 0 0 0 0
1.00 5.95 5.98 5.41 5.37 5.09 3.81 1.73 0.00 0.00 0.00 0.00 0.00 0.00 0.00
0 0 0 0 0 0 0 0 0 0 0 0 0 0 0
1.00 5.95 5.98 5.41 5.37 5.09 3.81 1.73 0.00 0.00 0.00 0.00 0.00 0.00 0.00
0 0 0 0 0 0 0 0 0 0 0 0 0 0 0
1.00 6.06 6.14 5.46 5.22 4.98 3.96 1.87 0.00 0.00 0.00 0.00 0.00 0.00 0.00
0 0 0 0 0 0 0 0 0 0 0 0 0 0 0
1.00 4.10 4.33 4.08 3.73 3.50 2.95 1.29 0.00 0.00 0.00 0.00 0.00 0.00 0.00
0 0 0 0 0 0 0 0 0 0 0 0 0 0 0
1.00 3.04 3.23 3.15 2.51 2.60 2.16 0.98 0.00 0.00 0.00 0.00 0.00 0.00 0.00
0 0 0 0 0 0 0 0 0 0 0 0 0 0 0
1.00 1.69 1.74 1.76 1.34 1.16 1.13 0.50 0.00 0.00 0.00 0.00 0.00 0.00 0.00
0 0 0 0 0 0 0 0 0 0 0 0 0 0 0
1.00 0.02 -0.17 -0.45 -0.12 -0.50 -0.44 0.01 0.00 0.00 0.00 0.00 0.00 0.00 0.00
0 0 0 0 0 0 0 0 0 0 0 0 0 0 0
1.00 -2.41 -3.50 -4.47 -2.25 -2.95 -3.06 -0.95 0.00 0.00 0.00 0.00 0.00 0.00 0.00
0 0 0 0 0 0 0 0 0 0 0 0 0 0 0
1.00 2.32 1.04 -0.86 1.59 0.72 -0.55 0.31 0.00 0.00 0.00 0.00 0.00 0.00 0.00
0 0 0 0 0 0 0 0 0 0 0 0 0 0 0
1.00 -2.11 -4.45 -6.08 -1.54 -2.74 -4.07 -1.19 0.00 0.00 0.00 0.00 0.00 0.00 0.00
0 0 0 0 0 0 0 0 0 0 0 0 0 0 0
