1.00 -1.41 -0.20 0.08 -1.66 -0.01 0.61 -0.01 0.00 0.00 0.00 0.00 0.00 0.00 0.00
1.00 -1.77 -0.43 0.07 -2.14 -0.38 0.57 -0.05 0.00 0.00 0.00 0.00 0.00 0.00 0.00
1.00 1.52 1.53 0.33 2.74 3.06 0.68 0.24 0.00 0.00 0.00 0.00 0.00 0.00 0.00
0 0 0 0 0 0 0 0 0 0 0 0 0 0 0
1.00 2.04 0.99 -0.06 2.85 1.79 0.18 0.11 0.00 0.00 0.00 0.00 0.00 0.00 0.00
0 0 0 0 0 0 0 0 0 0 0 0 0 0 0
1.00 2.04 0.99 -0.06 2.85 1.79 0.18 0.11 0.00 0.00 0.00 0.00 0.00 0.00 0.00
0 0 0 0 0 0 0 0 0 0 0 0 0 0 0
1.00 1.83 0.84 -0.10 2.37 1.29 -0.24 0.13 0.00 0.00 0.00 0.00 0.00 0.00 0.00
0 0 0 0 0 0 0 0 0 0 0 0 0 0 0
1.00 1.81 0.72 -0.08 1.75 0.29 -0.44 0.15 0.00 0.00 0.00 0.00 0.00 0.00 0.00
0 0 0 0 0 0 0 0 0 0 0 0 0 0 0
1.00 1.37 0.42 -0.06 1.17 0.21 -0.24 0.14 0.00 0.00 0.00 0.00 0.00 0.00 0.00
0 0 0 0 0 0 0 0 0 0 0 0 0 0 0
1.00 0.54 0.07 -0.17 -0.02 -0.70 -0.42 -0.07 0.00 0.00 0.00 0.00 0.00 0.00 0.00
0 0 0 0 0 0 0 0 0 0 0 0 0 0 0
1.00 -0.43 -0.58 -0.44 -1.16 -1.52 -0.74 -0.28 0.00 0.00 0.00 0.00 0.00 0.00 0.00
0 0 0 0 0 0 0 0 0 0 0 0 0 0 0
1.00 -1.54 -1.08 0.22 -2.32 -1.76 0.16 -0.18 0.00 0.00 0.00 0.00 0.00 0.00 0.00
0 0 0 0 0 0 0 0 0 0 0 0 0 0 0
1.00 0.69 0.51 0.51 0.45 0.56 0.51 0.11 0.00 0.00 0.00 0.00 0.00 0.00 0.00
0 0 0 0 0 0 0 0 0 0 0 0 0 0 0
1.00 -0.12 -0.33 0.25 0.35 0.07 0.13 0.07 0.00 0.00 0.00 0.00 0.00 0.00 0.00
0 0 0 0 0 0 0 0 0 0 0 0 0 0 0
