1.00 1.62 0.88 0.31 1.52 0.98 0.34 0.23 0.00 0.00 0.00 0.00 0.00 0.00 0.00
1.00 1.54 1.12 1.01 1.52 1.21 0.61 0.32 0.00 0.00 0.00 0.00 0.00 0.00 0.00
1.00 -0.64 -1.21 -1.22 -0.56 -0.92 -0.76 -0.29 0.00 0.00 0.00 0.00 0.00 0.00 0.00
0 0 0 0 0 0 0 0 0 0 0 0 0 0 0
1.00 -0.27 0.48 1.65 0.03 0.69 1.31 0.14 0.00 0.00 0.00 0.00 0.00 0.00 0.00
0 0 0 0 0 0 0 0 0 0 0 0 0 0 0
1.00 -0.27 0.48 1.65 0.03 0.69 1.31 0.14 0.00 0.00 0.00 0.00 0.00 0.00 0.00
0 0 0 0 0 0 0 0 0 0 0 0 0 0 0
1.00 2.10 3.77 4.29 2.44 3.73 2.95 1.01 0.00 0.00 0.00 0.00 0.00 0.00 0.00
0 0 0 0 0 0 0 0 0 0 0 0 0 0 0
1.00 3.80 4.79 4.40 3.74 4.19 2.85 1.38 0.00 0.00 0.00 0.00 0.00 0.00 0.00
0 0 0 0 0 0 0 0 0 0 0 0 0 0 0
1.00 4.24 5.24 5.15 3.76 4.30 3.48 1.48 0.00 0.00 0.00 0.00 0.00 0.00 0.00
0 0 0 0 0 0 0 0 0 0 0 0 0 0 0
1.00 3.31 3.84 3.25 3.03 3.24 2.12 1.10 0.00 0.00 0.00 0.00 0.00 0.00 0.00
0 0 0 0 0 0 0 0 0 0 0 0 0 0 0
1.00 1.46 1.53 1.01 1.42 1.29 0.65 0.48 0.00 0.00 0.00 0.00 0.00 0.00 0.00
0 0 0 0 0 0 0 0 0 0 0 0 0 0 0
1.00 -0.59 -1.03 -1.43 -0.46 -0.63 -1.08 -0.27 0.00 0.00 0.00 0.00 0.00 0.00 0.00
0 0 0 0 0 0 0 0 0 0 0 0 0 0 0
1.00 -2.91 -3.40 -3.56 -2.22 -2.62 -2.51 -0.94 0.00 0.00 0.00 0.00 0.00 0.00 0.00
0 0 0 0 0 0 0 0 0 0 0 0 0 0 0
1.00 -5.01 -5.24 -4.47 -4.13 -4.25 -3.08 -1.50 0.00 0.00 0.00 0.00 0.00 0.00 0.00
0 0 0 0 0 0 0 0 0 0 0 0 0 0 0
