1.00 3.47 4.64 5.16 2.36 3.34 3.62 1.13 0.00 0.00 0.00 0.00 0.00 0.00 0.00
1.00 1.79 2.65 2.80 0.96 2.04 2.17 0.63 0.00 0.00 0.00 0.00 0.00 0.00 0.00
1.00 3.70 3.93 3.62 3.20 3.28 2.59 1.14 0.00 0.00 0.00 0.00 0.00 0.00 0.00
0 0 0 0 0 0 0 0 0 0 0 0 0 0 0
1.00 4.02 4.17 3.86 3.68 3.53 2.70 1.25 0.00 0.00 0.00 0.00 0.00 0.00 0.00
0 0 0 0 0 0 0 0 0 0 0 0 0 0 0
1.00 4.02 4.17 3.86 3.68 3.53 2.70 1.25 0.00 0.00 0.00 0.00 0.00 0.00 0.00
0 0 0 0 0 0 0 0 0 0 0 0 0 0 0
1.00 3.86 3.83 3.49 3.66 3.26 2.53 1.23 0.00 0.00 0.00 0.00 0.00 0.00 0.00
0 0 0 0 0 0 0 0 0 0 0 0 0 0 0
1.00 3.48 3.35 2.82 3.13 2.96 2.10 1.16 0.00 0.00 0.00 0.00 0.00 0.00 0.00
0 0 0 0 0 0 0 0 0 0 0 0 0 0 0
1.00 2.52 2.56 2.42 2.39 2.17 1.77 0.91 0.00 0.00 0.00 0.00 0.00 0.00 0.00
0 0 0 0 0 0 0 0 0 0 0 0 0 0 0
1.00 1.06 0.92 1.08 0.98 0.73 0.63 0.37 0.00 0.00 0.00 0.00 0.00 0.00 0.00
0 0 0 0 0 0 0 0 0 0 0 0 0 0 0
1.00 -0.57 -0.63 -0.85 -0.62 -0.80 -0.73 -0.19 0.00 0.00 0.00 0.00 0.00 0.00 0.00
0 0 0 0 0 0 0 0 0 0 0 0 0 0 0
1.00 -2.43 -3.31 -4.39 -2.15 -2.67 -3.09 -0.97 0.00 0.00 0.00 0.00 0.00 0.00 0.00
0 0 0 0 0 0 0 0 0 0 0 0 0 0 0
1.00 1.65 0.45 -1.66 1.00 0.42 -1.22 0.19 0.00 0.00 0.00 0.00 0.00 0.00 0.00
0 0 0 0 0 0 0 0 0 0 0 0 0 0 0
1.00 -3.31 -6.15 -7.72 -2.43 -4.06 -5.13 -1.76 0.00 0.00 0.00 0.00 0.00 0.00 0.00
0 0 0 0 0 0 0 0 0 0 0 0 0 0 0
