1.00 -1.18 -0.63 -0.05 -1.84 -0.49 0.37 -0.10 0.00 0.00 0.00 0.00 0.00 0.00 0.00
1.00 -1.48 -0.92 -0.20 -2.29 -0.94 0.20 -0.16 0.00 0.00 0.00 0.00 0.00 0.00 0.00
1.00 2.08 2.48 1.25 3.95 4.31 1.69 0.57 0.00 0.00 0.00 0.00 0.00 0.00 0.00
0 0 0 0 0 0 0 0 0 0 0 0 0 0 0
1.00 4.47 3.45 1.38 6.35 4.40 0.88 0.73 0.00 0.00 0.00 0.00 0.00 0.00 0.00
0 0 0 0 0 0 0 0 0 0 0 0 0 0 0
1.00 4.47 3.45 1.38 6.35 4.40 0.88 0.73 0.00 0.00 0.00 0.00 0.00 0.00 0.00
0 0 0 0 0 0 0 0 0 0 0 0 0 0 0
1.00 2.66 2.17 1.40 3.16 2.50 0.85 0.49 0.00 0.00 0.00 0.00 0.00 0.00 0.00
0 0 0 0 0 0 0 0 0 0 0 0 0 0 0
1.00 3.29 2.70 1.63 3.83 2.83 0.94 0.61 0.00 0.00 0.00 0.00 0.00 0.00 0.00
0 0 0 0 0 0 0 0 0 0 0 0 0 0 0
1.00 3.08 2.77 1.92 3.55 2.64 1.17 0.70 0.00 0.00 0.00 0.00 0.00 0.00 0.00
0 0 0 0 0 0 0 0 0 0 0 0 0 0 0
1.00 2.76 2.13 1.63 2.95 2.09 0.81 0.61 0.00 0.00 0.00 0.00 0.00 0.00 0.00
0 0 0 0 0 0 0 0 0 0 0 0 0 0 0
1.00 1.56 0.92 0.38 1.35 0.46 0.06 0.32 0.00 0.00 0.00 0.00 0.00 0.00 0.00
0 0 0 0 0 0 0 0 0 0 0 0 0 0 0
1.00 4.64 3.56 2.00 4.89 3.31 1.07 0.82 0.00 0.00 0.00 0.00 0.00 0.00 0.00
0 0 0 0 0 0 0 0 0 0 0 0 0 0 0
1.00 2.33 1.36 0.16 2.28 0.82 -0.15 0.23 0.00 0.00 0.00 0.00 0.00 0.00 0.00
0 0 0 0 0 0 0 0 0 0 0 0 0 0 0
1.00 -0.60 -1.03 -0.91 -0.83 -0.97 -0.56 -0.20 0.00 0.00 0.00 0.00 0.00 0.00 0.00
0 0 0 0 0 0 0 0 0 0 0 0 0 0 0
