1.00 -1.45 -2.16 -2.39 -1.32 -1.75 -1.95 -0.60 0.00 0.00 0.00 0.00 0.00 0.00 0.00
1.00 -1.96 -2.38 -2.00 -1.46 -2.23 -1.44 -0.64 0.00 0.00 0.00 0.00 0.00 0.00 0.00
1.00 0.28 1.60 2.32 -0.10 1.33 1.79 0.29 0.00 0.00 0.00 0.00 0.00 0.00 0.00
0 0 0 0 0 0 0 0 0 0 0 0 0 0 0
1.00 6.24 7.24 7.41 5.19 6.11 5.43 2.00 0.00 0.00 0.00 0.00 0.00 0.00 0.00
0 0 0 0 0 0 0 0 0 0 0 0 0 0 0
1.00 6.24 7.24 7.41 5.19 6.11 5.43 2.00 0.00 0.00 0.00 0.00 0.00 0.00 0.00
0 0 0 0 0 0 0 0 0 0 0 0 0 0 0
1.00 4.21 4.52 4.14 3.91 4.04 3.05 1.36 0.00 0.00 0.00 0.00 0.00 0.00 0.00
0 0 0 0 0 0 0 0 0 0 0 0 0 0 0
1.00 4.69 4.67 4.40 4.06 3.99 3.16 1.40 0.00 0.00 0.00 0.00 0.00 0.00 0.00
0 0 0 0 0 0 0 0 0 0 0 0 0 0 0
1.00 4.41 4.58 4.11 3.97 3.74 2.94 1.40 0.00 0.00 0.00 0.00 0.00 0.00 0.00
0 0 0 0 0 0 0 0 0 0 0 0 0 0 0
1.00 3.93 3.86 3.33 3.44 3.01 2.51 1.24 0.00 0.00 0.00 0.00 0.00 0.00 0.00
0 0 0 0 0 0 0 0 0 0 0 0 0 0 0
1.00 4.81 5.84 6.09 4.10 4.38 4.18 1.74 0.00 0.00 0.00 0.00 0.00 0.00 0.00
0 0 0 0 0 0 0 0 0 0 0 0 0 0 0
1.00 3.42 4.23 4.40 2.67 2.84 2.89 1.20 0.00 0.00 0.00 0.00 0.00 0.00 0.00
0 0 0 0 0 0 0 0 0 0 0 0 0 0 0
1.00 1.38 1.29 0.71 0.58 0.48 0.28 0.45 0.00 0.00 0.00 0.00 0.00 0.00 0.00
0 0 0 0 0 0 0 0 0 0 0 0 0 0 0
1.00 -2.51 -4.03 -5.79 -2.30 -2.98 -3.93 -1.09 0.00 0.00 0.00 0.00 0.00 0.00 0.00
0 0 0 0 0 0 0 0 0 0 0 0 0 0 0
