1.00 0.34 1.10 0.81 1.57 3.05 1.65 0.38 0.00 0.00 0.00 0.00 0.00 0.00 0.00
1.00 -0.18 0.67 0.65 0.87 2.48 1.50 0.30 0.00 0.00 0.00 0.00 0.00 0.00 0.00
1.00 1.93 1.55 0.67 3.82 2.74 0.95 0.40 0.00 0.00 0.00 0.00 0.00 0.00 0.00
0 0 0 0 0 0 0 0 0 0 0 0 0 0 0
1.00 1.95 1.14 0.10 2.51 1.27 0.03 0.16 0.00 0.00 0.00 0.00 0.00 0.00 0.00
0 0 0 0 0 0 0 0 0 0 0 0 0 0 0
1.00 1.95 1.14 0.10 2.51 1.27 0.03 0.16 0.00 0.00 0.00 0.00 0.00 0.00 0.00
0 0 0 0 0 0 0 0 0 0 0 0 0 0 0
1.00 1.74 1.11 0.21 1.48 0.58 -0.27 0.08 0.00 0.00 0.00 0.00 0.00 0.00 0.00
0 0 0 0 0 0 0 0 0 0 0 0 0 0 0
1.00 1.82 1.10 0.35 1.18 0.14 -0.48 0.13 0.00 0.00 0.00 0.00 0.00 0.00 0.00
0 0 0 0 0 0 0 0 0 0 0 0 0 0 0
1.00 1.58 1.35 0.69 1.37 0.97 0.03 0.14 0.00 0.00 0.00 0.00 0.00 0.00 0.00
0 0 0 0 0 0 0 0 0 0 0 0 0 0 0
1.00 1.17 0.74 0.31 0.76 0.15 -0.12 0.20 0.00 0.00 0.00 0.00 0.00 0.00 0.00
0 0 0 0 0 0 0 0 0 0 0 0 0 0 0
1.00 -0.05 -0.60 -0.46 -0.67 -1.28 -0.59 -0.13 0.00 0.00 0.00 0.00 0.00 0.00 0.00
0 0 0 0 0 0 0 0 0 0 0 0 0 0 0
1.00 -2.12 -2.16 -0.98 -2.61 -2.59 -0.79 -0.42 0.00 0.00 0.00 0.00 0.00 0.00 0.00
0 0 0 0 0 0 0 0 0 0 0 0 0 0 0
1.00 0.24 -0.22 0.07 0.18 -0.05 0.06 0.04 0.00 0.00 0.00 0.00 0.00 0.00 0.00
0 0 0 0 0 0 0 0 0 0 0 0 0 0 0
1.00 -1.06 -1.23 -0.76 -0.89 -0.86 -0.34 -0.13 0.00 0.00 0.00 0.00 0.00 0.00 0.00
0 0 0 0 0 0 0 0 0 0 0 0 0 0 0
