1.00 2.55 1.77 0.83 2.06 1.74 0.68 0.43 0.00 0.00 0.00 0.00 0.00 0.00 0.00
1.00 2.18 1.47 -0.02 2.08 1.43 0.10 0.26 0.00 0.00 0.00 0.00 0.00 0.00 0.00
1.00 3.13 1.80 0.40 3.22 2.18 0.22 0.42 0.00 0.00 0.00 0.00 0.00 0.00 0.00
0 0 0 0 0 0 0 0 0 0 0 0 0 0 0
1.00 2.91 1.74 0.69 2.99 1.80 0.50 0.39 0.00 0.00 0.00 0.00 0.00 0.00 0.00
0 0 0 0 0 0 0 0 0 0 0 0 0 0 0
1.00 2.91 1.74 0.69 2.99 1.80 0.50 0.39 0.00 0.00 0.00 0.00 0.00 0.00 0.00
0 0 0 0 0 0 0 0 0 0 0 0 0 0 0
1.00 2.06 1.29 0.87 1.95 1.20 0.62 0.38 0.00 0.00 0.00 0.00 0.00 0.00 0.00
0 0 0 0 0 0 0 0 0 0 0 0 0 0 0
1.00 0.86 0.89 1.17 0.98 0.81 0.82 0.33 0.00 0.00 0.00 0.00 0.00 0.00 0.00
0 0 0 0 0 0 0 0 0 0 0 0 0 0 0
1.00 -0.22 0.46 1.15 -0.30 0.22 0.94 0.13 0.00 0.00 0.00 0.00 0.00 0.00 0.00
0 0 0 0 0 0 0 0 0 0 0 0 0 0 0
1.00 -0.98 -0.12 0.75 -1.13 -0.45 0.44 0.03 0.00 0.00 0.00 0.00 0.00 0.00 0.00
0 0 0 0 0 0 0 0 0 0 0 0 0 0 0
1.00 -2.00 -1.24 -0.64 -1.80 -0.85 -0.44 -0.28 0.00 0.00 0.00 0.00 0.00 0.00 0.00
0 0 0 0 0 0 0 0 0 0 0 0 0 0 0
1.00 -0.21 -0.25 -0.38 -0.16 -0.05 -0.13 -0.01 0.00 0.00 0.00 0.00 0.00 0.00 0.00
0 0 0 0 0 0 0 0 0 0 0 0 0 0 0
1.00 -1.58 -1.49 -1.30 -0.99 -1.00 -0.95 -0.39 0.00 0.00 0.00 0.00 0.00 0.00 0.00
0 0 0 0 0 0 0 0 0 0 0 0 0 0 0
1.00 -2.32 -1.83 -1.53 -1.66 -1.57 -1.15 -0.61 0.00 0.00 0.00 0.00 0.00 0.00 0.00
0 0 0 0 0 0 0 0 0 0 0 0 0 0 0
