1.00 2.17 1.91 0.66 4.17 4.26 1.52 0.60 0.00 0.00 0.00 0.00 0.00 0.00 0.00
1.00 2.48 1.77 0.34 4.09 2.73 0.33 0.33 0.00 0.00 0.00 0.00 0.00 0.00 0.00
1.00 1.81 1.21 0.07 3.18 1.98 0.10 0.20 0.00 0.00 0.00 0.00 0.00 0.00 0.00
0 0 0 0 0 0 0 0 0 0 0 0 0 0 0
1.00 1.90 1.27 0.71 1.96 1.16 0.20 0.28 0.00 0.00 0.00 0.00 0.00 0.00 0.00
0 0 0 0 0 0 0 0 0 0 0 0 0 0 0
1.00 1.90 1.27 0.71 1.96 1.16 0.20 0.28 0.00 0.00 0.00 0.00 0.00 0.00 0.00
0 0 0 0 0 0 0 0 0 0 0 0 0 0 0
1.00 2.51 2.09 1.50 2.14 1.64 0.56 0.47 0.00 0.00 0.00 0.00 0.00 0.00 0.00
0 0 0 0 0 0 0 0 0 0 0 0 0 0 0
1.00 1.60 1.52 1.13 1.58 1.31 0.58 0.32 0.00 0.00 0.00 0.00 0.00 0.00 0.00
0 0 0 0 0 0 0 0 0 0 0 0 0 0 0
1.00 1.80 1.56 1.40 1.56 1.28 0.74 0.43 0.00 0.00 0.00 0.00 0.00 0.00 0.00
0 0 0 0 0 0 0 0 0 0 0 0 0 0 0
1.00 1.31 0.98 0.90 0.99 0.48 0.39 0.34 0.00 0.00 0.00 0.00 0.00 0.00 0.00
0 0 0 0 0 0 0 0 0 0 0 0 0 0 0
1.00 -0.05 -0.47 -0.26 -0.73 -1.19 -0.58 -0.12 0.00 0.00 0.00 0.00 0.00 0.00 0.00
0 0 0 0 0 0 0 0 0 0 0 0 0 0 0
1.00 0.87 0.53 0.25 0.76 0.61 0.38 0.20 0.00 0.00 0.00 0.00 0.00 0.00 0.00
0 0 0 0 0 0 0 0 0 0 0 0 0 0 0
1.00 -1.34 -1.62 -1.10 -0.98 -1.25 -0.67 -0.26 0.00 0.00 0.00 0.00 0.00 0.00 0.00
0 0 0 0 0 0 0 0 0 0 0 0 0 0 0
1.00 -3.77 -3.48 -2.25 -4.08 -3.71 -1.57 -0.81 0.00 0.00 0.00 0.00 0.00 0.00 0.00
0 0 0 0 0 0 0 0 0 0 0 0 0 0 0
