1.00 0.82 0.79 0.92 -0.01 0.61 1.22 0.31 0.00 0.00 0.00 0.00 0.00 0.00 0.00
1.00 0.85 0.65 0.83 0.08 0.49 0.73 0.24 0.00 0.00 0.00 0.00 0.00 0.00 0.00
1.00 0.70 0.73 0.28 0.27 0.32 -0.01 0.11 0.00 0.00 0.00 0.00 0.00 0.00 0.00
0 0 0 0 0 0 0 0 0 0 0 0 0 0 0
1.00 0.49 0.59 0.92 -0.50 -0.24 0.60 0.07 0.00 0.00 0.00 0.00 0.00 0.00 0.00
0 0 0 0 0 0 0 0 0 0 0 0 0 0 0
1.00 0.49 0.59 0.92 -0.50 -0.24 0.60 0.07 0.00 0.00 0.00 0.00 0.00 0.00 0.00
0 0 0 0 0 0 0 0 0 0 0 0 0 0 0
1.00 0.47 0.70 0.72 -0.13 0.04 0.32 0.17 0.00 0.00 0.00 0.00 0.00 0.00 0.00
0 0 0 0 0 0 0 0 0 0 0 0 0 0 0
1.00 0.41 0.60 0.44 0.24 0.18 0.34 0.14 0.00 0.00 0.00 0.00 0.00 0.00 0.00
0 0 0 0 0 0 0 0 0 0 0 0 0 0 0
1.00 0.37 0.37 -0.23 0.70 0.58 -0.55 0.05 0.00 0.00 0.00 0.00 0.00 0.00 0.00
0 0 0 0 0 0 0 0 0 0 0 0 0 0 0
1.00 -0.17 -0.47 -1.21 0.90 0.44 -1.15 -0.15 0.00 0.00 0.00 0.00 0.00 0.00 0.00
0 0 0 0 0 0 0 0 0 0 0 0 0 0 0
1.00 -0.76 -1.13 -1.97 0.99 0.21 -1.74 -0.36 0.00 0.00 0.00 0.00 0.00 0.00 0.00
0 0 0 0 0 0 0 0 0 0 0 0 0 0 0
1.00 -0.66 -0.69 -0.87 -0.12 -0.52 -0.76 -0.22 0.00 0.00 0.00 0.00 0.00 0.00 0.00
0 0 0 0 0 0 0 0 0 0 0 0 0 0 0
1.00 -0.57 -0.54 -0.73 0.07 -0.11 -0.73 -0.19 0.00 0.00 0.00 0.00 0.00 0.00 0.00
0 0 0 0 0 0 0 0 0 0 0 0 0 0 0
1.00 -0.19 -0.31 -0.57 0.39 0.17 -0.49 -0.09 0.00 0.00 0.00 0.00 0.00 0.00 0.00
0 0 0 0 0 0 0 0 0 0 0 0 0 0 0
