1.00 -2.51 -1.22 -0.02 -2.81 -1.30 0.02 -0.69 0.00 0.00 0.00 0.00 0.00 0.00 0.00
1.00 2.76 3.59 3.80 1.95 3.08 2.95 0.90 0.00 0.00 0.00 0.00 0.00 0.00 0.00
1.00 5.21 5.18 4.80 4.59 4.50 3.58 1.63 0.00 0.00 0.00 0.00 0.00 0.00 0.00
0 0 0 0 0 0 0 0 0 0 0 0 0 0 0
1.00 5.47 5.54 4.90 4.98 4.70 3.61 1.80 0.00 0.00 0.00 0.00 0.00 0.00 0.00
0 0 0 0 0 0 0 0 0 0 0 0 0 0 0
1.00 5.47 5.54 4.90 4.98 4.70 3.61 1.80 0.00 0.00 0.00 0.00 0.00 0.00 0.00
0 0 0 0 0 0 0 0 0 0 0 0 0 0 0
1.00 5.29 5.06 4.31 4.73 4.22 3.08 1.60 0.00 0.00 0.00 0.00 0.00 0.00 0.00
0 0 0 0 0 0 0 0 0 0 0 0 0 0 0
1.00 4.35 4.64 4.79 3.76 3.78 3.40 1.41 0.00 0.00 0.00 0.00 0.00 0.00 0.00
0 0 0 0 0 0 0 0 0 0 0 0 0 0 0
1.00 3.12 3.44 3.51 2.70 2.50 2.26 1.04 0.00 0.00 0.00 0.00 0.00 0.00 0.00
0 0 0 0 0 0 0 0 0 0 0 0 0 0 0
1.00 2.13 2.49 2.74 1.87 1.72 1.70 0.75 0.00 0.00 0.00 0.00 0.00 0.00 0.00
0 0 0 0 0 0 0 0 0 0 0 0 0 0 0
1.00 -1.43 -2.16 -2.99 -1.58 -2.04 -2.14 -0.63 0.00 0.00 0.00 0.00 0.00 0.00 0.00
0 0 0 0 0 0 0 0 0 0 0 0 0 0 0
1.00 -5.41 -7.25 -8.67 -4.59 -5.43 -5.84 -2.05 0.00 0.00 0.00 0.00 0.00 0.00 0.00
0 0 0 0 0 0 0 0 0 0 0 0 0 0 0
1.00 -1.60 -3.66 -5.35 -1.10 -2.16 -3.44 -0.98 0.00 0.00 0.00 0.00 0.00 0.00 0.00
0 0 0 0 0 0 0 0 0 0 0 0 0 0 0
1.00 -5.28 -6.49 -6.40 -3.79 -4.65 -4.21 -1.88 0.00 0.00 0.00 0.00 0.00 0.00 0.00
0 0 0 0 0 0 0 0 0 0 0 0 0 0 0
