1.00 2.08 2.09 0.96 4.15 4.14 1.83 0.60 0.00 0.00 0.00 0.00 0.00 0.00 0.00
1.00 3.00 1.97 0.57 4.73 3.08 0.67 0.46 0.00 0.00 0.00 0.00 0.00 0.00 0.00
1.00 2.78 1.84 0.70 3.49 2.33 0.36 0.32 0.00 0.00 0.00 0.00 0.00 0.00 0.00
0 0 0 0 0 0 0 0 0 0 0 0 0 0 0
1.00 3.03 2.52 1.38 3.44 2.38 0.75 0.54 0.00 0.00 0.00 0.00 0.00 0.00 0.00
0 0 0 0 0 0 0 0 0 0 0 0 0 0 0
1.00 3.03 2.52 1.38 3.44 2.38 0.75 0.54 0.00 0.00 0.00 0.00 0.00 0.00 0.00
0 0 0 0 0 0 0 0 0 0 0 0 0 0 0
1.00 2.97 2.56 1.67 3.19 2.68 0.90 0.54 0.00 0.00 0.00 0.00 0.00 0.00 0.00
0 0 0 0 0 0 0 0 0 0 0 0 0 0 0
1.00 2.70 2.35 1.58 2.86 2.23 0.82 0.52 0.00 0.00 0.00 0.00 0.00 0.00 0.00
0 0 0 0 0 0 0 0 0 0 0 0 0 0 0
1.00 1.97 1.80 1.29 1.97 1.59 0.63 0.39 0.00 0.00 0.00 0.00 0.00 0.00 0.00
0 0 0 0 0 0 0 0 0 0 0 0 0 0 0
1.00 1.14 0.86 0.63 1.02 0.48 0.08 0.26 0.00 0.00 0.00 0.00 0.00 0.00 0.00
0 0 0 0 0 0 0 0 0 0 0 0 0 0 0
1.00 -0.47 -0.70 -0.63 -0.92 -1.18 -0.65 -0.19 0.00 0.00 0.00 0.00 0.00 0.00 0.00
0 0 0 0 0 0 0 0 0 0 0 0 0 0 0
1.00 -2.93 -3.06 -1.79 -3.69 -3.56 -1.33 -0.65 0.00 0.00 0.00 0.00 0.00 0.00 0.00
0 0 0 0 0 0 0 0 0 0 0 0 0 0 0
1.00 0.07 -0.62 -0.53 0.40 -0.06 -0.08 -0.06 0.00 0.00 0.00 0.00 0.00 0.00 0.00
0 0 0 0 0 0 0 0 0 0 0 0 0 0 0
1.00 -2.32 -2.45 -1.46 -2.39 -2.27 -1.05 -0.47 0.00 0.00 0.00 0.00 0.00 0.00 0.00
0 0 0 0 0 0 0 0 0 0 0 0 0 0 0
