1.00 -0.11 -0.02 0.32 -0.69 -0.20 0.43 0.07 0.00 0.00 0.00 0.00 0.00 0.00 0.00
1.00 1.12 0.79 0.32 0.64 0.71 0.28 0.29 0.00 0.00 0.00 0.00 0.00 0.00 0.00
1.00 1.58 0.74 0.02 1.31 0.66 0.05 0.22 0.00 0.00 0.00 0.00 0.00 0.00 0.00
0 0 0 0 0 0 0 0 0 0 0 0 0 0 0
1.00 1.40 0.68 -0.00 1.25 0.70 0.02 0.18 0.00 0.00 0.00 0.00 0.00 0.00 0.00
0 0 0 0 0 0 0 0 0 0 0 0 0 0 0
1.00 1.40 0.68 -0.00 1.25 0.70 0.02 0.18 0.00 0.00 0.00 0.00 0.00 0.00 0.00
0 0 0 0 0 0 0 0 0 0 0 0 0 0 0
1.00 1.48 0.96 0.29 1.45 0.92 0.19 0.18 0.00 0.00 0.00 0.00 0.00 0.00 0.00
0 0 0 0 0 0 0 0 0 0 0 0 0 0 0
1.00 1.39 0.84 0.12 1.27 0.69 0.13 0.17 0.00 0.00 0.00 0.00 0.00 0.00 0.00
0 0 0 0 0 0 0 0 0 0 0 0 0 0 0
1.00 0.35 0.09 0.36 0.50 0.34 0.17 0.02 0.00 0.00 0.00 0.00 0.00 0.00 0.00
0 0 0 0 0 0 0 0 0 0 0 0 0 0 0
1.00 -0.72 -0.26 0.28 -0.29 -0.17 0.12 -0.05 0.00 0.00 0.00 0.00 0.00 0.00 0.00
0 0 0 0 0 0 0 0 0 0 0 0 0 0 0
1.00 -1.56 -0.64 0.30 -1.22 -0.55 0.06 -0.12 0.00 0.00 0.00 0.00 0.00 0.00 0.00
0 0 0 0 0 0 0 0 0 0 0 0 0 0 0
1.00 0.06 0.45 0.81 -0.22 0.34 0.56 0.17 0.00 0.00 0.00 0.00 0.00 0.00 0.00
0 0 0 0 0 0 0 0 0 0 0 0 0 0 0
1.00 -0.50 -0.24 -0.24 -0.36 0.02 -0.29 -0.02 0.00 0.00 0.00 0.00 0.00 0.00 0.00
0 0 0 0 0 0 0 0 0 0 0 0 0 0 0
1.00 -1.53 -1.31 -1.05 -0.91 -0.77 -0.71 -0.42 0.00 0.00 0.00 0.00 0.00 0.00 0.00
0 0 0 0 0 0 0 0 0 0 0 0 0 0 0
