1.00 0.42 1.51 0.76 1.36 3.36 1.65 0.32 0.00 0.00 0.00 0.00 0.00 0.00 0.00
1.00 -0.24 0.86 0.31 0.44 2.48 1.25 0.15 0.00 0.00 0.00 0.00 0.00 0.00 0.00
1.00 4.13 3.33 1.90 6.28 4.54 1.51 0.78 0.00 0.00 0.00 0.00 0.00 0.00 0.00
0 0 0 0 0 0 0 0 0 0 0 0 0 0 0
1.00 6.63 5.75 4.70 7.95 6.21 2.96 1.52 0.00 0.00 0.00 0.00 0.00 0.00 0.00
0 0 0 0 0 0 0 0 0 0 0 0 0 0 0
1.00 6.63 5.75 4.70 7.95 6.21 2.96 1.52 0.00 0.00 0.00 0.00 0.00 0.00 0.00
0 0 0 0 0 0 0 0 0 0 0 0 0 0 0
1.00 4.26 4.09 3.34 5.37 4.75 2.51 1.23 0.00 0.00 0.00 0.00 0.00 0.00 0.00
0 0 0 0 0 0 0 0 0 0 0 0 0 0 0
1.00 4.70 3.97 2.99 5.65 4.31 2.23 1.28 0.00 0.00 0.00 0.00 0.00 0.00 0.00
0 0 0 0 0 0 0 0 0 0 0 0 0 0 0
1.00 3.63 2.91 2.34 3.84 2.84 1.49 0.99 0.00 0.00 0.00 0.00 0.00 0.00 0.00
0 0 0 0 0 0 0 0 0 0 0 0 0 0 0
1.00 2.32 1.67 1.22 1.97 1.15 0.58 0.57 0.00 0.00 0.00 0.00 0.00 0.00 0.00
0 0 0 0 0 0 0 0 0 0 0 0 0 0 0
1.00 0.37 -0.30 -0.47 -0.33 -1.21 -0.78 -0.11 0.00 0.00 0.00 0.00 0.00 0.00 0.00
0 0 0 0 0 0 0 0 0 0 0 0 0 0 0
1.00 2.25 1.74 1.34 1.90 1.39 0.86 0.52 0.00 0.00 0.00 0.00 0.00 0.00 0.00
0 0 0 0 0 0 0 0 0 0 0 0 0 0 0
1.00 -0.30 -0.57 -0.64 -0.67 -1.05 -0.56 -0.27 0.00 0.00 0.00 0.00 0.00 0.00 0.00
0 0 0 0 0 0 0 0 0 0 0 0 0 0 0
1.00 -3.94 -4.10 -3.70 -4.42 -4.38 -2.87 -1.16 0.00 0.00 0.00 0.00 0.00 0.00 0.00
0 0 0 0 0 0 0 0 0 0 0 0 0 0 0
