1.00 3.27 4.30 4.48 2.58 3.60 3.29 1.07 0.00 0.00 0.00 0.00 0.00 0.00 0.00
1.00 4.94 5.27 5.32 4.37 4.47 3.79 1.54 0.00 0.00 0.00 0.00 0.00 0.00 0.00
1.00 4.90 5.32 4.87 4.33 4.36 3.69 1.59 0.00 0.00 0.00 0.00 0.00 0.00 0.00
0 0 0 0 0 0 0 0 0 0 0 0 0 0 0
1.00 4.50 4.64 4.15 4.11 3.84 3.16 1.49 0.00 0.00 0.00 0.00 0.00 0.00 0.00
0 0 0 0 0 0 0 0 0 0 0 0 0 0 0
1.00 4.50 4.64 4.15 4.11 3.84 3.16 1.49 0.00 0.00 0.00 0.00 0.00 0.00 0.00
0 0 0 0 0 0 0 0 0 0 0 0 0 0 0
1.00 3.47 3.46 2.83 3.02 2.81 2.03 1.05 0.00 0.00 0.00 0.00 0.00 0.00 0.00
0 0 0 0 0 0 0 0 0 0 0 0 0 0 0
1.00 4.86 5.72 5.79 3.94 4.11 3.98 1.73 0.00 0.00 0.00 0.00 0.00 0.00 0.00
0 0 0 0 0 0 0 0 0 0 0 0 0 0 0
1.00 3.28 3.67 3.51 2.38 2.40 2.36 1.13 0.00 0.00 0.00 0.00 0.00 0.00 0.00
0 0 0 0 0 0 0 0 0 0 0 0 0 0 0
1.00 2.76 3.30 3.33 1.89 2.03 2.20 1.01 0.00 0.00 0.00 0.00 0.00 0.00 0.00
0 0 0 0 0 0 0 0 0 0 0 0 0 0 0
1.00 0.15 -0.06 -0.74 -0.30 -0.24 -0.65 0.00 0.00 0.00 0.00 0.00 0.00 0.00 0.00
0 0 0 0 0 0 0 0 0 0 0 0 0 0 0
1.00 -3.94 -5.64 -7.61 -3.22 -4.03 -5.14 -1.65 0.00 0.00 0.00 0.00 0.00 0.00 0.00
0 0 0 0 0 0 0 0 0 0 0 0 0 0 0
1.00 -10.10 -12.32 -11.65 -7.66 -8.90 -8.13 -3.61 0.00 0.00 0.00 0.00 0.00 0.00 0.00
0 0 0 0 0 0 0 0 0 0 0 0 0 0 0
1.00 -6.32 -6.76 -6.21 -4.74 -4.63 -4.27 -1.97 0.00 0.00 0.00 0.00 0.00 0.00 0.00
0 0 0 0 0 0 0 0 0 0 0 0 0 0 0
