1.00 1.44 0.96 -0.02 1.04 1.07 0.04 0.25 0.00 0.00 0.00 0.00 0.00 0.00 0.00
1.00 2.44 1.31 0.02 2.33 1.43 -0.09 0.37 0.00 0.00 0.00 0.00 0.00 0.00 0.00
1.00 1.90 0.87 -0.27 1.97 0.85 -0.04 0.14 0.00 0.00 0.00 0.00 0.00 0.00 0.00
0 0 0 0 0 0 0 0 0 0 0 0 0 0 0
1.00 0.86 0.33 0.08 0.94 0.38 0.13 0.01 0.00 0.00 0.00 0.00 0.00 0.00 0.00
0 0 0 0 0 0 0 0 0 0 0 0 0 0 0
1.00 0.86 0.33 0.08 0.94 0.38 0.13 0.01 0.00 0.00 0.00 0.00 0.00 0.00 0.00
0 0 0 0 0 0 0 0 0 0 0 0 0 0 0
1.00 0.19 0.60 0.95 0.56 0.69 0.69 0.21 0.00 0.00 0.00 0.00 0.00 0.00 0.00
0 0 0 0 0 0 0 0 0 0 0 0 0 0 0
1.00 -0.04 0.65 1.44 0.19 0.69 0.95 0.25 0.00 0.00 0.00 0.00 0.00 0.00 0.00
0 0 0 0 0 0 0 0 0 0 0 0 0 0 0
1.00 0.79 1.10 1.41 0.69 0.91 1.03 0.32 0.00 0.00 0.00 0.00 0.00 0.00 0.00
0 0 0 0 0 0 0 0 0 0 0 0 0 0 0
1.00 0.27 0.76 1.13 -0.01 0.36 0.74 0.28 0.00 0.00 0.00 0.00 0.00 0.00 0.00
0 0 0 0 0 0 0 0 0 0 0 0 0 0 0
1.00 -0.43 0.10 0.36 -0.56 -0.17 0.30 0.01 0.00 0.00 0.00 0.00 0.00 0.00 0.00
0 0 0 0 0 0 0 0 0 0 0 0 0 0 0
1.00 -1.49 -1.26 -0.70 -1.40 -0.99 -0.49 -0.29 0.00 0.00 0.00 0.00 0.00 0.00 0.00
0 0 0 0 0 0 0 0 0 0 0 0 0 0 0
1.00 -2.59 -2.11 -1.55 -2.12 -1.77 -1.16 -0.52 0.00 0.00 0.00 0.00 0.00 0.00 0.00
0 0 0 0 0 0 0 0 0 0 0 0 0 0 0
1.00 -1.20 -1.07 -0.95 -0.85 -0.84 -0.80 -0.27 0.00 0.00 0.00 0.00 0.00 0.00 0.00
0 0 0 0 0 0 0 0 0 0 0 0 0 0 0
