1.00 0.26 1.53 2.30 -1.51 0.21 1.56 0.26 0.00 0.00 0.00 0.00 0.00 0.00 0.00
1.00 3.79 4.08 3.75 2.54 2.89 2.47 1.01 0.00 0.00 0.00 0.00 0.00 0.00 0.00
1.00 4.59 4.90 4.18 3.66 3.82 2.95 1.37 0.00 0.00 0.00 0.00 0.00 0.00 0.00
0 0 0 0 0 0 0 0 0 0 0 0 0 0 0
1.00 4.70 4.50 3.74 4.02 3.60 2.52 1.21 0.00 0.00 0.00 0.00 0.00 0.00 0.00
0 0 0 0 0 0 0 0 0 0 0 0 0 0 0
1.00 4.70 4.50 3.74 4.02 3.60 2.52 1.21 0.00 0.00 0.00 0.00 0.00 0.00 0.00
0 0 0 0 0 0 0 0 0 0 0 0 0 0 0
1.00 3.87 3.66 3.04 3.46 2.65 2.03 1.02 0.00 0.00 0.00 0.00 0.00 0.00 0.00
0 0 0 0 0 0 0 0 0 0 0 0 0 0 0
1.00 4.08 4.99 5.37 3.32 3.26 3.45 1.23 0.00 0.00 0.00 0.00 0.00 0.00 0.00
0 0 0 0 0 0 0 0 0 0 0 0 0 0 0
1.00 3.73 4.67 5.04 2.84 3.00 3.19 1.13 0.00 0.00 0.00 0.00 0.00 0.00 0.00
0 0 0 0 0 0 0 0 0 0 0 0 0 0 0
1.00 2.83 3.69 3.99 2.12 2.37 2.47 0.91 0.00 0.00 0.00 0.00 0.00 0.00 0.00
0 0 0 0 0 0 0 0 0 0 0 0 0 0 0
1.00 1.33 1.52 0.72 0.95 0.70 0.35 0.44 0.00 0.00 0.00 0.00 0.00 0.00 0.00
0 0 0 0 0 0 0 0 0 0 0 0 0 0 0
1.00 -2.18 -4.13 -5.93 -1.71 -2.38 -3.69 -0.85 0.00 0.00 0.00 0.00 0.00 0.00 0.00
0 0 0 0 0 0 0 0 0 0 0 0 0 0 0
1.00 -9.12 -11.97 -12.35 -6.23 -7.35 -7.78 -2.92 0.00 0.00 0.00 0.00 0.00 0.00 0.00
0 0 0 0 0 0 0 0 0 0 0 0 0 0 0
1.00 -6.66 -6.99 -6.29 -4.31 -4.32 -3.96 -1.72 0.00 0.00 0.00 0.00 0.00 0.00 0.00
0 0 0 0 0 0 0 0 0 0 0 0 0 0 0
