1.00 -1.78 -2.36 -2.47 -1.52 -1.82 -1.87 -0.63 0.00 0.00 0.00 0.00 0.00 0.00 0.00
1.00 -2.46 -3.06 -3.25 -1.91 -2.47 -2.28 -0.85 0.00 0.00 0.00 0.00 0.00 0.00 0.00
1.00 -2.97 -3.67 -3.89 -2.35 -2.97 -2.75 -1.02 0.00 0.00 0.00 0.00 0.00 0.00 0.00
0 0 0 0 0 0 0 0 0 0 0 0 0 0 0
1.00 -3.39 -3.60 -3.04 -3.04 -3.23 -2.30 -1.06 0.00 0.00 0.00 0.00 0.00 0.00 0.00
0 0 0 0 0 0 0 0 0 0 0 0 0 0 0
1.00 -3.39 -3.60 -3.04 -3.04 -3.23 -2.30 -1.06 0.00 0.00 0.00 0.00 0.00 0.00 0.00
0 0 0 0 0 0 0 0 0 0 0 0 0 0 0
1.00 -0.72 0.48 1.16 -0.89 0.31 0.77 -0.08 0.00 0.00 0.00 0.00 0.00 0.00 0.00
0 0 0 0 0 0 0 0 0 0 0 0 0 0 0
1.00 4.47 5.31 5.49 3.60 4.45 4.16 1.47 0.00 0.00 0.00 0.00 0.00 0.00 0.00
0 0 0 0 0 0 0 0 0 0 0 0 0 0 0
1.00 7.65 8.18 7.64 6.79 6.83 5.51 2.47 0.00 0.00 0.00 0.00 0.00 0.00 0.00
0 0 0 0 0 0 0 0 0 0 0 0 0 0 0
1.00 4.28 4.44 4.36 3.75 3.82 3.14 1.32 0.00 0.00 0.00 0.00 0.00 0.00 0.00
0 0 0 0 0 0 0 0 0 0 0 0 0 0 0
1.00 4.04 4.12 3.83 3.73 3.65 2.85 1.32 0.00 0.00 0.00 0.00 0.00 0.00 0.00
0 0 0 0 0 0 0 0 0 0 0 0 0 0 0
1.00 3.58 3.54 3.06 3.32 2.91 2.32 1.14 0.00 0.00 0.00 0.00 0.00 0.00 0.00
0 0 0 0 0 0 0 0 0 0 0 0 0 0 0
1.00 2.11 1.75 0.81 1.75 1.15 0.67 0.65 0.00 0.00 0.00 0.00 0.00 0.00 0.00
0 0 0 0 0 0 0 0 0 0 0 0 0 0 0
1.00 5.79 6.14 5.04 4.21 4.11 3.50 1.93 0.00 0.00 0.00 0.00 0.00 0.00 0.00
0 0 0 0 0 0 0 0 0 0 0 0 0 0 0
