1.00 2.37 1.61 0.51 1.80 1.41 0.50 0.45 0.00 0.00 0.00 0.00 0.00 0.00 0.00
1.00 1.83 1.24 0.34 1.47 1.10 0.21 0.34 0.00 0.00 0.00 0.00 0.00 0.00 0.00
1.00 2.09 1.24 0.39 1.92 1.16 0.17 0.26 0.00 0.00 0.00 0.00 0.00 0.00 0.00
0 0 0 0 0 0 0 0 0 0 0 0 0 0 0
1.00 1.78 0.98 0.51 1.65 0.90 0.40 0.26 0.00 0.00 0.00 0.00 0.00 0.00 0.00
0 0 0 0 0 0 0 0 0 0 0 0 0 0 0
1.00 1.78 0.98 0.51 1.65 0.90 0.40 0.26 0.00 0.00 0.00 0.00 0.00 0.00 0.00
0 0 0 0 0 0 0 0 0 0 0 0 0 0 0
1.00 1.23 0.65 0.55 1.01 0.68 0.43 0.18 0.00 0.00 0.00 0.00 0.00 0.00 0.00
0 0 0 0 0 0 0 0 0 0 0 0 0 0 0
1.00 0.40 0.41 0.65 0.36 0.36 0.63 0.10 0.00 0.00 0.00 0.00 0.00 0.00 0.00
0 0 0 0 0 0 0 0 0 0 0 0 0 0 0
1.00 -0.08 0.23 0.62 -0.19 0.19 0.49 0.10 0.00 0.00 0.00 0.00 0.00 0.00 0.00
0 0 0 0 0 0 0 0 0 0 0 0 0 0 0
1.00 -0.55 -0.02 0.57 -0.60 -0.07 0.38 0.06 0.00 0.00 0.00 0.00 0.00 0.00 0.00
0 0 0 0 0 0 0 0 0 0 0 0 0 0 0
1.00 -1.14 -0.48 -0.03 -0.92 -0.46 -0.02 -0.17 0.00 0.00 0.00 0.00 0.00 0.00 0.00
0 0 0 0 0 0 0 0 0 0 0 0 0 0 0
1.00 -1.73 -1.25 -0.94 -1.11 -0.76 -0.75 -0.34 0.00 0.00 0.00 0.00 0.00 0.00 0.00
0 0 0 0 0 0 0 0 0 0 0 0 0 0 0
1.00 -0.58 -0.46 -0.36 -0.29 -0.14 -0.17 -0.10 0.00 0.00 0.00 0.00 0.00 0.00 0.00
0 0 0 0 0 0 0 0 0 0 0 0 0 0 0
1.00 -1.13 -0.95 -0.68 -0.77 -0.54 -0.54 -0.25 0.00 0.00 0.00 0.00 0.00 0.00 0.00
0 0 0 0 0 0 0 0 0 0 0 0 0 0 0
