1.00 -4.77 -5.45 -5.22 -4.07 -4.58 -3.91 -1.60 0.00 0.00 0.00 0.00 0.00 0.00 0.00
1.00 -5.30 -4.65 -3.31 -4.76 -3.99 -2.28 -1.47 0.00 0.00 0.00 0.00 0.00 0.00 0.00
1.00 -0.43 0.92 1.82 -0.70 0.72 1.35 -0.07 0.00 0.00 0.00 0.00 0.00 0.00 0.00
0 0 0 0 0 0 0 0 0 0 0 0 0 0 0
1.00 3.69 4.33 4.04 3.21 3.84 3.02 1.23 0.00 0.00 0.00 0.00 0.00 0.00 0.00
0 0 0 0 0 0 0 0 0 0 0 0 0 0 0
1.00 3.69 4.33 4.04 3.21 3.84 3.02 1.23 0.00 0.00 0.00 0.00 0.00 0.00 0.00
0 0 0 0 0 0 0 0 0 0 0 0 0 0 0
1.00 4.78 4.90 4.41 4.28 4.27 3.29 1.51 0.00 0.00 0.00 0.00 0.00 0.00 0.00
0 0 0 0 0 0 0 0 0 0 0 0 0 0 0
1.00 5.17 5.10 4.58 4.56 4.11 3.26 1.60 0.00 0.00 0.00 0.00 0.00 0.00 0.00
0 0 0 0 0 0 0 0 0 0 0 0 0 0 0
1.00 4.10 3.92 3.44 3.63 3.13 2.43 1.26 0.00 0.00 0.00 0.00 0.00 0.00 0.00
0 0 0 0 0 0 0 0 0 0 0 0 0 0 0
1.00 5.24 6.15 6.38 4.23 4.51 4.26 1.81 0.00 0.00 0.00 0.00 0.00 0.00 0.00
0 0 0 0 0 0 0 0 0 0 0 0 0 0 0
1.00 4.25 5.19 5.54 3.12 3.42 3.80 1.49 0.00 0.00 0.00 0.00 0.00 0.00 0.00
0 0 0 0 0 0 0 0 0 0 0 0 0 0 0
1.00 2.92 3.45 3.04 1.74 1.96 1.98 1.05 0.00 0.00 0.00 0.00 0.00 0.00 0.00
0 0 0 0 0 0 0 0 0 0 0 0 0 0 0
1.00 0.42 -0.12 -1.58 -0.09 -0.18 -0.97 0.03 0.00 0.00 0.00 0.00 0.00 0.00 0.00
0 0 0 0 0 0 0 0 0 0 0 0 0 0 0
1.00 -3.88 -6.44 -8.17 -2.96 -4.04 -5.46 -1.73 0.00 0.00 0.00 0.00 0.00 0.00 0.00
0 0 0 0 0 0 0 0 0 0 0 0 0 0 0
