1.00 2.64 4.27 4.79 1.97 3.29 3.35 0.91 0.00 0.00 0.00 0.00 0.00 0.00 0.00
1.00 1.59 2.59 3.12 0.89 2.16 2.44 0.54 0.00 0.00 0.00 0.00 0.00 0.00 0.00
1.00 4.13 4.44 4.37 3.37 3.80 2.99 1.23 0.00 0.00 0.00 0.00 0.00 0.00 0.00
0 0 0 0 0 0 0 0 0 0 0 0 0 0 0
1.00 4.57 4.66 4.30 4.04 3.88 3.21 1.44 0.00 0.00 0.00 0.00 0.00 0.00 0.00
0 0 0 0 0 0 0 0 0 0 0 0 0 0 0
1.00 4.57 4.66 4.30 4.04 3.88 3.21 1.44 0.00 0.00 0.00 0.00 0.00 0.00 0.00
0 0 0 0 0 0 0 0 0 0 0 0 0 0 0
1.00 4.26 4.26 3.72 4.06 3.63 2.69 1.38 0.00 0.00 0.00 0.00 0.00 0.00 0.00
0 0 0 0 0 0 0 0 0 0 0 0 0 0 0
1.00 3.33 3.03 2.48 3.06 2.48 1.81 0.99 0.00 0.00 0.00 0.00 0.00 0.00 0.00
0 0 0 0 0 0 0 0 0 0 0 0 0 0 0
1.00 2.33 2.55 2.73 2.16 2.04 1.91 0.82 0.00 0.00 0.00 0.00 0.00 0.00 0.00
0 0 0 0 0 0 0 0 0 0 0 0 0 0 0
1.00 0.91 1.20 1.49 0.48 0.52 0.95 0.31 0.00 0.00 0.00 0.00 0.00 0.00 0.00
0 0 0 0 0 0 0 0 0 0 0 0 0 0 0
1.00 -0.60 -0.60 -0.84 -0.79 -0.82 -0.61 -0.15 0.00 0.00 0.00 0.00 0.00 0.00 0.00
0 0 0 0 0 0 0 0 0 0 0 0 0 0 0
1.00 -2.98 -4.89 -7.06 -2.51 -3.60 -5.06 -1.39 0.00 0.00 0.00 0.00 0.00 0.00 0.00
0 0 0 0 0 0 0 0 0 0 0 0 0 0 0
1.00 -0.06 -3.09 -5.30 0.10 -2.10 -3.73 -0.89 0.00 0.00 0.00 0.00 0.00 0.00 0.00
0 0 0 0 0 0 0 0 0 0 0 0 0 0 0
1.00 -5.02 -6.19 -6.23 -4.09 -4.42 -4.08 -1.80 0.00 0.00 0.00 0.00 0.00 0.00 0.00
0 0 0 0 0 0 0 0 0 0 0 0 0 0 0
