1.00 2.42 1.99 0.09 3.71 4.17 0.69 0.35 0.00 0.00 0.00 0.00 0.00 0.00 0.00
1.00 1.44 0.47 -0.93 2.99 1.38 -0.73 -0.07 0.00 0.00 0.00 0.00 0.00 0.00 0.00
1.00 0.73 0.34 -0.62 0.93 0.46 -0.64 -0.13 0.00 0.00 0.00 0.00 0.00 0.00 0.00
0 0 0 0 0 0 0 0 0 0 0 0 0 0 0
1.00 1.13 0.63 0.18 0.98 0.57 0.04 0.13 0.00 0.00 0.00 0.00 0.00 0.00 0.00
0 0 0 0 0 0 0 0 0 0 0 0 0 0 0
1.00 1.13 0.63 0.18 0.98 0.57 0.04 0.13 0.00 0.00 0.00 0.00 0.00 0.00 0.00
0 0 0 0 0 0 0 0 0 0 0 0 0 0 0
1.00 1.21 0.64 0.33 0.90 0.21 0.02 0.22 0.00 0.00 0.00 0.00 0.00 0.00 0.00
0 0 0 0 0 0 0 0 0 0 0 0 0 0 0
1.00 1.01 0.42 0.59 0.19 -0.31 0.17 0.08 0.00 0.00 0.00 0.00 0.00 0.00 0.00
0 0 0 0 0 0 0 0 0 0 0 0 0 0 0
1.00 0.67 0.32 0.07 -0.17 -0.52 -0.13 -0.03 0.00 0.00 0.00 0.00 0.00 0.00 0.00
0 0 0 0 0 0 0 0 0 0 0 0 0 0 0
1.00 0.46 0.40 0.50 -0.15 -0.03 0.29 0.04 0.00 0.00 0.00 0.00 0.00 0.00 0.00
0 0 0 0 0 0 0 0 0 0 0 0 0 0 0
1.00 -0.12 0.35 0.93 -0.14 0.47 0.88 0.10 0.00 0.00 0.00 0.00 0.00 0.00 0.00
0 0 0 0 0 0 0 0 0 0 0 0 0 0 0
1.00 -0.95 -0.54 0.50 -0.31 0.07 0.64 0.05 0.00 0.00 0.00 0.00 0.00 0.00 0.00
0 0 0 0 0 0 0 0 0 0 0 0 0 0 0
1.00 0.31 -0.02 0.43 0.73 0.56 0.46 0.15 0.00 0.00 0.00 0.00 0.00 0.00 0.00
0 0 0 0 0 0 0 0 0 0 0 0 0 0 0
1.00 -0.63 -0.38 0.11 -0.18 0.08 0.37 0.02 0.00 0.00 0.00 0.00 0.00 0.00 0.00
0 0 0 0 0 0 0 0 0 0 0 0 0 0 0
