1.00 -4.19 -4.71 -4.22 -3.63 -3.96 -3.04 -1.33 0.00 0.00 0.00 0.00 0.00 0.00 0.00
1.00 -2.54 -1.22 -0.21 -2.52 -1.19 -0.12 -0.57 0.00 0.00 0.00 0.00 0.00 0.00 0.00
1.00 2.93 3.78 3.94 2.30 3.05 2.92 0.90 0.00 0.00 0.00 0.00 0.00 0.00 0.00
0 0 0 0 0 0 0 0 0 0 0 0 0 0 0
1.00 5.86 6.06 5.59 5.19 5.11 4.11 1.81 0.00 0.00 0.00 0.00 0.00 0.00 0.00
0 0 0 0 0 0 0 0 0 0 0 0 0 0 0
1.00 5.86 6.06 5.59 5.19 5.11 4.11 1.81 0.00 0.00 0.00 0.00 0.00 0.00 0.00
0 0 0 0 0 0 0 0 0 0 0 0 0 0 0
1.00 6.57 6.63 6.10 5.86 5.62 4.45 2.10 0.00 0.00 0.00 0.00 0.00 0.00 0.00
0 0 0 0 0 0 0 0 0 0 0 0 0 0 0
1.00 4.72 5.22 5.30 4.27 4.50 3.71 1.67 0.00 0.00 0.00 0.00 0.00 0.00 0.00
0 0 0 0 0 0 0 0 0 0 0 0 0 0 0
1.00 3.99 4.29 4.40 3.62 3.46 3.19 1.35 0.00 0.00 0.00 0.00 0.00 0.00 0.00
0 0 0 0 0 0 0 0 0 0 0 0 0 0 0
1.00 2.59 2.84 2.99 2.07 2.02 2.06 0.87 0.00 0.00 0.00 0.00 0.00 0.00 0.00
0 0 0 0 0 0 0 0 0 0 0 0 0 0 0
1.00 1.03 1.15 1.28 0.64 0.56 0.83 0.39 0.00 0.00 0.00 0.00 0.00 0.00 0.00
0 0 0 0 0 0 0 0 0 0 0 0 0 0 0
1.00 -0.77 -1.10 -1.73 -0.91 -1.15 -1.37 -0.30 0.00 0.00 0.00 0.00 0.00 0.00 0.00
0 0 0 0 0 0 0 0 0 0 0 0 0 0 0
1.00 -3.67 -5.56 -7.25 -2.92 -3.92 -4.93 -1.63 0.00 0.00 0.00 0.00 0.00 0.00 0.00
0 0 0 0 0 0 0 0 0 0 0 0 0 0 0
1.00 -0.54 -2.84 -5.19 -0.07 -1.58 -3.34 -0.77 0.00 0.00 0.00 0.00 0.00 0.00 0.00
0 0 0 0 0 0 0 0 0 0 0 0 0 0 0
