1.00 -1.26 -0.14 0.11 -1.15 1.29 0.85 0.03 0.00 0.00 0.00 0.00 0.00 0.00 0.00
1.00 1.62 1.19 0.03 3.50 2.67 0.52 0.24 0.00 0.00 0.00 0.00 0.00 0.00 0.00
1.00 1.88 1.32 0.30 2.69 1.93 0.25 0.15 0.00 0.00 0.00 0.00 0.00 0.00 0.00
0 0 0 0 0 0 0 0 0 0 0 0 0 0 0
1.00 2.67 2.28 1.24 3.05 2.37 0.75 0.44 0.00 0.00 0.00 0.00 0.00 0.00 0.00
0 0 0 0 0 0 0 0 0 0 0 0 0 0 0
1.00 2.67 2.28 1.24 3.05 2.37 0.75 0.44 0.00 0.00 0.00 0.00 0.00 0.00 0.00
0 0 0 0 0 0 0 0 0 0 0 0 0 0 0
1.00 3.47 2.70 1.51 3.80 2.64 0.83 0.65 0.00 0.00 0.00 0.00 0.00 0.00 0.00
0 0 0 0 0 0 0 0 0 0 0 0 0 0 0
1.00 2.66 2.25 1.33 2.95 2.46 0.77 0.62 0.00 0.00 0.00 0.00 0.00 0.00 0.00
0 0 0 0 0 0 0 0 0 0 0 0 0 0 0
1.00 2.06 1.69 1.17 2.04 1.55 0.72 0.43 0.00 0.00 0.00 0.00 0.00 0.00 0.00
0 0 0 0 0 0 0 0 0 0 0 0 0 0 0
1.00 1.12 0.83 0.24 1.04 0.40 -0.12 0.17 0.00 0.00 0.00 0.00 0.00 0.00 0.00
0 0 0 0 0 0 0 0 0 0 0 0 0 0 0
1.00 -0.41 -0.53 -0.52 -0.63 -0.98 -0.56 -0.20 0.00 0.00 0.00 0.00 0.00 0.00 0.00
0 0 0 0 0 0 0 0 0 0 0 0 0 0 0
1.00 -2.20 -2.48 -1.56 -2.77 -2.96 -1.26 -0.55 0.00 0.00 0.00 0.00 0.00 0.00 0.00
0 0 0 0 0 0 0 0 0 0 0 0 0 0 0
1.00 0.30 -0.24 -0.10 0.03 -0.28 0.04 -0.08 0.00 0.00 0.00 0.00 0.00 0.00 0.00
0 0 0 0 0 0 0 0 0 0 0 0 0 0 0
1.00 -1.03 -1.23 -0.70 -0.98 -0.94 -0.37 -0.20 0.00 0.00 0.00 0.00 0.00 0.00 0.00
0 0 0 0 0 0 0 0 0 0 0 0 0 0 0
