1.00 2.28 1.55 0.54 1.80 1.50 0.65 0.43 0.00 0.00 0.00 0.00 0.00 0.00 0.00
1.00 2.13 1.46 0.37 1.72 1.49 0.37 0.44 0.00 0.00 0.00 0.00 0.00 0.00 0.00
1.00 2.36 1.43 0.69 2.27 1.35 0.50 0.39 0.00 0.00 0.00 0.00 0.00 0.00 0.00
0 0 0 0 0 0 0 0 0 0 0 0 0 0 0
1.00 1.28 1.02 1.01 1.24 0.98 0.71 0.24 0.00 0.00 0.00 0.00 0.00 0.00 0.00
0 0 0 0 0 0 0 0 0 0 0 0 0 0 0
1.00 1.28 1.02 1.01 1.24 0.98 0.71 0.24 0.00 0.00 0.00 0.00 0.00 0.00 0.00
0 0 0 0 0 0 0 0 0 0 0 0 0 0 0
1.00 1.07 0.85 0.85 1.07 0.84 0.56 0.18 0.00 0.00 0.00 0.00 0.00 0.00 0.00
0 0 0 0 0 0 0 0 0 0 0 0 0 0 0
1.00 0.88 0.83 1.15 0.77 0.83 0.86 0.25 0.00 0.00 0.00 0.00 0.00 0.00 0.00
0 0 0 0 0 0 0 0 0 0 0 0 0 0 0
1.00 0.23 0.44 0.83 0.03 0.38 0.69 0.17 0.00 0.00 0.00 0.00 0.00 0.00 0.00
0 0 0 0 0 0 0 0 0 0 0 0 0 0 0
1.00 -0.03 0.21 0.62 -0.17 0.18 0.51 0.09 0.00 0.00 0.00 0.00 0.00 0.00 0.00
0 0 0 0 0 0 0 0 0 0 0 0 0 0 0
1.00 -0.88 -0.26 0.18 -0.72 -0.33 0.11 0.01 0.00 0.00 0.00 0.00 0.00 0.00 0.00
0 0 0 0 0 0 0 0 0 0 0 0 0 0 0
1.00 -1.70 -1.24 -1.10 -1.31 -0.97 -0.84 -0.29 0.00 0.00 0.00 0.00 0.00 0.00 0.00
0 0 0 0 0 0 0 0 0 0 0 0 0 0 0
1.00 -0.87 -1.03 -0.96 -0.57 -0.68 -0.68 -0.28 0.00 0.00 0.00 0.00 0.00 0.00 0.00
0 0 0 0 0 0 0 0 0 0 0 0 0 0 0
1.00 -1.81 -1.45 -1.12 -1.21 -1.15 -0.89 -0.44 0.00 0.00 0.00 0.00 0.00 0.00 0.00
0 0 0 0 0 0 0 0 0 0 0 0 0 0 0
