1.00 -0.76 0.11 0.96 -1.65 -0.64 1.23 0.03 0.00 0.00 0.00 0.00 0.00 0.00 0.00
1.00 0.69 0.78 1.14 -0.27 0.31 1.33 0.30 0.00 0.00 0.00 0.00 0.00 0.00 0.00
1.00 0.78 0.82 0.95 -0.09 0.52 0.91 0.22 0.00 0.00 0.00 0.00 0.00 0.00 0.00
0 0 0 0 0 0 0 0 0 0 0 0 0 0 0
1.00 0.63 0.67 0.45 -0.01 0.45 0.14 0.15 0.00 0.00 0.00 0.00 0.00 0.00 0.00
0 0 0 0 0 0 0 0 0 0 0 0 0 0 0
1.00 0.63 0.67 0.45 -0.01 0.45 0.14 0.15 0.00 0.00 0.00 0.00 0.00 0.00 0.00
0 0 0 0 0 0 0 0 0 0 0 0 0 0 0
1.00 0.22 0.33 0.83 -0.68 -0.34 0.54 0.06 0.00 0.00 0.00 0.00 0.00 0.00 0.00
0 0 0 0 0 0 0 0 0 0 0 0 0 0 0
1.00 0.11 0.32 0.43 -0.51 -0.22 0.07 0.00 0.00 0.00 0.00 0.00 0.00 0.00 0.00
0 0 0 0 0 0 0 0 0 0 0 0 0 0 0
1.00 0.04 0.36 0.27 -0.03 0.16 0.01 0.03 0.00 0.00 0.00 0.00 0.00 0.00 0.00
0 0 0 0 0 0 0 0 0 0 0 0 0 0 0
1.00 0.24 0.29 -0.12 0.45 0.42 -0.27 0.03 0.00 0.00 0.00 0.00 0.00 0.00 0.00
0 0 0 0 0 0 0 0 0 0 0 0 0 0 0
1.00 0.23 -0.13 -1.07 1.09 0.55 -1.03 -0.13 0.00 0.00 0.00 0.00 0.00 0.00 0.00
0 0 0 0 0 0 0 0 0 0 0 0 0 0 0
1.00 -0.36 -0.87 -1.75 1.31 0.37 -1.35 -0.31 0.00 0.00 0.00 0.00 0.00 0.00 0.00
0 0 0 0 0 0 0 0 0 0 0 0 0 0 0
1.00 -0.33 -0.65 -0.91 0.17 -0.23 -0.72 -0.20 0.00 0.00 0.00 0.00 0.00 0.00 0.00
0 0 0 0 0 0 0 0 0 0 0 0 0 0 0
1.00 -0.52 -0.53 -0.92 0.29 -0.15 -0.73 -0.23 0.00 0.00 0.00 0.00 0.00 0.00 0.00
0 0 0 0 0 0 0 0 0 0 0 0 0 0 0
