1.00 -1.19 -0.90 -0.68 -0.51 -0.50 -0.55 -0.20 0.00 0.00 0.00 0.00 0.00 0.00 0.00
1.00 -0.58 -0.37 -0.22 -0.10 -0.08 -0.20 -0.03 0.00 0.00 0.00 0.00 0.00 0.00 0.00
1.00 -0.80 -0.68 -0.61 -0.42 -0.32 -0.44 -0.11 0.00 0.00 0.00 0.00 0.00 0.00 0.00
0 0 0 0 0 0 0 0 0 0 0 0 0 0 0
1.00 -1.12 -0.96 -0.64 -0.92 -0.78 -0.53 -0.33 0.00 0.00 0.00 0.00 0.00 0.00 0.00
0 0 0 0 0 0 0 0 0 0 0 0 0 0 0
1.00 -1.12 -0.96 -0.64 -0.92 -0.78 -0.53 -0.33 0.00 0.00 0.00 0.00 0.00 0.00 0.00
0 0 0 0 0 0 0 0 0 0 0 0 0 0 0
1.00 -1.13 -0.81 -0.67 -0.93 -0.67 -0.59 -0.25 0.00 0.00 0.00 0.00 0.00 0.00 0.00
0 0 0 0 0 0 0 0 0 0 0 0 0 0 0
1.00 -1.07 -0.84 -0.67 -0.92 -0.89 -0.68 -0.30 0.00 0.00 0.00 0.00 0.00 0.00 0.00
0 0 0 0 0 0 0 0 0 0 0 0 0 0 0
1.00 -0.47 -0.41 -0.22 -0.53 -0.23 -0.25 -0.11 0.00 0.00 0.00 0.00 0.00 0.00 0.00
0 0 0 0 0 0 0 0 0 0 0 0 0 0 0
1.00 -0.48 -0.31 -0.37 -0.40 -0.44 -0.36 -0.07 0.00 0.00 0.00 0.00 0.00 0.00 0.00
0 0 0 0 0 0 0 0 0 0 0 0 0 0 0
1.00 -0.34 -0.30 -0.17 -0.36 -0.32 -0.18 -0.13 0.00 0.00 0.00 0.00 0.00 0.00 0.00
0 0 0 0 0 0 0 0 0 0 0 0 0 0 0
1.00 -0.13 -0.21 -0.18 -0.21 -0.33 -0.16 -0.13 0.00 0.00 0.00 0.00 0.00 0.00 0.00
0 0 0 0 0 0 0 0 0 0 0 0 0 0 0
1.00 -0.04 -0.06 -0.17 -0.19 -0.22 -0.11 -0.02 0.00 0.00 0.00 0.00 0.00 0.00 0.00
0 0 0 0 0 0 0 0 0 0 0 0 0 0 0
1.00 -0.20 -0.15 -0.08 -0.22 -0.12 -0.10 -0.06 0.00 0.00 0.00 0.00 0.00 0.00 0.00
0 0 0 0 0 0 0 0 0 0 0 0 0 0 0
