1.00 -0.88 -0.78 -0.68 -1.49 -0.90 -0.37 -0.17 0.00 0.00 0.00 0.00 0.00 0.00 0.00
1.00 1.27 0.84 -0.07 1.08 0.94 -0.03 0.22 0.00 0.00 0.00 0.00 0.00 0.00 0.00
1.00 2.10 1.36 0.23 2.10 1.35 0.18 0.34 0.00 0.00 0.00 0.00 0.00 0.00 0.00
0 0 0 0 0 0 0 0 0 0 0 0 0 0 0
1.00 1.97 1.21 0.39 1.87 1.25 0.43 0.32 0.00 0.00 0.00 0.00 0.00 0.00 0.00
0 0 0 0 0 0 0 0 0 0 0 0 0 0 0
1.00 1.97 1.21 0.39 1.87 1.25 0.43 0.32 0.00 0.00 0.00 0.00 0.00 0.00 0.00
0 0 0 0 0 0 0 0 0 0 0 0 0 0 0
1.00 1.24 0.76 0.61 1.21 0.78 0.56 0.21 0.00 0.00 0.00 0.00 0.00 0.00 0.00
0 0 0 0 0 0 0 0 0 0 0 0 0 0 0
1.00 0.24 0.62 1.17 0.58 0.71 0.79 0.28 0.00 0.00 0.00 0.00 0.00 0.00 0.00
0 0 0 0 0 0 0 0 0 0 0 0 0 0 0
1.00 0.50 0.50 0.70 0.59 0.64 0.54 0.19 0.00 0.00 0.00 0.00 0.00 0.00 0.00
0 0 0 0 0 0 0 0 0 0 0 0 0 0 0
1.00 -0.34 0.12 0.69 -0.14 0.01 0.51 0.05 0.00 0.00 0.00 0.00 0.00 0.00 0.00
0 0 0 0 0 0 0 0 0 0 0 0 0 0 0
1.00 -0.99 -0.03 0.74 -0.98 -0.15 0.48 0.05 0.00 0.00 0.00 0.00 0.00 0.00 0.00
0 0 0 0 0 0 0 0 0 0 0 0 0 0 0
1.00 -1.55 -0.53 0.09 -1.28 -0.43 0.04 -0.15 0.00 0.00 0.00 0.00 0.00 0.00 0.00
0 0 0 0 0 0 0 0 0 0 0 0 0 0 0
1.00 -0.01 0.21 0.39 -0.10 0.31 0.48 0.10 0.00 0.00 0.00 0.00 0.00 0.00 0.00
0 0 0 0 0 0 0 0 0 0 0 0 0 0 0
1.00 -0.69 -0.48 -0.13 -0.37 -0.18 -0.22 -0.13 0.00 0.00 0.00 0.00 0.00 0.00 0.00
0 0 0 0 0 0 0 0 0 0 0 0 0 0 0
