1.00 -3.58 -2.56 -1.50 -3.56 -2.29 -0.98 -0.90 0.00 0.00 0.00 0.00 0.00 0.00 0.00
1.00 1.61 2.33 2.84 1.14 2.02 2.20 0.47 0.00 0.00 0.00 0.00 0.00 0.00 0.00
1.00 4.62 4.95 4.89 4.07 4.27 3.42 1.45 0.00 0.00 0.00 0.00 0.00 0.00 0.00
0 0 0 0 0 0 0 0 0 0 0 0 0 0 0
1.00 5.46 5.70 5.36 4.73 4.63 3.82 1.72 0.00 0.00 0.00 0.00 0.00 0.00 0.00
0 0 0 0 0 0 0 0 0 0 0 0 0 0 0
1.00 5.46 5.70 5.36 4.73 4.63 3.82 1.72 0.00 0.00 0.00 0.00 0.00 0.00 0.00
0 0 0 0 0 0 0 0 0 0 0 0 0 0 0
1.00 5.64 5.64 4.85 4.90 4.62 3.65 1.82 0.00 0.00 0.00 0.00 0.00 0.00 0.00
0 0 0 0 0 0 0 0 0 0 0 0 0 0 0
1.00 4.46 5.15 5.48 3.85 4.02 3.65 1.54 0.00 0.00 0.00 0.00 0.00 0.00 0.00
0 0 0 0 0 0 0 0 0 0 0 0 0 0 0
1.00 3.28 3.95 4.37 2.79 2.92 2.94 1.21 0.00 0.00 0.00 0.00 0.00 0.00 0.00
0 0 0 0 0 0 0 0 0 0 0 0 0 0 0
1.00 1.72 2.12 2.01 1.16 1.20 1.39 0.65 0.00 0.00 0.00 0.00 0.00 0.00 0.00
0 0 0 0 0 0 0 0 0 0 0 0 0 0 0
1.00 -0.61 -1.43 -2.46 -0.77 -1.25 -1.81 -0.37 0.00 0.00 0.00 0.00 0.00 0.00 0.00
0 0 0 0 0 0 0 0 0 0 0 0 0 0 0
1.00 -5.26 -7.87 -10.09 -4.00 -5.48 -6.67 -2.17 0.00 0.00 0.00 0.00 0.00 0.00 0.00
0 0 0 0 0 0 0 0 0 0 0 0 0 0 0
1.00 -2.46 -5.16 -6.37 -1.25 -3.05 -4.21 -1.35 0.00 0.00 0.00 0.00 0.00 0.00 0.00
0 0 0 0 0 0 0 0 0 0 0 0 0 0 0
1.00 -5.30 -5.93 -5.70 -3.84 -4.15 -3.82 -1.76 0.00 0.00 0.00 0.00 0.00 0.00 0.00
0 0 0 0 0 0 0 0 0 0 0 0 0 0 0
