1.00 0.39 0.12 0.08 0.58 0.62 -0.00 0.16 0.00 0.00 0.00 0.00 0.00 0.00 0.00
1.00 -0.52 -0.50 -0.57 -0.03 -0.21 -0.46 -0.15 0.00 0.00 0.00 0.00 0.00 0.00 0.00
1.00 -0.97 -0.74 -0.54 -0.58 -0.48 -0.59 -0.29 0.00 0.00 0.00 0.00 0.00 0.00 0.00
0 0 0 0 0 0 0 0 0 0 0 0 0 0 0
1.00 -0.97 -0.57 -0.60 -0.44 -0.44 -0.32 -0.21 0.00 0.00 0.00 0.00 0.00 0.00 0.00
0 0 0 0 0 0 0 0 0 0 0 0 0 0 0
1.00 -0.97 -0.57 -0.60 -0.44 -0.44 -0.32 -0.21 0.00 0.00 0.00 0.00 0.00 0.00 0.00
0 0 0 0 0 0 0 0 0 0 0 0 0 0 0
1.00 -0.95 -0.54 -0.38 -0.54 -0.33 -0.48 -0.15 0.00 0.00 0.00 0.00 0.00 0.00 0.00
0 0 0 0 0 0 0 0 0 0 0 0 0 0 0
1.00 -0.30 -0.16 -0.11 -0.12 0.03 -0.03 -0.07 0.00 0.00 0.00 0.00 0.00 0.00 0.00
0 0 0 0 0 0 0 0 0 0 0 0 0 0 0
1.00 -0.31 -0.19 -0.22 -0.01 -0.13 -0.37 -0.03 0.00 0.00 0.00 0.00 0.00 0.00 0.00
0 0 0 0 0 0 0 0 0 0 0 0 0 0 0
1.00 -0.38 -0.18 -0.18 -0.27 0.00 -0.16 -0.05 0.00 0.00 0.00 0.00 0.00 0.00 0.00
0 0 0 0 0 0 0 0 0 0 0 0 0 0 0
1.00 -0.24 -0.26 -0.28 -0.15 -0.19 -0.27 -0.06 0.00 0.00 0.00 0.00 0.00 0.00 0.00
0 0 0 0 0 0 0 0 0 0 0 0 0 0 0
1.00 -0.15 -0.19 -0.12 -0.02 -0.21 -0.10 -0.04 0.00 0.00 0.00 0.00 0.00 0.00 0.00
0 0 0 0 0 0 0 0 0 0 0 0 0 0 0
1.00 -0.09 -0.08 -0.05 -0.13 -0.15 0.00 -0.06 0.00 0.00 0.00 0.00 0.00 0.00 0.00
0 0 0 0 0 0 0 0 0 0 0 0 0 0 0
1.00 0.11 -0.06 -0.05 0.05 -0.06 -0.13 0.05 0.00 0.00 0.00 0.00 0.00 0.00 0.00
0 0 0 0 0 0 0 0 0 0 0 0 0 0 0
