1.00 -2.27 -1.06 0.14 -2.35 -1.14 0.09 -0.58 0.00 0.00 0.00 0.00 0.00 0.00 0.00
1.00 2.77 3.71 3.95 1.92 2.96 2.80 0.89 0.00 0.00 0.00 0.00 0.00 0.00 0.00
1.00 5.04 5.22 4.79 4.34 4.31 3.50 1.55 0.00 0.00 0.00 0.00 0.00 0.00 0.00
0 0 0 0 0 0 0 0 0 0 0 0 0 0 0
1.00 4.11 4.18 3.75 3.58 3.49 2.76 1.26 0.00 0.00 0.00 0.00 0.00 0.00 0.00
0 0 0 0 0 0 0 0 0 0 0 0 0 0 0
1.00 4.11 4.18 3.75 3.58 3.49 2.76 1.26 0.00 0.00 0.00 0.00 0.00 0.00 0.00
0 0 0 0 0 0 0 0 0 0 0 0 0 0 0
1.00 4.24 4.26 3.93 3.64 3.24 2.68 1.28 0.00 0.00 0.00 0.00 0.00 0.00 0.00
0 0 0 0 0 0 0 0 0 0 0 0 0 0 0
1.00 3.14 3.37 3.54 2.51 2.51 2.42 1.00 0.00 0.00 0.00 0.00 0.00 0.00 0.00
0 0 0 0 0 0 0 0 0 0 0 0 0 0 0
1.00 1.95 2.17 2.35 1.45 1.29 1.38 0.65 0.00 0.00 0.00 0.00 0.00 0.00 0.00
0 0 0 0 0 0 0 0 0 0 0 0 0 0 0
1.00 0.49 0.41 0.02 0.27 0.11 0.00 0.12 0.00 0.00 0.00 0.00 0.00 0.00 0.00
0 0 0 0 0 0 0 0 0 0 0 0 0 0 0
1.00 -1.69 -3.08 -4.73 -1.58 -2.33 -3.12 -0.74 0.00 0.00 0.00 0.00 0.00 0.00 0.00
0 0 0 0 0 0 0 0 0 0 0 0 0 0 0
1.00 1.29 -0.71 -3.44 1.10 -0.08 -1.96 -0.07 0.00 0.00 0.00 0.00 0.00 0.00 0.00
0 0 0 0 0 0 0 0 0 0 0 0 0 0 0
1.00 -4.44 -7.10 -7.80 -3.02 -4.69 -5.08 -1.84 0.00 0.00 0.00 0.00 0.00 0.00 0.00
0 0 0 0 0 0 0 0 0 0 0 0 0 0 0
1.00 -8.25 -8.52 -7.74 -6.13 -6.12 -5.32 -2.46 0.00 0.00 0.00 0.00 0.00 0.00 0.00
0 0 0 0 0 0 0 0 0 0 0 0 0 0 0
