1.00 1.25 1.43 0.40 3.04 3.40 1.26 0.33 0.00 0.00 0.00 0.00 0.00 0.00 0.00
1.00 2.04 1.41 0.14 3.20 2.06 0.32 0.24 0.00 0.00 0.00 0.00 0.00 0.00 0.00
1.00 2.32 1.77 0.65 2.68 1.90 0.28 0.34 0.00 0.00 0.00 0.00 0.00 0.00 0.00
0 0 0 0 0 0 0 0 0 0 0 0 0 0 0
1.00 2.70 1.99 0.88 2.81 1.91 0.36 0.46 0.00 0.00 0.00 0.00 0.00 0.00 0.00
0 0 0 0 0 0 0 0 0 0 0 0 0 0 0
1.00 2.70 1.99 0.88 2.81 1.91 0.36 0.46 0.00 0.00 0.00 0.00 0.00 0.00 0.00
0 0 0 0 0 0 0 0 0 0 0 0 0 0 0
1.00 2.48 1.71 0.82 2.36 1.32 0.13 0.34 0.00 0.00 0.00 0.00 0.00 0.00 0.00
0 0 0 0 0 0 0 0 0 0 0 0 0 0 0
1.00 1.53 1.25 0.81 1.43 0.98 0.13 0.24 0.00 0.00 0.00 0.00 0.00 0.00 0.00
0 0 0 0 0 0 0 0 0 0 0 0 0 0 0
1.00 0.59 0.09 -0.20 0.40 -0.25 -0.29 0.01 0.00 0.00 0.00 0.00 0.00 0.00 0.00
0 0 0 0 0 0 0 0 0 0 0 0 0 0 0
1.00 -0.15 -0.45 -0.42 -0.44 -0.86 -0.43 -0.10 0.00 0.00 0.00 0.00 0.00 0.00 0.00
0 0 0 0 0 0 0 0 0 0 0 0 0 0 0
1.00 2.68 1.59 0.52 2.70 1.39 0.33 0.32 0.00 0.00 0.00 0.00 0.00 0.00 0.00
0 0 0 0 0 0 0 0 0 0 0 0 0 0 0
1.00 0.65 0.05 -0.00 0.61 0.36 0.07 0.05 0.00 0.00 0.00 0.00 0.00 0.00 0.00
0 0 0 0 0 0 0 0 0 0 0 0 0 0 0
1.00 -1.28 -1.49 -0.82 -0.89 -1.02 -0.45 -0.22 0.00 0.00 0.00 0.00 0.00 0.00 0.00
0 0 0 0 0 0 0 0 0 0 0 0 0 0 0
1.00 -3.18 -2.61 -1.20 -3.17 -2.34 -0.67 -0.46 0.00 0.00 0.00 0.00 0.00 0.00 0.00
0 0 0 0 0 0 0 0 0 0 0 0 0 0 0
