1.00 4.04 5.56 6.23 2.89 4.38 4.47 1.30 0.00 0.00 0.00 0.00 0.00 0.00 0.00
1.00 3.07 4.06 4.38 2.38 3.26 3.13 1.08 0.00 0.00 0.00 0.00 0.00 0.00 0.00
1.00 5.29 5.53 5.18 4.54 4.42 3.58 1.62 0.00 0.00 0.00 0.00 0.00 0.00 0.00
0 0 0 0 0 0 0 0 0 0 0 0 0 0 0
1.00 5.48 5.65 4.95 4.54 4.40 3.69 1.65 0.00 0.00 0.00 0.00 0.00 0.00 0.00
0 0 0 0 0 0 0 0 0 0 0 0 0 0 0
1.00 5.48 5.65 4.95 4.54 4.40 3.69 1.65 0.00 0.00 0.00 0.00 0.00 0.00 0.00
0 0 0 0 0 0 0 0 0 0 0 0 0 0 0
1.00 5.23 5.07 4.41 4.32 3.78 3.11 1.54 0.00 0.00 0.00 0.00 0.00 0.00 0.00
0 0 0 0 0 0 0 0 0 0 0 0 0 0 0
1.00 3.76 4.11 4.15 3.10 2.94 2.84 1.27 0.00 0.00 0.00 0.00 0.00 0.00 0.00
0 0 0 0 0 0 0 0 0 0 0 0 0 0 0
1.00 2.66 3.00 3.17 2.24 2.10 2.14 0.94 0.00 0.00 0.00 0.00 0.00 0.00 0.00
0 0 0 0 0 0 0 0 0 0 0 0 0 0 0
1.00 1.37 1.57 1.72 1.11 0.84 0.99 0.49 0.00 0.00 0.00 0.00 0.00 0.00 0.00
0 0 0 0 0 0 0 0 0 0 0 0 0 0 0
1.00 -0.38 -0.35 -0.09 -0.66 -0.75 -0.25 -0.12 0.00 0.00 0.00 0.00 0.00 0.00 0.00
0 0 0 0 0 0 0 0 0 0 0 0 0 0 0
1.00 -4.54 -6.80 -8.75 -3.75 -4.54 -5.87 -1.84 0.00 0.00 0.00 0.00 0.00 0.00 0.00
0 0 0 0 0 0 0 0 0 0 0 0 0 0 0
1.00 -0.54 -3.16 -5.64 -0.19 -1.60 -3.63 -0.88 0.00 0.00 0.00 0.00 0.00 0.00 0.00
0 0 0 0 0 0 0 0 0 0 0 0 0 0 0
1.00 -5.28 -7.07 -7.13 -3.67 -4.67 -4.62 -1.99 0.00 0.00 0.00 0.00 0.00 0.00 0.00
0 0 0 0 0 0 0 0 0 0 0 0 0 0 0
