1.00 0.86 0.83 0.27 0.57 0.49 0.12 0.18 0.00 0.00 0.00 0.00 0.00 0.00 0.00
1.00 1.84 1.21 0.41 1.40 1.16 0.45 0.33 0.00 0.00 0.00 0.00 0.00 0.00 0.00
1.00 1.88 1.01 0.46 1.60 0.94 0.45 0.36 0.00 0.00 0.00 0.00 0.00 0.00 0.00
0 0 0 0 0 0 0 0 0 0 0 0 0 0 0
1.00 1.17 0.81 0.93 0.90 0.76 0.69 0.25 0.00 0.00 0.00 0.00 0.00 0.00 0.00
0 0 0 0 0 0 0 0 0 0 0 0 0 0 0
1.00 1.17 0.81 0.93 0.90 0.76 0.69 0.25 0.00 0.00 0.00 0.00 0.00 0.00 0.00
0 0 0 0 0 0 0 0 0 0 0 0 0 0 0
1.00 1.18 1.13 1.18 0.83 0.80 0.91 0.26 0.00 0.00 0.00 0.00 0.00 0.00 0.00
0 0 0 0 0 0 0 0 0 0 0 0 0 0 0
1.00 1.03 1.25 1.40 0.73 1.01 0.96 0.32 0.00 0.00 0.00 0.00 0.00 0.00 0.00
0 0 0 0 0 0 0 0 0 0 0 0 0 0 0
1.00 0.58 0.97 1.36 0.53 0.77 1.15 0.27 0.00 0.00 0.00 0.00 0.00 0.00 0.00
0 0 0 0 0 0 0 0 0 0 0 0 0 0 0
1.00 -0.02 0.44 0.78 -0.01 0.21 0.63 0.24 0.00 0.00 0.00 0.00 0.00 0.00 0.00
0 0 0 0 0 0 0 0 0 0 0 0 0 0 0
1.00 -0.97 -0.64 -0.56 -0.65 -0.29 -0.41 -0.12 0.00 0.00 0.00 0.00 0.00 0.00 0.00
0 0 0 0 0 0 0 0 0 0 0 0 0 0 0
1.00 -2.48 -2.28 -2.09 -1.61 -1.58 -1.67 -0.62 0.00 0.00 0.00 0.00 0.00 0.00 0.00
0 0 0 0 0 0 0 0 0 0 0 0 0 0 0
1.00 -1.39 -1.42 -1.11 -0.82 -1.01 -0.84 -0.39 0.00 0.00 0.00 0.00 0.00 0.00 0.00
0 0 0 0 0 0 0 0 0 0 0 0 0 0 0
1.00 -1.90 -1.35 -1.07 -1.38 -1.16 -0.80 -0.45 0.00 0.00 0.00 0.00 0.00 0.00 0.00
0 0 0 0 0 0 0 0 0 0 0 0 0 0 0
