1.00 -3.56 -3.81 -3.03 -2.91 -3.08 -2.19 -1.08 0.00 0.00 0.00 0.00 0.00 0.00 0.00
1.00 -0.35 1.05 2.03 -0.71 0.62 1.43 0.04 0.00 0.00 0.00 0.00 0.00 0.00 0.00
1.00 5.06 5.88 5.66 3.93 4.70 4.12 1.49 0.00 0.00 0.00 0.00 0.00 0.00 0.00
0 0 0 0 0 0 0 0 0 0 0 0 0 0 0
1.00 7.44 7.47 6.89 6.30 6.24 5.04 2.27 0.00 0.00 0.00 0.00 0.00 0.00 0.00
0 0 0 0 0 0 0 0 0 0 0 0 0 0 0
1.00 7.44 7.47 6.89 6.30 6.24 5.04 2.27 0.00 0.00 0.00 0.00 0.00 0.00 0.00
0 0 0 0 0 0 0 0 0 0 0 0 0 0 0
1.00 4.28 4.57 4.33 3.76 3.62 3.07 1.35 0.00 0.00 0.00 0.00 0.00 0.00 0.00
0 0 0 0 0 0 0 0 0 0 0 0 0 0 0
1.00 3.74 3.95 3.71 3.21 3.09 2.61 1.18 0.00 0.00 0.00 0.00 0.00 0.00 0.00
0 0 0 0 0 0 0 0 0 0 0 0 0 0 0
1.00 2.61 2.77 2.62 2.31 2.19 1.84 0.84 0.00 0.00 0.00 0.00 0.00 0.00 0.00
0 0 0 0 0 0 0 0 0 0 0 0 0 0 0
1.00 1.57 1.82 1.88 1.29 1.26 1.26 0.56 0.00 0.00 0.00 0.00 0.00 0.00 0.00
0 0 0 0 0 0 0 0 0 0 0 0 0 0 0
1.00 0.67 0.67 0.76 0.34 0.12 0.41 0.21 0.00 0.00 0.00 0.00 0.00 0.00 0.00
0 0 0 0 0 0 0 0 0 0 0 0 0 0 0
1.00 -1.40 -2.46 -3.65 -1.33 -1.93 -2.55 -0.64 0.00 0.00 0.00 0.00 0.00 0.00 0.00
0 0 0 0 0 0 0 0 0 0 0 0 0 0 0
1.00 3.23 1.94 -0.32 2.23 1.52 -0.20 0.56 0.00 0.00 0.00 0.00 0.00 0.00 0.00
0 0 0 0 0 0 0 0 0 0 0 0 0 0 0
1.00 -1.45 -4.17 -6.22 -0.80 -2.48 -4.18 -1.09 0.00 0.00 0.00 0.00 0.00 0.00 0.00
0 0 0 0 0 0 0 0 0 0 0 0 0 0 0
