1.00 -1.73 -1.29 -0.82 -1.36 -1.13 -0.52 -0.38 0.00 0.00 0.00 0.00 0.00 0.00 0.00
1.00 -1.84 -1.38 -0.78 -1.63 -1.47 -0.47 -0.33 0.00 0.00 0.00 0.00 0.00 0.00 0.00
1.00 -2.24 -1.67 -0.95 -1.94 -1.70 -0.61 -0.41 0.00 0.00 0.00 0.00 0.00 0.00 0.00
0 0 0 0 0 0 0 0 0 0 0 0 0 0 0
1.00 0.90 0.66 0.32 0.30 0.49 0.40 0.27 0.00 0.00 0.00 0.00 0.00 0.00 0.00
0 0 0 0 0 0 0 0 0 0 0 0 0 0 0
1.00 0.90 0.66 0.32 0.30 0.49 0.40 0.27 0.00 0.00 0.00 0.00 0.00 0.00 0.00
0 0 0 0 0 0 0 0 0 0 0 0 0 0 0
1.00 2.12 1.44 0.26 1.61 1.23 0.14 0.35 0.00 0.00 0.00 0.00 0.00 0.00 0.00
0 0 0 0 0 0 0 0 0 0 0 0 0 0 0
1.00 2.29 1.40 0.13 2.11 1.42 0.05 0.27 0.00 0.00 0.00 0.00 0.00 0.00 0.00
0 0 0 0 0 0 0 0 0 0 0 0 0 0 0
1.00 1.65 0.90 0.14 1.61 0.95 0.12 0.19 0.00 0.00 0.00 0.00 0.00 0.00 0.00
0 0 0 0 0 0 0 0 0 0 0 0 0 0 0
1.00 0.90 0.63 0.60 0.78 0.52 0.47 0.16 0.00 0.00 0.00 0.00 0.00 0.00 0.00
0 0 0 0 0 0 0 0 0 0 0 0 0 0 0
1.00 0.18 0.66 1.46 0.08 0.56 1.06 0.24 0.00 0.00 0.00 0.00 0.00 0.00 0.00
0 0 0 0 0 0 0 0 0 0 0 0 0 0 0
1.00 0.18 0.48 1.09 0.15 0.47 0.67 0.22 0.00 0.00 0.00 0.00 0.00 0.00 0.00
0 0 0 0 0 0 0 0 0 0 0 0 0 0 0
1.00 0.17 0.89 1.38 0.11 0.60 1.02 0.33 0.00 0.00 0.00 0.00 0.00 0.00 0.00
0 0 0 0 0 0 0 0 0 0 0 0 0 0 0
1.00 0.13 0.84 1.28 -0.00 0.46 0.90 0.28 0.00 0.00 0.00 0.00 0.00 0.00 0.00
0 0 0 0 0 0 0 0 0 0 0 0 0 0 0
