1.00 -1.62 -2.17 -2.31 -1.26 -1.56 -1.65 -0.53 0.00 0.00 0.00 0.00 0.00 0.00 0.00
1.00 -2.11 -2.60 -2.88 -1.52 -2.03 -1.90 -0.64 0.00 0.00 0.00 0.00 0.00 0.00 0.00
1.00 -2.46 -3.11 -3.29 -1.80 -2.59 -2.42 -0.84 0.00 0.00 0.00 0.00 0.00 0.00 0.00
0 0 0 0 0 0 0 0 0 0 0 0 0 0 0
1.00 -2.65 -1.96 -0.85 -2.03 -1.73 -0.63 -0.54 0.00 0.00 0.00 0.00 0.00 0.00 0.00
0 0 0 0 0 0 0 0 0 0 0 0 0 0 0
1.00 -2.65 -1.96 -0.85 -2.03 -1.73 -0.63 -0.54 0.00 0.00 0.00 0.00 0.00 0.00 0.00
0 0 0 0 0 0 0 0 0 0 0 0 0 0 0
1.00 2.87 4.09 4.49 1.85 3.14 3.15 0.87 0.00 0.00 0.00 0.00 0.00 0.00 0.00
0 0 0 0 0 0 0 0 0 0 0 0 0 0 0
1.00 7.43 7.98 7.44 5.98 6.39 5.32 2.21 0.00 0.00 0.00 0.00 0.00 0.00 0.00
0 0 0 0 0 0 0 0 0 0 0 0 0 0 0
1.00 4.47 4.66 4.23 3.90 3.89 3.07 1.39 0.00 0.00 0.00 0.00 0.00 0.00 0.00
0 0 0 0 0 0 0 0 0 0 0 0 0 0 0
1.00 4.30 4.42 4.01 3.54 3.52 2.79 1.33 0.00 0.00 0.00 0.00 0.00 0.00 0.00
0 0 0 0 0 0 0 0 0 0 0 0 0 0 0
1.00 3.41 3.43 3.05 2.86 2.67 2.07 1.06 0.00 0.00 0.00 0.00 0.00 0.00 0.00
0 0 0 0 0 0 0 0 0 0 0 0 0 0 0
1.00 2.05 1.76 1.38 1.36 0.82 0.88 0.52 0.00 0.00 0.00 0.00 0.00 0.00 0.00
0 0 0 0 0 0 0 0 0 0 0 0 0 0 0
1.00 5.29 6.30 6.74 3.83 4.00 4.51 1.73 0.00 0.00 0.00 0.00 0.00 0.00 0.00
0 0 0 0 0 0 0 0 0 0 0 0 0 0 0
1.00 4.34 5.22 4.93 3.00 3.25 3.10 1.54 0.00 0.00 0.00 0.00 0.00 0.00 0.00
0 0 0 0 0 0 0 0 0 0 0 0 0 0 0
