1.00 2.57 1.72 0.64 2.24 1.60 0.43 0.43 0.00 0.00 0.00 0.00 0.00 0.00 0.00
1.00 1.49 0.64 -0.47 1.43 0.70 -0.34 0.15 0.00 0.00 0.00 0.00 0.00 0.00 0.00
1.00 1.41 0.79 0.18 1.24 0.72 0.15 0.16 0.00 0.00 0.00 0.00 0.00 0.00 0.00
0 0 0 0 0 0 0 0 0 0 0 0 0 0 0
1.00 1.18 0.86 0.70 1.10 0.88 0.56 0.23 0.00 0.00 0.00 0.00 0.00 0.00 0.00
0 0 0 0 0 0 0 0 0 0 0 0 0 0 0
1.00 1.18 0.86 0.70 1.10 0.88 0.56 0.23 0.00 0.00 0.00 0.00 0.00 0.00 0.00
0 0 0 0 0 0 0 0 0 0 0 0 0 0 0
1.00 0.64 0.88 1.15 0.80 0.83 0.83 0.28 0.00 0.00 0.00 0.00 0.00 0.00 0.00
0 0 0 0 0 0 0 0 0 0 0 0 0 0 0
1.00 0.11 0.88 1.51 0.23 0.64 1.01 0.33 0.00 0.00 0.00 0.00 0.00 0.00 0.00
0 0 0 0 0 0 0 0 0 0 0 0 0 0 0
1.00 0.74 0.84 0.65 0.64 0.79 0.43 0.29 0.00 0.00 0.00 0.00 0.00 0.00 0.00
0 0 0 0 0 0 0 0 0 0 0 0 0 0 0
1.00 -0.84 -0.95 -0.54 -0.61 -0.54 -0.40 -0.16 0.00 0.00 0.00 0.00 0.00 0.00 0.00
0 0 0 0 0 0 0 0 0 0 0 0 0 0 0
1.00 -2.27 -1.66 -1.25 -1.60 -1.20 -0.91 -0.44 0.00 0.00 0.00 0.00 0.00 0.00 0.00
0 0 0 0 0 0 0 0 0 0 0 0 0 0 0
1.00 -2.41 -1.78 -1.35 -1.74 -1.34 -0.99 -0.49 0.00 0.00 0.00 0.00 0.00 0.00 0.00
0 0 0 0 0 0 0 0 0 0 0 0 0 0 0
1.00 -0.82 -0.71 -0.83 -0.46 -0.31 -0.58 -0.20 0.00 0.00 0.00 0.00 0.00 0.00 0.00
0 0 0 0 0 0 0 0 0 0 0 0 0 0 0
1.00 -1.43 -1.20 -0.93 -1.12 -1.10 -0.61 -0.40 0.00 0.00 0.00 0.00 0.00 0.00 0.00
0 0 0 0 0 0 0 0 0 0 0 0 0 0 0
