1.00 -2.04 -2.66 -2.77 -1.51 -2.07 -2.00 -0.69 0.00 0.00 0.00 0.00 0.00 0.00 0.00
1.00 -2.53 -3.11 -3.20 -1.97 -2.23 -2.28 -0.82 0.00 0.00 0.00 0.00 0.00 0.00 0.00
1.00 -2.29 -1.72 -0.58 -1.89 -1.51 -0.31 -0.52 0.00 0.00 0.00 0.00 0.00 0.00 0.00
0 0 0 0 0 0 0 0 0 0 0 0 0 0 0
1.00 3.02 3.92 4.28 2.12 2.93 3.07 0.86 0.00 0.00 0.00 0.00 0.00 0.00 0.00
0 0 0 0 0 0 0 0 0 0 0 0 0 0 0
1.00 3.02 3.92 4.28 2.12 2.93 3.07 0.86 0.00 0.00 0.00 0.00 0.00 0.00 0.00
0 0 0 0 0 0 0 0 0 0 0 0 0 0 0
1.00 7.22 7.87 7.42 5.79 6.20 5.18 2.24 0.00 0.00 0.00 0.00 0.00 0.00 0.00
0 0 0 0 0 0 0 0 0 0 0 0 0 0 0
1.00 3.93 4.20 3.99 3.17 3.56 2.86 1.13 0.00 0.00 0.00 0.00 0.00 0.00 0.00
0 0 0 0 0 0 0 0 0 0 0 0 0 0 0
1.00 3.90 4.13 3.82 3.26 3.32 2.76 1.28 0.00 0.00 0.00 0.00 0.00 0.00 0.00
0 0 0 0 0 0 0 0 0 0 0 0 0 0 0
1.00 3.32 3.38 3.05 2.98 2.63 2.13 1.06 0.00 0.00 0.00 0.00 0.00 0.00 0.00
0 0 0 0 0 0 0 0 0 0 0 0 0 0 0
1.00 2.42 2.38 2.12 2.05 1.90 1.48 0.72 0.00 0.00 0.00 0.00 0.00 0.00 0.00
0 0 0 0 0 0 0 0 0 0 0 0 0 0 0
1.00 1.38 1.00 0.63 1.05 0.33 0.29 0.33 0.00 0.00 0.00 0.00 0.00 0.00 0.00
0 0 0 0 0 0 0 0 0 0 0 0 0 0 0
1.00 4.31 5.35 5.66 3.02 3.37 3.66 1.56 0.00 0.00 0.00 0.00 0.00 0.00 0.00
0 0 0 0 0 0 0 0 0 0 0 0 0 0 0
1.00 2.96 3.27 2.56 1.61 1.80 1.65 0.97 0.00 0.00 0.00 0.00 0.00 0.00 0.00
0 0 0 0 0 0 0 0 0 0 0 0 0 0 0
