1.00 -2.54 -1.56 -0.33 -3.10 -1.20 0.40 -0.30 0.00 0.00 0.00 0.00 0.00 0.00 0.00
1.00 1.21 1.27 0.22 2.61 3.06 0.93 0.36 0.00 0.00 0.00 0.00 0.00 0.00 0.00
1.00 2.38 1.53 0.31 3.51 2.10 0.20 0.27 0.00 0.00 0.00 0.00 0.00 0.00 0.00
0 0 0 0 0 0 0 0 0 0 0 0 0 0 0
1.00 2.74 2.17 1.13 3.11 2.09 0.53 0.39 0.00 0.00 0.00 0.00 0.00 0.00 0.00
0 0 0 0 0 0 0 0 0 0 0 0 0 0 0
1.00 2.74 2.17 1.13 3.11 2.09 0.53 0.39 0.00 0.00 0.00 0.00 0.00 0.00 0.00
0 0 0 0 0 0 0 0 0 0 0 0 0 0 0
1.00 3.61 2.96 1.73 3.59 2.57 0.83 0.70 0.00 0.00 0.00 0.00 0.00 0.00 0.00
0 0 0 0 0 0 0 0 0 0 0 0 0 0 0
1.00 2.46 2.13 1.51 2.58 2.09 1.00 0.57 0.00 0.00 0.00 0.00 0.00 0.00 0.00
0 0 0 0 0 0 0 0 0 0 0 0 0 0 0
1.00 2.37 1.95 1.40 2.26 1.73 0.66 0.52 0.00 0.00 0.00 0.00 0.00 0.00 0.00
0 0 0 0 0 0 0 0 0 0 0 0 0 0 0
1.00 1.40 0.97 0.68 1.22 0.68 0.16 0.31 0.00 0.00 0.00 0.00 0.00 0.00 0.00
0 0 0 0 0 0 0 0 0 0 0 0 0 0 0
1.00 0.32 0.13 0.04 0.04 -0.27 -0.05 0.01 0.00 0.00 0.00 0.00 0.00 0.00 0.00
0 0 0 0 0 0 0 0 0 0 0 0 0 0 0
1.00 -1.05 -1.18 -0.98 -1.40 -1.56 -0.77 -0.33 0.00 0.00 0.00 0.00 0.00 0.00 0.00
0 0 0 0 0 0 0 0 0 0 0 0 0 0 0
1.00 0.52 0.03 -0.38 0.11 -0.31 -0.25 -0.09 0.00 0.00 0.00 0.00 0.00 0.00 0.00
0 0 0 0 0 0 0 0 0 0 0 0 0 0 0
1.00 -1.65 -1.75 -1.02 -1.85 -1.76 -0.43 -0.39 0.00 0.00 0.00 0.00 0.00 0.00 0.00
0 0 0 0 0 0 0 0 0 0 0 0 0 0 0
