1.00 2.44 2.43 3.01 0.47 2.02 3.11 1.00 0.00 0.00 0.00 0.00 0.00 0.00 0.00
1.00 1.62 1.29 1.89 0.54 1.23 1.97 0.56 0.00 0.00 0.00 0.00 0.00 0.00 0.00
1.00 1.24 1.16 1.15 0.32 0.91 1.06 0.43 0.00 0.00 0.00 0.00 0.00 0.00 0.00
0 0 0 0 0 0 0 0 0 0 0 0 0 0 0
1.00 0.60 0.74 0.54 0.17 0.33 0.33 0.15 0.00 0.00 0.00 0.00 0.00 0.00 0.00
0 0 0 0 0 0 0 0 0 0 0 0 0 0 0
1.00 0.60 0.74 0.54 0.17 0.33 0.33 0.15 0.00 0.00 0.00 0.00 0.00 0.00 0.00
0 0 0 0 0 0 0 0 0 0 0 0 0 0 0
1.00 0.37 0.45 0.14 0.28 0.26 -0.04 0.06 0.00 0.00 0.00 0.00 0.00 0.00 0.00
0 0 0 0 0 0 0 0 0 0 0 0 0 0 0
1.00 0.29 0.29 -0.28 0.28 0.08 -0.58 -0.03 0.00 0.00 0.00 0.00 0.00 0.00 0.00
0 0 0 0 0 0 0 0 0 0 0 0 0 0 0
1.00 1.30 1.55 1.76 0.21 0.41 1.02 0.30 0.00 0.00 0.00 0.00 0.00 0.00 0.00
0 0 0 0 0 0 0 0 0 0 0 0 0 0 0
1.00 0.91 0.88 0.70 0.23 0.40 0.48 0.18 0.00 0.00 0.00 0.00 0.00 0.00 0.00
0 0 0 0 0 0 0 0 0 0 0 0 0 0 0
1.00 0.33 -0.06 -0.64 0.39 0.16 -0.66 -0.04 0.00 0.00 0.00 0.00 0.00 0.00 0.00
0 0 0 0 0 0 0 0 0 0 0 0 0 0 0
1.00 -0.84 -1.13 -1.80 0.21 -0.43 -1.53 -0.32 0.00 0.00 0.00 0.00 0.00 0.00 0.00
0 0 0 0 0 0 0 0 0 0 0 0 0 0 0
1.00 -1.72 -1.98 -2.53 -0.05 -0.98 -2.12 -0.64 0.00 0.00 0.00 0.00 0.00 0.00 0.00
0 0 0 0 0 0 0 0 0 0 0 0 0 0 0
1.00 -2.04 -2.03 -2.66 -0.04 -0.81 -2.26 -0.61 0.00 0.00 0.00 0.00 0.00 0.00 0.00
0 0 0 0 0 0 0 0 0 0 0 0 0 0 0
