1.00 -4.01 -4.75 -4.47 -3.25 -3.88 -3.19 -1.22 0.00 0.00 0.00 0.00 0.00 0.00 0.00
1.00 -3.31 -2.01 -0.58 -3.02 -1.95 -0.52 -0.68 0.00 0.00 0.00 0.00 0.00 0.00 0.00
1.00 2.70 3.63 3.95 1.91 2.77 2.98 0.80 0.00 0.00 0.00 0.00 0.00 0.00 0.00
0 0 0 0 0 0 0 0 0 0 0 0 0 0 0
1.00 6.01 6.36 5.81 5.13 5.35 4.08 1.79 0.00 0.00 0.00 0.00 0.00 0.00 0.00
0 0 0 0 0 0 0 0 0 0 0 0 0 0 0
1.00 6.01 6.36 5.81 5.13 5.35 4.08 1.79 0.00 0.00 0.00 0.00 0.00 0.00 0.00
0 0 0 0 0 0 0 0 0 0 0 0 0 0 0
1.00 6.89 7.07 6.40 5.84 5.69 4.63 2.10 0.00 0.00 0.00 0.00 0.00 0.00 0.00
0 0 0 0 0 0 0 0 0 0 0 0 0 0 0
1.00 4.18 4.33 4.09 3.56 3.51 2.99 1.23 0.00 0.00 0.00 0.00 0.00 0.00 0.00
0 0 0 0 0 0 0 0 0 0 0 0 0 0 0
1.00 3.27 3.16 2.86 2.66 2.45 1.79 0.94 0.00 0.00 0.00 0.00 0.00 0.00 0.00
0 0 0 0 0 0 0 0 0 0 0 0 0 0 0
1.00 1.76 1.59 1.07 1.43 0.98 0.82 0.55 0.00 0.00 0.00 0.00 0.00 0.00 0.00
0 0 0 0 0 0 0 0 0 0 0 0 0 0 0
1.00 -0.14 -0.67 -1.24 -0.18 -0.63 -0.93 -0.11 0.00 0.00 0.00 0.00 0.00 0.00 0.00
0 0 0 0 0 0 0 0 0 0 0 0 0 0 0
1.00 4.45 4.95 4.63 2.97 3.31 3.10 1.50 0.00 0.00 0.00 0.00 0.00 0.00 0.00
0 0 0 0 0 0 0 0 0 0 0 0 0 0 0
1.00 3.31 2.77 1.01 2.29 2.12 0.89 0.96 0.00 0.00 0.00 0.00 0.00 0.00 0.00
0 0 0 0 0 0 0 0 0 0 0 0 0 0 0
1.00 -0.12 -2.22 -4.42 0.10 -1.00 -2.75 -0.54 0.00 0.00 0.00 0.00 0.00 0.00 0.00
0 0 0 0 0 0 0 0 0 0 0 0 0 0 0
