1.00 -1.02 -0.80 -0.50 -1.10 -0.70 -0.05 -0.15 0.00 0.00 0.00 0.00 0.00 0.00 0.00
1.00 -0.26 -0.30 -0.47 -0.33 -0.35 -0.31 -0.02 0.00 0.00 0.00 0.00 0.00 0.00 0.00
1.00 0.81 0.45 0.05 0.57 0.52 0.11 0.20 0.00 0.00 0.00 0.00 0.00 0.00 0.00
0 0 0 0 0 0 0 0 0 0 0 0 0 0 0
1.00 1.83 1.08 0.18 1.65 1.17 0.02 0.25 0.00 0.00 0.00 0.00 0.00 0.00 0.00
0 0 0 0 0 0 0 0 0 0 0 0 0 0 0
1.00 1.83 1.08 0.18 1.65 1.17 0.02 0.25 0.00 0.00 0.00 0.00 0.00 0.00 0.00
0 0 0 0 0 0 0 0 0 0 0 0 0 0 0
1.00 1.66 1.02 0.61 1.39 0.99 0.41 0.21 0.00 0.00 0.00 0.00 0.00 0.00 0.00
0 0 0 0 0 0 0 0 0 0 0 0 0 0 0
1.00 1.19 1.05 1.06 1.02 0.72 0.91 0.29 0.00 0.00 0.00 0.00 0.00 0.00 0.00
0 0 0 0 0 0 0 0 0 0 0 0 0 0 0
1.00 1.01 0.76 0.99 0.76 0.69 0.80 0.26 0.00 0.00 0.00 0.00 0.00 0.00 0.00
0 0 0 0 0 0 0 0 0 0 0 0 0 0 0
1.00 0.60 0.98 1.32 0.56 0.61 0.91 0.32 0.00 0.00 0.00 0.00 0.00 0.00 0.00
0 0 0 0 0 0 0 0 0 0 0 0 0 0 0
1.00 0.17 0.73 1.17 0.25 0.53 0.83 0.25 0.00 0.00 0.00 0.00 0.00 0.00 0.00
0 0 0 0 0 0 0 0 0 0 0 0 0 0 0
1.00 -1.11 -0.77 -0.49 -0.84 -0.50 -0.31 -0.16 0.00 0.00 0.00 0.00 0.00 0.00 0.00
0 0 0 0 0 0 0 0 0 0 0 0 0 0 0
1.00 -1.38 -1.00 -0.69 -1.05 -0.70 -0.49 -0.24 0.00 0.00 0.00 0.00 0.00 0.00 0.00
0 0 0 0 0 0 0 0 0 0 0 0 0 0 0
1.00 -0.00 0.23 0.17 0.11 0.33 0.25 0.13 0.00 0.00 0.00 0.00 0.00 0.00 0.00
0 0 0 0 0 0 0 0 0 0 0 0 0 0 0
