1.00 1.97 1.03 0.14 1.76 1.08 0.09 0.20 0.00 0.00 0.00 0.00 0.00 0.00 0.00
1.00 1.77 0.94 0.15 1.60 1.00 0.08 0.18 0.00 0.00 0.00 0.00 0.00 0.00 0.00
1.00 1.59 0.57 -0.58 1.53 0.64 -0.40 -0.01 0.00 0.00 0.00 0.00 0.00 0.00 0.00
0 0 0 0 0 0 0 0 0 0 0 0 0 0 0
1.00 1.26 0.38 -0.11 1.13 0.41 -0.08 0.07 0.00 0.00 0.00 0.00 0.00 0.00 0.00
0 0 0 0 0 0 0 0 0 0 0 0 0 0 0
1.00 1.26 0.38 -0.11 1.13 0.41 -0.08 0.07 0.00 0.00 0.00 0.00 0.00 0.00 0.00
0 0 0 0 0 0 0 0 0 0 0 0 0 0 0
1.00 0.63 0.25 0.36 0.45 0.22 0.17 0.06 0.00 0.00 0.00 0.00 0.00 0.00 0.00
0 0 0 0 0 0 0 0 0 0 0 0 0 0 0
1.00 -0.17 0.20 0.63 -0.02 0.08 0.54 0.02 0.00 0.00 0.00 0.00 0.00 0.00 0.00
0 0 0 0 0 0 0 0 0 0 0 0 0 0 0
1.00 -0.46 0.23 1.07 -0.51 0.19 0.66 0.09 0.00 0.00 0.00 0.00 0.00 0.00 0.00
0 0 0 0 0 0 0 0 0 0 0 0 0 0 0
1.00 -0.69 0.24 0.68 -0.61 0.12 0.56 0.20 0.00 0.00 0.00 0.00 0.00 0.00 0.00
0 0 0 0 0 0 0 0 0 0 0 0 0 0 0
1.00 0.63 0.80 0.81 0.36 0.74 0.76 0.43 0.00 0.00 0.00 0.00 0.00 0.00 0.00
0 0 0 0 0 0 0 0 0 0 0 0 0 0 0
1.00 -0.31 -0.37 -0.30 0.13 0.13 -0.08 -0.01 0.00 0.00 0.00 0.00 0.00 0.00 0.00
0 0 0 0 0 0 0 0 0 0 0 0 0 0 0
1.00 -1.31 -1.02 -0.84 -0.88 -0.74 -0.67 -0.30 0.00 0.00 0.00 0.00 0.00 0.00 0.00
0 0 0 0 0 0 0 0 0 0 0 0 0 0 0
1.00 -1.75 -1.37 -1.16 -1.28 -1.16 -1.13 -0.46 0.00 0.00 0.00 0.00 0.00 0.00 0.00
0 0 0 0 0 0 0 0 0 0 0 0 0 0 0
