1.00 -0.83 -0.17 0.30 -0.73 0.15 0.57 0.03 0.00 0.00 0.00 0.00 0.00 0.00 0.00
1.00 1.78 1.80 0.46 3.05 3.56 1.02 0.51 0.00 0.00 0.00 0.00 0.00 0.00 0.00
1.00 2.40 1.01 -0.21 3.20 1.42 -0.26 0.12 0.00 0.00 0.00 0.00 0.00 0.00 0.00
0 0 0 0 0 0 0 0 0 0 0 0 0 0 0
1.00 1.99 1.19 0.41 1.74 0.73 -0.21 0.06 0.00 0.00 0.00 0.00 0.00 0.00 0.00
0 0 0 0 0 0 0 0 0 0 0 0 0 0 0
1.00 1.99 1.19 0.41 1.74 0.73 -0.21 0.06 0.00 0.00 0.00 0.00 0.00 0.00 0.00
0 0 0 0 0 0 0 0 0 0 0 0 0 0 0
1.00 0.97 1.02 0.42 0.77 0.69 0.13 0.12 0.00 0.00 0.00 0.00 0.00 0.00 0.00
0 0 0 0 0 0 0 0 0 0 0 0 0 0 0
1.00 1.66 1.29 0.81 1.33 1.13 0.39 0.25 0.00 0.00 0.00 0.00 0.00 0.00 0.00
0 0 0 0 0 0 0 0 0 0 0 0 0 0 0
1.00 1.07 0.85 0.62 0.70 0.67 0.29 0.17 0.00 0.00 0.00 0.00 0.00 0.00 0.00
0 0 0 0 0 0 0 0 0 0 0 0 0 0 0
1.00 1.00 1.23 0.94 0.93 0.75 0.37 0.24 0.00 0.00 0.00 0.00 0.00 0.00 0.00
0 0 0 0 0 0 0 0 0 0 0 0 0 0 0
1.00 0.80 0.84 0.71 0.45 0.26 0.26 0.17 0.00 0.00 0.00 0.00 0.00 0.00 0.00
0 0 0 0 0 0 0 0 0 0 0 0 0 0 0
1.00 -0.69 -1.09 -0.78 -0.63 -0.96 -0.43 -0.18 0.00 0.00 0.00 0.00 0.00 0.00 0.00
0 0 0 0 0 0 0 0 0 0 0 0 0 0 0
1.00 1.02 0.33 0.16 1.06 0.55 0.24 0.01 0.00 0.00 0.00 0.00 0.00 0.00 0.00
0 0 0 0 0 0 0 0 0 0 0 0 0 0 0
1.00 -0.49 -0.52 -0.31 -0.03 0.01 0.33 0.02 0.00 0.00 0.00 0.00 0.00 0.00 0.00
0 0 0 0 0 0 0 0 0 0 0 0 0 0 0
