1.00 4.83 5.99 6.26 3.67 4.77 4.48 1.51 0.00 0.00 0.00 0.00 0.00 0.00 0.00
1.00 3.24 3.83 4.06 2.68 3.33 3.06 1.03 0.00 0.00 0.00 0.00 0.00 0.00 0.00
1.00 4.26 4.65 4.47 3.71 3.84 3.14 1.43 0.00 0.00 0.00 0.00 0.00 0.00 0.00
0 0 0 0 0 0 0 0 0 0 0 0 0 0 0
1.00 3.92 4.26 4.08 3.46 3.34 2.88 1.30 0.00 0.00 0.00 0.00 0.00 0.00 0.00
0 0 0 0 0 0 0 0 0 0 0 0 0 0 0
1.00 3.92 4.26 4.08 3.46 3.34 2.88 1.30 0.00 0.00 0.00 0.00 0.00 0.00 0.00
0 0 0 0 0 0 0 0 0 0 0 0 0 0 0
1.00 3.35 3.25 3.11 2.83 2.52 2.11 1.00 0.00 0.00 0.00 0.00 0.00 0.00 0.00
0 0 0 0 0 0 0 0 0 0 0 0 0 0 0
1.00 1.91 1.97 1.67 1.53 1.37 1.08 0.61 0.00 0.00 0.00 0.00 0.00 0.00 0.00
0 0 0 0 0 0 0 0 0 0 0 0 0 0 0
1.00 0.36 -0.39 -1.34 0.14 -0.44 -0.84 -0.07 0.00 0.00 0.00 0.00 0.00 0.00 0.00
0 0 0 0 0 0 0 0 0 0 0 0 0 0 0
1.00 2.99 2.57 1.17 2.08 1.82 0.84 0.78 0.00 0.00 0.00 0.00 0.00 0.00 0.00
0 0 0 0 0 0 0 0 0 0 0 0 0 0 0
1.00 -0.70 -3.02 -5.32 -0.42 -1.49 -3.32 -0.72 0.00 0.00 0.00 0.00 0.00 0.00 0.00
0 0 0 0 0 0 0 0 0 0 0 0 0 0 0
1.00 -6.68 -8.79 -8.77 -4.48 -5.96 -6.01 -2.46 0.00 0.00 0.00 0.00 0.00 0.00 0.00
0 0 0 0 0 0 0 0 0 0 0 0 0 0 0
1.00 -9.78 -9.67 -8.49 -7.36 -7.20 -5.93 -2.76 0.00 0.00 0.00 0.00 0.00 0.00 0.00
0 0 0 0 0 0 0 0 0 0 0 0 0 0 0
1.00 -4.53 -4.58 -4.22 -3.17 -3.29 -3.01 -1.26 0.00 0.00 0.00 0.00 0.00 0.00 0.00
0 0 0 0 0 0 0 0 0 0 0 0 0 0 0
