1.00 0.87 0.82 0.52 0.34 0.56 0.43 0.23 0.00 0.00 0.00 0.00 0.00 0.00 0.00
1.00 1.70 1.07 0.47 1.17 0.89 0.39 0.25 0.00 0.00 0.00 0.00 0.00 0.00 0.00
1.00 2.41 1.57 0.76 1.74 1.22 0.48 0.40 0.00 0.00 0.00 0.00 0.00 0.00 0.00
0 0 0 0 0 0 0 0 0 0 0 0 0 0 0
1.00 1.44 0.47 -0.27 0.97 0.41 -0.23 0.09 0.00 0.00 0.00 0.00 0.00 0.00 0.00
0 0 0 0 0 0 0 0 0 0 0 0 0 0 0
1.00 1.44 0.47 -0.27 0.97 0.41 -0.23 0.09 0.00 0.00 0.00 0.00 0.00 0.00 0.00
0 0 0 0 0 0 0 0 0 0 0 0 0 0 0
1.00 1.07 0.48 0.13 0.86 0.39 0.10 0.07 0.00 0.00 0.00 0.00 0.00 0.00 0.00
0 0 0 0 0 0 0 0 0 0 0 0 0 0 0
1.00 0.72 0.54 0.71 0.64 0.48 0.51 0.17 0.00 0.00 0.00 0.00 0.00 0.00 0.00
0 0 0 0 0 0 0 0 0 0 0 0 0 0 0
1.00 0.38 0.68 1.10 0.39 0.57 0.94 0.27 0.00 0.00 0.00 0.00 0.00 0.00 0.00
0 0 0 0 0 0 0 0 0 0 0 0 0 0 0
1.00 -0.02 0.75 1.29 -0.00 0.65 0.96 0.28 0.00 0.00 0.00 0.00 0.00 0.00 0.00
0 0 0 0 0 0 0 0 0 0 0 0 0 0 0
1.00 1.48 1.92 1.78 1.05 1.56 1.42 0.59 0.00 0.00 0.00 0.00 0.00 0.00 0.00
0 0 0 0 0 0 0 0 0 0 0 0 0 0 0
1.00 0.55 0.40 0.22 0.58 0.51 0.33 0.23 0.00 0.00 0.00 0.00 0.00 0.00 0.00
0 0 0 0 0 0 0 0 0 0 0 0 0 0 0
1.00 -1.00 -0.93 -0.88 -0.70 -0.49 -0.58 -0.19 0.00 0.00 0.00 0.00 0.00 0.00 0.00
0 0 0 0 0 0 0 0 0 0 0 0 0 0 0
1.00 -2.24 -2.07 -1.54 -1.39 -1.36 -1.20 -0.57 0.00 0.00 0.00 0.00 0.00 0.00 0.00
0 0 0 0 0 0 0 0 0 0 0 0 0 0 0
