1.00 -3.10 -2.19 -1.18 -2.77 -1.77 -0.86 -0.77 0.00 0.00 0.00 0.00 0.00 0.00 0.00
1.00 1.43 2.39 2.92 0.67 1.79 2.03 0.49 0.00 0.00 0.00 0.00 0.00 0.00 0.00
1.00 4.48 4.78 4.60 3.65 3.94 3.32 1.34 0.00 0.00 0.00 0.00 0.00 0.00 0.00
0 0 0 0 0 0 0 0 0 0 0 0 0 0 0
1.00 5.35 5.35 4.91 4.29 4.26 3.45 1.57 0.00 0.00 0.00 0.00 0.00 0.00 0.00
0 0 0 0 0 0 0 0 0 0 0 0 0 0 0
1.00 5.35 5.35 4.91 4.29 4.26 3.45 1.57 0.00 0.00 0.00 0.00 0.00 0.00 0.00
0 0 0 0 0 0 0 0 0 0 0 0 0 0 0
1.00 5.18 5.20 4.69 4.34 4.02 3.24 1.55 0.00 0.00 0.00 0.00 0.00 0.00 0.00
0 0 0 0 0 0 0 0 0 0 0 0 0 0 0
1.00 3.31 3.82 4.02 2.99 3.02 2.75 1.12 0.00 0.00 0.00 0.00 0.00 0.00 0.00
0 0 0 0 0 0 0 0 0 0 0 0 0 0 0
1.00 2.68 2.96 3.06 2.43 2.34 2.19 0.87 0.00 0.00 0.00 0.00 0.00 0.00 0.00
0 0 0 0 0 0 0 0 0 0 0 0 0 0 0
1.00 1.65 1.89 1.82 1.36 1.19 1.37 0.62 0.00 0.00 0.00 0.00 0.00 0.00 0.00
0 0 0 0 0 0 0 0 0 0 0 0 0 0 0
1.00 0.09 -0.22 -0.69 -0.20 -0.36 -0.62 -0.04 0.00 0.00 0.00 0.00 0.00 0.00 0.00
0 0 0 0 0 0 0 0 0 0 0 0 0 0 0
1.00 -2.60 -4.12 -5.61 -2.25 -3.13 -3.82 -1.12 0.00 0.00 0.00 0.00 0.00 0.00 0.00
0 0 0 0 0 0 0 0 0 0 0 0 0 0 0
1.00 1.90 -0.51 -3.14 1.23 0.13 -1.75 0.03 0.00 0.00 0.00 0.00 0.00 0.00 0.00
0 0 0 0 0 0 0 0 0 0 0 0 0 0 0
1.00 -3.71 -6.48 -7.56 -2.41 -4.02 -4.99 -1.65 0.00 0.00 0.00 0.00 0.00 0.00 0.00
0 0 0 0 0 0 0 0 0 0 0 0 0 0 0
