1.00 0.77 1.11 1.04 0.41 0.74 0.73 0.33 0.00 0.00 0.00 0.00 0.00 0.00 0.00
1.00 1.25 0.78 0.25 0.75 0.58 0.32 0.30 0.00 0.00 0.00 0.00 0.00 0.00 0.00
1.00 0.95 0.26 -0.12 0.59 0.23 -0.13 0.09 0.00 0.00 0.00 0.00 0.00 0.00 0.00
0 0 0 0 0 0 0 0 0 0 0 0 0 0 0
1.00 0.77 0.20 -0.29 0.55 -0.06 -0.28 -0.00 0.00 0.00 0.00 0.00 0.00 0.00 0.00
0 0 0 0 0 0 0 0 0 0 0 0 0 0 0
1.00 0.77 0.20 -0.29 0.55 -0.06 -0.28 -0.00 0.00 0.00 0.00 0.00 0.00 0.00 0.00
0 0 0 0 0 0 0 0 0 0 0 0 0 0 0
1.00 0.71 0.11 -0.15 0.66 0.19 -0.08 0.02 0.00 0.00 0.00 0.00 0.00 0.00 0.00
0 0 0 0 0 0 0 0 0 0 0 0 0 0 0
1.00 0.62 -0.08 -0.23 0.43 -0.18 -0.11 -0.01 0.00 0.00 0.00 0.00 0.00 0.00 0.00
0 0 0 0 0 0 0 0 0 0 0 0 0 0 0
1.00 0.12 0.04 0.14 0.02 0.04 0.14 -0.02 0.00 0.00 0.00 0.00 0.00 0.00 0.00
0 0 0 0 0 0 0 0 0 0 0 0 0 0 0
1.00 -0.21 0.24 0.48 -0.15 0.13 0.34 0.11 0.00 0.00 0.00 0.00 0.00 0.00 0.00
0 0 0 0 0 0 0 0 0 0 0 0 0 0 0
1.00 -0.41 0.25 0.73 -0.28 0.25 0.47 0.06 0.00 0.00 0.00 0.00 0.00 0.00 0.00
0 0 0 0 0 0 0 0 0 0 0 0 0 0 0
1.00 -0.70 -0.09 0.29 -0.44 0.21 0.23 -0.01 0.00 0.00 0.00 0.00 0.00 0.00 0.00
0 0 0 0 0 0 0 0 0 0 0 0 0 0 0
1.00 0.53 0.64 0.75 0.38 0.66 0.49 0.21 0.00 0.00 0.00 0.00 0.00 0.00 0.00
0 0 0 0 0 0 0 0 0 0 0 0 0 0 0
1.00 -0.18 -0.11 -0.28 0.04 0.10 -0.12 0.06 0.00 0.00 0.00 0.00 0.00 0.00 0.00
0 0 0 0 0 0 0 0 0 0 0 0 0 0 0
