1.00 -2.06 -1.31 -0.29 -2.24 -2.00 -0.30 -0.19 0.00 0.00 0.00 0.00 0.00 0.00 0.00
1.00 -1.70 -0.21 0.19 -1.74 0.19 0.75 -0.02 0.00 0.00 0.00 0.00 0.00 0.00 0.00
1.00 -2.10 -0.45 0.16 -2.20 -0.13 0.74 -0.06 0.00 0.00 0.00 0.00 0.00 0.00 0.00
0 0 0 0 0 0 0 0 0 0 0 0 0 0 0
1.00 1.49 1.82 0.86 3.39 4.16 1.25 0.42 0.00 0.00 0.00 0.00 0.00 0.00 0.00
0 0 0 0 0 0 0 0 0 0 0 0 0 0 0
1.00 1.49 1.82 0.86 3.39 4.16 1.25 0.42 0.00 0.00 0.00 0.00 0.00 0.00 0.00
0 0 0 0 0 0 0 0 0 0 0 0 0 0 0
1.00 2.46 1.66 0.22 4.08 3.17 0.36 0.39 0.00 0.00 0.00 0.00 0.00 0.00 0.00
0 0 0 0 0 0 0 0 0 0 0 0 0 0 0
1.00 1.82 0.88 -0.21 1.83 0.79 -0.24 0.11 0.00 0.00 0.00 0.00 0.00 0.00 0.00
0 0 0 0 0 0 0 0 0 0 0 0 0 0 0
1.00 1.46 0.40 0.01 1.26 0.13 -0.17 0.07 0.00 0.00 0.00 0.00 0.00 0.00 0.00
0 0 0 0 0 0 0 0 0 0 0 0 0 0 0
1.00 0.88 0.12 -0.13 0.35 -0.59 -0.56 0.01 0.00 0.00 0.00 0.00 0.00 0.00 0.00
0 0 0 0 0 0 0 0 0 0 0 0 0 0 0
1.00 0.03 -0.47 -0.30 -0.90 -1.33 -0.61 -0.24 0.00 0.00 0.00 0.00 0.00 0.00 0.00
0 0 0 0 0 0 0 0 0 0 0 0 0 0 0
1.00 1.07 0.31 -0.17 0.19 -0.60 -0.39 -0.12 0.00 0.00 0.00 0.00 0.00 0.00 0.00
0 0 0 0 0 0 0 0 0 0 0 0 0 0 0
1.00 0.31 0.02 0.04 -0.22 -0.35 0.16 -0.10 0.00 0.00 0.00 0.00 0.00 0.00 0.00
0 0 0 0 0 0 0 0 0 0 0 0 0 0 0
1.00 -0.57 -0.26 0.09 -0.20 0.04 0.21 -0.02 0.00 0.00 0.00 0.00 0.00 0.00 0.00
0 0 0 0 0 0 0 0 0 0 0 0 0 0 0
