1.00 1.34 0.49 -0.81 2.71 1.87 -0.21 0.03 0.00 0.00 0.00 0.00 0.00 0.00 0.00
1.00 1.99 1.23 0.22 2.40 1.52 0.03 0.14 0.00 0.00 0.00 0.00 0.00 0.00 0.00
1.00 3.52 3.10 2.16 3.69 2.96 1.29 0.76 0.00 0.00 0.00 0.00 0.00 0.00 0.00
0 0 0 0 0 0 0 0 0 0 0 0 0 0 0
1.00 5.23 4.86 3.93 5.35 4.48 2.59 1.26 0.00 0.00 0.00 0.00 0.00 0.00 0.00
0 0 0 0 0 0 0 0 0 0 0 0 0 0 0
1.00 5.23 4.86 3.93 5.35 4.48 2.59 1.26 0.00 0.00 0.00 0.00 0.00 0.00 0.00
0 0 0 0 0 0 0 0 0 0 0 0 0 0 0
1.00 3.98 3.87 3.09 4.44 3.92 2.13 1.06 0.00 0.00 0.00 0.00 0.00 0.00 0.00
0 0 0 0 0 0 0 0 0 0 0 0 0 0 0
1.00 3.60 3.44 2.91 3.84 3.27 2.02 0.98 0.00 0.00 0.00 0.00 0.00 0.00 0.00
0 0 0 0 0 0 0 0 0 0 0 0 0 0 0
1.00 2.75 2.55 2.09 2.72 2.34 1.27 0.75 0.00 0.00 0.00 0.00 0.00 0.00 0.00
0 0 0 0 0 0 0 0 0 0 0 0 0 0 0
1.00 1.43 1.12 1.09 1.26 0.76 0.65 0.45 0.00 0.00 0.00 0.00 0.00 0.00 0.00
0 0 0 0 0 0 0 0 0 0 0 0 0 0 0
1.00 -0.35 -0.47 -0.46 -0.56 -0.81 -0.47 -0.05 0.00 0.00 0.00 0.00 0.00 0.00 0.00
0 0 0 0 0 0 0 0 0 0 0 0 0 0 0
1.00 -3.05 -3.37 -3.01 -3.25 -3.48 -2.08 -0.86 0.00 0.00 0.00 0.00 0.00 0.00 0.00
0 0 0 0 0 0 0 0 0 0 0 0 0 0 0
1.00 -0.47 -1.00 -1.26 -0.21 -0.76 -0.69 -0.25 0.00 0.00 0.00 0.00 0.00 0.00 0.00
0 0 0 0 0 0 0 0 0 0 0 0 0 0 0
1.00 -3.66 -4.04 -2.93 -3.33 -3.50 -1.87 -0.89 0.00 0.00 0.00 0.00 0.00 0.00 0.00
0 0 0 0 0 0 0 0 0 0 0 0 0 0 0
