1.00 -2.70 -1.97 -1.00 -3.34 -2.25 -0.56 -0.43 0.00 0.00 0.00 0.00 0.00 0.00 0.00
1.00 -0.91 -0.05 -0.00 -0.60 1.24 0.85 0.04 0.00 0.00 0.00 0.00 0.00 0.00 0.00
1.00 2.37 1.35 -0.06 3.63 2.73 0.24 0.33 0.00 0.00 0.00 0.00 0.00 0.00 0.00
0 0 0 0 0 0 0 0 0 0 0 0 0 0 0
1.00 3.12 2.09 1.13 3.60 2.41 0.59 0.42 0.00 0.00 0.00 0.00 0.00 0.00 0.00
0 0 0 0 0 0 0 0 0 0 0 0 0 0 0
1.00 3.12 2.09 1.13 3.60 2.41 0.59 0.42 0.00 0.00 0.00 0.00 0.00 0.00 0.00
0 0 0 0 0 0 0 0 0 0 0 0 0 0 0
1.00 4.38 3.90 2.75 4.56 3.41 1.54 0.89 0.00 0.00 0.00 0.00 0.00 0.00 0.00
0 0 0 0 0 0 0 0 0 0 0 0 0 0 0
1.00 2.78 2.67 1.94 2.91 2.57 1.40 0.70 0.00 0.00 0.00 0.00 0.00 0.00 0.00
0 0 0 0 0 0 0 0 0 0 0 0 0 0 0
1.00 2.94 2.56 1.90 3.07 2.33 1.31 0.74 0.00 0.00 0.00 0.00 0.00 0.00 0.00
0 0 0 0 0 0 0 0 0 0 0 0 0 0 0
1.00 2.28 1.82 1.18 2.21 1.37 0.49 0.49 0.00 0.00 0.00 0.00 0.00 0.00 0.00
0 0 0 0 0 0 0 0 0 0 0 0 0 0 0
1.00 0.89 0.36 0.14 0.43 -0.20 -0.31 0.04 0.00 0.00 0.00 0.00 0.00 0.00 0.00
0 0 0 0 0 0 0 0 0 0 0 0 0 0 0
1.00 1.69 1.42 0.86 1.33 0.80 0.14 0.28 0.00 0.00 0.00 0.00 0.00 0.00 0.00
0 0 0 0 0 0 0 0 0 0 0 0 0 0 0
1.00 -0.30 -0.60 -0.73 -0.58 -0.99 -0.61 -0.22 0.00 0.00 0.00 0.00 0.00 0.00 0.00
0 0 0 0 0 0 0 0 0 0 0 0 0 0 0
1.00 -2.96 -2.95 -2.13 -3.14 -2.65 -1.02 -0.69 0.00 0.00 0.00 0.00 0.00 0.00 0.00
0 0 0 0 0 0 0 0 0 0 0 0 0 0 0
