1.00 1.51 0.73 0.22 1.38 0.77 0.22 0.21 0.00 0.00 0.00 0.00 0.00 0.00 0.00
1.00 1.01 0.39 0.22 0.88 0.40 0.19 0.09 0.00 0.00 0.00 0.00 0.00 0.00 0.00
1.00 0.56 0.46 0.76 0.30 0.20 0.54 0.13 0.00 0.00 0.00 0.00 0.00 0.00 0.00
0 0 0 0 0 0 0 0 0 0 0 0 0 0 0
1.00 0.05 0.44 0.91 0.04 0.22 0.58 0.15 0.00 0.00 0.00 0.00 0.00 0.00 0.00
0 0 0 0 0 0 0 0 0 0 0 0 0 0 0
1.00 0.05 0.44 0.91 0.04 0.22 0.58 0.15 0.00 0.00 0.00 0.00 0.00 0.00 0.00
0 0 0 0 0 0 0 0 0 0 0 0 0 0 0
1.00 -0.24 0.34 0.79 -0.21 0.25 0.70 0.09 0.00 0.00 0.00 0.00 0.00 0.00 0.00
0 0 0 0 0 0 0 0 0 0 0 0 0 0 0
1.00 -0.63 -0.16 0.07 -0.30 0.25 0.18 0.12 0.00 0.00 0.00 0.00 0.00 0.00 0.00
0 0 0 0 0 0 0 0 0 0 0 0 0 0 0
1.00 -1.70 -1.33 -1.10 -0.92 -0.95 -0.86 -0.34 0.00 0.00 0.00 0.00 0.00 0.00 0.00
0 0 0 0 0 0 0 0 0 0 0 0 0 0 0
1.00 -1.21 -0.79 -0.49 -0.61 -0.47 -0.27 -0.22 0.00 0.00 0.00 0.00 0.00 0.00 0.00
0 0 0 0 0 0 0 0 0 0 0 0 0 0 0
1.00 -0.91 -0.59 -0.53 -0.59 -0.49 -0.42 -0.19 0.00 0.00 0.00 0.00 0.00 0.00 0.00
0 0 0 0 0 0 0 0 0 0 0 0 0 0 0
1.00 -0.79 -0.52 -0.50 -0.53 -0.47 -0.40 -0.17 0.00 0.00 0.00 0.00 0.00 0.00 0.00
0 0 0 0 0 0 0 0 0 0 0 0 0 0 0
1.00 -0.85 -0.56 -0.27 -0.44 -0.47 -0.31 -0.13 0.00 0.00 0.00 0.00 0.00 0.00 0.00
0 0 0 0 0 0 0 0 0 0 0 0 0 0 0
1.00 -0.50 -0.40 -0.30 -0.53 -0.33 -0.20 -0.12 0.00 0.00 0.00 0.00 0.00 0.00 0.00
0 0 0 0 0 0 0 0 0 0 0 0 0 0 0
