1.00 2.93 1.64 0.62 1.97 1.25 0.49 0.35 0.00 0.00 0.00 0.00 0.00 0.00 0.00
1.00 1.68 0.70 -0.21 1.18 0.56 -0.22 0.12 0.00 0.00 0.00 0.00 0.00 0.00 0.00
1.00 0.93 0.37 0.30 0.47 0.19 0.36 0.07 0.00 0.00 0.00 0.00 0.00 0.00 0.00
0 0 0 0 0 0 0 0 0 0 0 0 0 0 0
1.00 0.53 0.77 1.11 0.29 0.45 0.79 0.18 0.00 0.00 0.00 0.00 0.00 0.00 0.00
0 0 0 0 0 0 0 0 0 0 0 0 0 0 0
1.00 0.53 0.77 1.11 0.29 0.45 0.79 0.18 0.00 0.00 0.00 0.00 0.00 0.00 0.00
0 0 0 0 0 0 0 0 0 0 0 0 0 0 0
1.00 0.35 1.09 1.69 0.26 0.96 1.25 0.44 0.00 0.00 0.00 0.00 0.00 0.00 0.00
0 0 0 0 0 0 0 0 0 0 0 0 0 0 0
1.00 1.72 2.10 2.39 1.10 1.63 1.94 0.62 0.00 0.00 0.00 0.00 0.00 0.00 0.00
0 0 0 0 0 0 0 0 0 0 0 0 0 0 0
1.00 1.52 1.64 1.50 0.96 1.38 1.11 0.61 0.00 0.00 0.00 0.00 0.00 0.00 0.00
0 0 0 0 0 0 0 0 0 0 0 0 0 0 0
1.00 0.42 0.20 0.10 0.39 0.43 0.18 0.17 0.00 0.00 0.00 0.00 0.00 0.00 0.00
0 0 0 0 0 0 0 0 0 0 0 0 0 0 0
1.00 -1.05 -0.97 -1.27 -0.26 -0.51 -1.00 -0.20 0.00 0.00 0.00 0.00 0.00 0.00 0.00
0 0 0 0 0 0 0 0 0 0 0 0 0 0 0
1.00 -2.22 -1.83 -1.58 -1.28 -1.20 -1.23 -0.49 0.00 0.00 0.00 0.00 0.00 0.00 0.00
0 0 0 0 0 0 0 0 0 0 0 0 0 0 0
1.00 -2.55 -1.90 -1.46 -1.61 -1.42 -1.07 -0.63 0.00 0.00 0.00 0.00 0.00 0.00 0.00
0 0 0 0 0 0 0 0 0 0 0 0 0 0 0
1.00 -1.47 -1.07 -0.83 -0.84 -0.77 -0.69 -0.33 0.00 0.00 0.00 0.00 0.00 0.00 0.00
0 0 0 0 0 0 0 0 0 0 0 0 0 0 0
