1.00 -1.21 -0.34 0.38 -1.18 -0.25 0.14 -0.42 0.00 0.00 0.00 0.00 0.00 0.00 0.00
1.00 2.68 3.54 3.91 1.96 2.90 2.88 0.86 0.00 0.00 0.00 0.00 0.00 0.00 0.00
1.00 4.86 5.35 5.03 3.83 3.95 3.37 1.46 0.00 0.00 0.00 0.00 0.00 0.00 0.00
0 0 0 0 0 0 0 0 0 0 0 0 0 0 0
1.00 5.06 5.35 4.95 3.80 3.71 3.43 1.52 0.00 0.00 0.00 0.00 0.00 0.00 0.00
0 0 0 0 0 0 0 0 0 0 0 0 0 0 0
1.00 5.06 5.35 4.95 3.80 3.71 3.43 1.52 0.00 0.00 0.00 0.00 0.00 0.00 0.00
0 0 0 0 0 0 0 0 0 0 0 0 0 0 0
1.00 4.68 4.66 4.02 3.21 3.01 2.77 1.34 0.00 0.00 0.00 0.00 0.00 0.00 0.00
0 0 0 0 0 0 0 0 0 0 0 0 0 0 0
1.00 3.07 3.61 3.60 2.11 2.20 2.45 0.97 0.00 0.00 0.00 0.00 0.00 0.00 0.00
0 0 0 0 0 0 0 0 0 0 0 0 0 0 0
1.00 1.74 1.77 2.12 1.13 0.95 1.29 0.54 0.00 0.00 0.00 0.00 0.00 0.00 0.00
0 0 0 0 0 0 0 0 0 0 0 0 0 0 0
1.00 0.01 -0.20 -0.56 -0.21 -0.26 -0.49 0.02 0.00 0.00 0.00 0.00 0.00 0.00 0.00
0 0 0 0 0 0 0 0 0 0 0 0 0 0 0
1.00 -2.47 -4.13 -6.00 -1.57 -2.36 -3.86 -1.00 0.00 0.00 0.00 0.00 0.00 0.00 0.00
0 0 0 0 0 0 0 0 0 0 0 0 0 0 0
1.00 2.06 -0.62 -3.60 1.69 0.63 -2.01 0.11 0.00 0.00 0.00 0.00 0.00 0.00 0.00
0 0 0 0 0 0 0 0 0 0 0 0 0 0 0
1.00 -3.63 -6.40 -7.16 -1.92 -3.60 -4.48 -1.64 0.00 0.00 0.00 0.00 0.00 0.00 0.00
0 0 0 0 0 0 0 0 0 0 0 0 0 0 0
1.00 -6.22 -6.69 -6.34 -3.96 -4.31 -4.15 -1.89 0.00 0.00 0.00 0.00 0.00 0.00 0.00
0 0 0 0 0 0 0 0 0 0 0 0 0 0 0
