1.00 0.69 1.40 1.78 0.40 1.14 1.41 0.30 0.00 0.00 0.00 0.00 0.00 0.00 0.00
1.00 4.26 3.92 3.14 3.17 3.06 2.15 1.03 0.00 0.00 0.00 0.00 0.00 0.00 0.00
1.00 2.88 2.46 1.80 2.21 2.02 1.26 0.63 0.00 0.00 0.00 0.00 0.00 0.00 0.00
0 0 0 0 0 0 0 0 0 0 0 0 0 0 0
1.00 2.44 2.03 1.27 1.88 1.55 0.88 0.61 0.00 0.00 0.00 0.00 0.00 0.00 0.00
0 0 0 0 0 0 0 0 0 0 0 0 0 0 0
1.00 2.44 2.03 1.27 1.88 1.55 0.88 0.61 0.00 0.00 0.00 0.00 0.00 0.00 0.00
0 0 0 0 0 0 0 0 0 0 0 0 0 0 0
1.00 1.83 1.50 0.85 1.43 1.15 0.59 0.47 0.00 0.00 0.00 0.00 0.00 0.00 0.00
0 0 0 0 0 0 0 0 0 0 0 0 0 0 0
1.00 1.17 0.61 0.24 0.85 0.43 0.19 0.21 0.00 0.00 0.00 0.00 0.00 0.00 0.00
0 0 0 0 0 0 0 0 0 0 0 0 0 0 0
1.00 0.00 -0.21 -0.02 -0.06 -0.36 -0.03 -0.05 0.00 0.00 0.00 0.00 0.00 0.00 0.00
0 0 0 0 0 0 0 0 0 0 0 0 0 0 0
1.00 0.67 0.66 0.78 0.46 0.23 0.64 0.17 0.00 0.00 0.00 0.00 0.00 0.00 0.00
0 0 0 0 0 0 0 0 0 0 0 0 0 0 0
1.00 0.13 0.37 0.65 -0.04 0.24 0.46 0.17 0.00 0.00 0.00 0.00 0.00 0.00 0.00
0 0 0 0 0 0 0 0 0 0 0 0 0 0 0
1.00 -0.68 -0.37 -0.23 -0.38 -0.21 -0.27 -0.02 0.00 0.00 0.00 0.00 0.00 0.00 0.00
0 0 0 0 0 0 0 0 0 0 0 0 0 0 0
1.00 -3.41 -3.65 -3.50 -2.30 -2.18 -2.23 -0.87 0.00 0.00 0.00 0.00 0.00 0.00 0.00
0 0 0 0 0 0 0 0 0 0 0 0 0 0 0
1.00 -1.25 -1.75 -1.97 -0.50 -1.11 -1.19 -0.44 0.00 0.00 0.00 0.00 0.00 0.00 0.00
0 0 0 0 0 0 0 0 0 0 0 0 0 0 0
