1.00 -0.49 -0.28 0.06 -0.55 -0.20 0.13 -0.00 0.00 0.00 0.00 0.00 0.00 0.00 0.00
1.00 0.61 0.16 -0.33 0.25 0.14 -0.13 0.06 0.00 0.00 0.00 0.00 0.00 0.00 0.00
1.00 1.59 1.11 0.63 0.98 0.87 0.58 0.28 0.00 0.00 0.00 0.00 0.00 0.00 0.00
0 0 0 0 0 0 0 0 0 0 0 0 0 0 0
1.00 2.89 2.00 1.16 2.39 1.64 0.90 0.61 0.00 0.00 0.00 0.00 0.00 0.00 0.00
0 0 0 0 0 0 0 0 0 0 0 0 0 0 0
1.00 2.89 2.00 1.16 2.39 1.64 0.90 0.61 0.00 0.00 0.00 0.00 0.00 0.00 0.00
0 0 0 0 0 0 0 0 0 0 0 0 0 0 0
1.00 1.53 0.83 -0.00 1.23 0.66 0.07 0.25 0.00 0.00 0.00 0.00 0.00 0.00 0.00
0 0 0 0 0 0 0 0 0 0 0 0 0 0 0
1.00 1.49 0.85 0.09 1.22 0.74 0.02 0.25 0.00 0.00 0.00 0.00 0.00 0.00 0.00
0 0 0 0 0 0 0 0 0 0 0 0 0 0 0
1.00 1.29 0.48 0.02 0.90 0.38 -0.11 0.12 0.00 0.00 0.00 0.00 0.00 0.00 0.00
0 0 0 0 0 0 0 0 0 0 0 0 0 0 0
1.00 0.31 0.26 0.52 0.32 0.19 0.31 0.05 0.00 0.00 0.00 0.00 0.00 0.00 0.00
0 0 0 0 0 0 0 0 0 0 0 0 0 0 0
1.00 -0.27 0.35 0.95 0.05 0.34 0.65 0.14 0.00 0.00 0.00 0.00 0.00 0.00 0.00
0 0 0 0 0 0 0 0 0 0 0 0 0 0 0
1.00 -0.74 0.08 0.86 -0.58 0.07 0.72 0.04 0.00 0.00 0.00 0.00 0.00 0.00 0.00
0 0 0 0 0 0 0 0 0 0 0 0 0 0 0
1.00 1.23 1.65 1.80 0.82 1.23 1.47 0.55 0.00 0.00 0.00 0.00 0.00 0.00 0.00
0 0 0 0 0 0 0 0 0 0 0 0 0 0 0
1.00 -1.41 -1.46 -1.49 -0.86 -1.02 -1.12 -0.41 0.00 0.00 0.00 0.00 0.00 0.00 0.00
0 0 0 0 0 0 0 0 0 0 0 0 0 0 0
