1.00 0.61 1.71 2.37 0.03 1.18 1.72 0.17 0.00 0.00 0.00 0.00 0.00 0.00 0.00
1.00 4.29 4.80 4.30 3.47 3.95 3.15 1.31 0.00 0.00 0.00 0.00 0.00 0.00 0.00
1.00 5.35 5.32 4.89 4.32 4.15 3.56 1.61 0.00 0.00 0.00 0.00 0.00 0.00 0.00
0 0 0 0 0 0 0 0 0 0 0 0 0 0 0
1.00 5.54 5.44 5.03 4.53 4.28 3.46 1.71 0.00 0.00 0.00 0.00 0.00 0.00 0.00
0 0 0 0 0 0 0 0 0 0 0 0 0 0 0
1.00 5.54 5.44 5.03 4.53 4.28 3.46 1.71 0.00 0.00 0.00 0.00 0.00 0.00 0.00
0 0 0 0 0 0 0 0 0 0 0 0 0 0 0
1.00 7.84 8.50 8.47 6.33 6.49 5.73 2.44 0.00 0.00 0.00 0.00 0.00 0.00 0.00
0 0 0 0 0 0 0 0 0 0 0 0 0 0 0
1.00 7.71 8.31 8.18 6.10 6.06 5.48 2.46 0.00 0.00 0.00 0.00 0.00 0.00 0.00
0 0 0 0 0 0 0 0 0 0 0 0 0 0 0
1.00 6.92 7.32 6.67 5.16 5.11 4.41 2.07 0.00 0.00 0.00 0.00 0.00 0.00 0.00
0 0 0 0 0 0 0 0 0 0 0 0 0 0 0
1.00 5.56 5.24 3.54 3.82 3.71 2.40 1.50 0.00 0.00 0.00 0.00 0.00 0.00 0.00
0 0 0 0 0 0 0 0 0 0 0 0 0 0 0
1.00 2.94 0.84 -2.06 2.09 0.94 -0.96 0.40 0.00 0.00 0.00 0.00 0.00 0.00 0.00
0 0 0 0 0 0 0 0 0 0 0 0 0 0 0
1.00 -1.89 -4.56 -5.62 -1.10 -2.82 -3.65 -1.24 0.00 0.00 0.00 0.00 0.00 0.00 0.00
0 0 0 0 0 0 0 0 0 0 0 0 0 0 0
1.00 -4.79 -5.38 -5.35 -3.13 -3.41 -3.38 -1.48 0.00 0.00 0.00 0.00 0.00 0.00 0.00
0 0 0 0 0 0 0 0 0 0 0 0 0 0 0
1.00 -4.59 -4.90 -4.56 -3.22 -3.18 -3.14 -1.43 0.00 0.00 0.00 0.00 0.00 0.00 0.00
0 0 0 0 0 0 0 0 0 0 0 0 0 0 0
