1.00 -1.72 -1.75 -1.82 -1.07 -1.22 -1.23 -0.45 0.00 0.00 0.00 0.00 0.00 0.00 0.00
1.00 -2.08 -2.13 -2.17 -1.32 -1.49 -1.46 -0.55 0.00 0.00 0.00 0.00 0.00 0.00 0.00
1.00 -2.17 -2.05 -1.48 -1.56 -1.65 -0.98 -0.58 0.00 0.00 0.00 0.00 0.00 0.00 0.00
0 0 0 0 0 0 0 0 0 0 0 0 0 0 0
1.00 -0.29 0.58 1.49 -0.48 0.56 1.06 0.09 0.00 0.00 0.00 0.00 0.00 0.00 0.00
0 0 0 0 0 0 0 0 0 0 0 0 0 0 0
1.00 -0.29 0.58 1.49 -0.48 0.56 1.06 0.09 0.00 0.00 0.00 0.00 0.00 0.00 0.00
0 0 0 0 0 0 0 0 0 0 0 0 0 0 0
1.00 3.52 3.47 3.18 2.39 2.65 2.15 0.86 0.00 0.00 0.00 0.00 0.00 0.00 0.00
0 0 0 0 0 0 0 0 0 0 0 0 0 0 0
1.00 4.75 4.39 3.29 3.60 3.01 2.10 1.19 0.00 0.00 0.00 0.00 0.00 0.00 0.00
0 0 0 0 0 0 0 0 0 0 0 0 0 0 0
1.00 2.76 2.46 1.71 2.04 1.72 1.03 0.69 0.00 0.00 0.00 0.00 0.00 0.00 0.00
0 0 0 0 0 0 0 0 0 0 0 0 0 0 0
1.00 2.13 1.44 0.93 1.44 0.95 0.57 0.42 0.00 0.00 0.00 0.00 0.00 0.00 0.00
0 0 0 0 0 0 0 0 0 0 0 0 0 0 0
1.00 1.02 0.63 0.39 0.48 0.04 0.19 0.16 0.00 0.00 0.00 0.00 0.00 0.00 0.00
0 0 0 0 0 0 0 0 0 0 0 0 0 0 0
1.00 0.99 1.23 1.45 0.52 0.60 0.92 0.33 0.00 0.00 0.00 0.00 0.00 0.00 0.00
0 0 0 0 0 0 0 0 0 0 0 0 0 0 0
1.00 0.54 0.86 1.11 0.36 0.46 0.85 0.23 0.00 0.00 0.00 0.00 0.00 0.00 0.00
0 0 0 0 0 0 0 0 0 0 0 0 0 0 0
1.00 0.01 0.44 0.57 0.02 0.41 0.44 0.14 0.00 0.00 0.00 0.00 0.00 0.00 0.00
0 0 0 0 0 0 0 0 0 0 0 0 0 0 0
