1.00 1.54 0.88 0.18 1.13 0.83 0.19 0.31 0.00 0.00 0.00 0.00 0.00 0.00 0.00
1.00 2.17 1.06 0.35 1.53 0.83 0.10 0.25 0.00 0.00 0.00 0.00 0.00 0.00 0.00
1.00 1.39 0.63 -0.40 1.19 0.60 -0.21 0.21 0.00 0.00 0.00 0.00 0.00 0.00 0.00
0 0 0 0 0 0 0 0 0 0 0 0 0 0 0
1.00 1.22 0.42 -0.03 0.92 0.32 -0.07 0.09 0.00 0.00 0.00 0.00 0.00 0.00 0.00
0 0 0 0 0 0 0 0 0 0 0 0 0 0 0
1.00 1.22 0.42 -0.03 0.92 0.32 -0.07 0.09 0.00 0.00 0.00 0.00 0.00 0.00 0.00
0 0 0 0 0 0 0 0 0 0 0 0 0 0 0
1.00 0.74 0.22 0.28 0.65 0.28 0.26 0.09 0.00 0.00 0.00 0.00 0.00 0.00 0.00
0 0 0 0 0 0 0 0 0 0 0 0 0 0 0
1.00 0.25 0.59 0.84 0.22 0.53 0.59 0.14 0.00 0.00 0.00 0.00 0.00 0.00 0.00
0 0 0 0 0 0 0 0 0 0 0 0 0 0 0
1.00 -0.30 0.45 1.07 -0.19 0.32 0.83 0.18 0.00 0.00 0.00 0.00 0.00 0.00 0.00
0 0 0 0 0 0 0 0 0 0 0 0 0 0 0
1.00 1.27 1.65 1.89 0.85 1.30 1.41 0.61 0.00 0.00 0.00 0.00 0.00 0.00 0.00
0 0 0 0 0 0 0 0 0 0 0 0 0 0 0
1.00 0.70 0.89 0.80 0.44 0.83 0.74 0.38 0.00 0.00 0.00 0.00 0.00 0.00 0.00
0 0 0 0 0 0 0 0 0 0 0 0 0 0 0
1.00 -0.83 -1.02 -1.41 -0.47 -0.61 -1.01 -0.26 0.00 0.00 0.00 0.00 0.00 0.00 0.00
0 0 0 0 0 0 0 0 0 0 0 0 0 0 0
1.00 -2.98 -2.20 -1.67 -2.02 -1.73 -1.22 -0.68 0.00 0.00 0.00 0.00 0.00 0.00 0.00
0 0 0 0 0 0 0 0 0 0 0 0 0 0 0
1.00 -3.16 -2.32 -1.66 -2.15 -1.96 -1.37 -0.78 0.00 0.00 0.00 0.00 0.00 0.00 0.00
0 0 0 0 0 0 0 0 0 0 0 0 0 0 0
