1.00 -1.29 -1.12 -0.79 -0.88 -1.01 -0.46 -0.30 0.00 0.00 0.00 0.00 0.00 0.00 0.00
1.00 -0.27 -0.14 0.23 -0.60 -0.03 0.36 0.03 0.00 0.00 0.00 0.00 0.00 0.00 0.00
1.00 1.92 2.05 1.77 1.31 1.56 1.34 0.57 0.00 0.00 0.00 0.00 0.00 0.00 0.00
0 0 0 0 0 0 0 0 0 0 0 0 0 0 0
1.00 3.68 2.96 1.99 2.94 2.55 1.35 0.74 0.00 0.00 0.00 0.00 0.00 0.00 0.00
0 0 0 0 0 0 0 0 0 0 0 0 0 0 0
1.00 3.68 2.96 1.99 2.94 2.55 1.35 0.74 0.00 0.00 0.00 0.00 0.00 0.00 0.00
0 0 0 0 0 0 0 0 0 0 0 0 0 0 0
1.00 2.47 1.86 0.77 2.08 1.67 0.49 0.52 0.00 0.00 0.00 0.00 0.00 0.00 0.00
0 0 0 0 0 0 0 0 0 0 0 0 0 0 0
1.00 2.14 1.28 0.50 1.83 1.21 0.36 0.33 0.00 0.00 0.00 0.00 0.00 0.00 0.00
0 0 0 0 0 0 0 0 0 0 0 0 0 0 0
1.00 1.26 0.68 0.34 1.04 0.51 0.17 0.18 0.00 0.00 0.00 0.00 0.00 0.00 0.00
0 0 0 0 0 0 0 0 0 0 0 0 0 0 0
1.00 0.43 0.32 0.63 0.17 0.19 0.32 0.04 0.00 0.00 0.00 0.00 0.00 0.00 0.00
0 0 0 0 0 0 0 0 0 0 0 0 0 0 0
1.00 -0.12 0.46 0.75 -0.06 0.14 0.65 0.09 0.00 0.00 0.00 0.00 0.00 0.00 0.00
0 0 0 0 0 0 0 0 0 0 0 0 0 0 0
1.00 1.27 1.73 2.22 0.97 1.24 1.45 0.50 0.00 0.00 0.00 0.00 0.00 0.00 0.00
0 0 0 0 0 0 0 0 0 0 0 0 0 0 0
1.00 0.86 1.19 1.25 0.67 0.89 0.87 0.34 0.00 0.00 0.00 0.00 0.00 0.00 0.00
0 0 0 0 0 0 0 0 0 0 0 0 0 0 0
1.00 -0.17 -0.22 -0.51 -0.08 -0.04 -0.27 0.02 0.00 0.00 0.00 0.00 0.00 0.00 0.00
0 0 0 0 0 0 0 0 0 0 0 0 0 0 0
