1.00 4.35 2.61 0.41 6.08 4.74 0.57 0.43 0.00 0.00 0.00 0.00 0.00 0.00 0.00
1.00 1.19 0.43 -0.43 2.14 1.67 -0.29 -0.16 0.00 0.00 0.00 0.00 0.00 0.00 0.00
1.00 1.77 1.05 0.16 2.14 1.57 0.04 0.14 0.00 0.00 0.00 0.00 0.00 0.00 0.00
0 0 0 0 0 0 0 0 0 0 0 0 0 0 0
1.00 1.00 0.51 -0.13 1.27 0.90 -0.18 -0.00 0.00 0.00 0.00 0.00 0.00 0.00 0.00
0 0 0 0 0 0 0 0 0 0 0 0 0 0 0
1.00 1.00 0.51 -0.13 1.27 0.90 -0.18 -0.00 0.00 0.00 0.00 0.00 0.00 0.00 0.00
0 0 0 0 0 0 0 0 0 0 0 0 0 0 0
1.00 1.53 1.15 0.74 1.55 1.07 0.50 0.33 0.00 0.00 0.00 0.00 0.00 0.00 0.00
0 0 0 0 0 0 0 0 0 0 0 0 0 0 0
1.00 1.90 1.36 1.22 1.64 0.96 0.77 0.48 0.00 0.00 0.00 0.00 0.00 0.00 0.00
0 0 0 0 0 0 0 0 0 0 0 0 0 0 0
1.00 1.45 1.03 1.13 0.78 0.19 0.61 0.49 0.00 0.00 0.00 0.00 0.00 0.00 0.00
0 0 0 0 0 0 0 0 0 0 0 0 0 0 0
1.00 1.65 0.93 0.62 1.03 0.34 0.16 0.24 0.00 0.00 0.00 0.00 0.00 0.00 0.00
0 0 0 0 0 0 0 0 0 0 0 0 0 0 0
1.00 0.58 0.94 1.36 -0.01 0.25 0.90 0.26 0.00 0.00 0.00 0.00 0.00 0.00 0.00
0 0 0 0 0 0 0 0 0 0 0 0 0 0 0
1.00 0.24 0.76 0.95 0.22 0.93 0.90 0.31 0.00 0.00 0.00 0.00 0.00 0.00 0.00
0 0 0 0 0 0 0 0 0 0 0 0 0 0 0
1.00 -5.00 -4.04 -2.16 -4.82 -4.30 -1.51 -0.80 0.00 0.00 0.00 0.00 0.00 0.00 0.00
0 0 0 0 0 0 0 0 0 0 0 0 0 0 0
1.00 -1.92 -1.59 -0.86 -1.93 -1.75 -0.48 -0.29 0.00 0.00 0.00 0.00 0.00 0.00 0.00
0 0 0 0 0 0 0 0 0 0 0 0 0 0 0
