1.00 -0.18 0.58 1.17 -0.34 0.57 0.88 0.21 0.00 0.00 0.00 0.00 0.00 0.00 0.00
1.00 1.73 1.40 0.14 1.16 0.95 0.07 0.28 0.00 0.00 0.00 0.00 0.00 0.00 0.00
1.00 1.73 0.74 0.07 1.05 0.39 -0.08 0.13 0.00 0.00 0.00 0.00 0.00 0.00 0.00
0 0 0 0 0 0 0 0 0 0 0 0 0 0 0
1.00 2.37 1.56 0.75 1.81 1.45 0.48 0.41 0.00 0.00 0.00 0.00 0.00 0.00 0.00
0 0 0 0 0 0 0 0 0 0 0 0 0 0 0
1.00 2.37 1.56 0.75 1.81 1.45 0.48 0.41 0.00 0.00 0.00 0.00 0.00 0.00 0.00
0 0 0 0 0 0 0 0 0 0 0 0 0 0 0
1.00 1.90 0.91 0.23 1.48 0.68 0.10 0.18 0.00 0.00 0.00 0.00 0.00 0.00 0.00
0 0 0 0 0 0 0 0 0 0 0 0 0 0 0
1.00 1.32 0.91 0.64 1.17 0.75 0.53 0.26 0.00 0.00 0.00 0.00 0.00 0.00 0.00
0 0 0 0 0 0 0 0 0 0 0 0 0 0 0
1.00 0.79 0.92 1.17 0.67 0.59 0.79 0.29 0.00 0.00 0.00 0.00 0.00 0.00 0.00
0 0 0 0 0 0 0 0 0 0 0 0 0 0 0
1.00 0.33 0.71 1.24 0.23 0.55 1.11 0.26 0.00 0.00 0.00 0.00 0.00 0.00 0.00
0 0 0 0 0 0 0 0 0 0 0 0 0 0 0
1.00 -0.22 0.32 0.66 -0.04 0.45 0.66 0.26 0.00 0.00 0.00 0.00 0.00 0.00 0.00
0 0 0 0 0 0 0 0 0 0 0 0 0 0 0
1.00 2.09 1.64 1.13 1.43 1.53 1.16 0.61 0.00 0.00 0.00 0.00 0.00 0.00 0.00
0 0 0 0 0 0 0 0 0 0 0 0 0 0 0
1.00 0.07 -0.45 -0.92 0.26 0.14 -0.43 0.04 0.00 0.00 0.00 0.00 0.00 0.00 0.00
0 0 0 0 0 0 0 0 0 0 0 0 0 0 0
1.00 -1.85 -1.97 -1.64 -1.06 -1.22 -1.12 -0.55 0.00 0.00 0.00 0.00 0.00 0.00 0.00
0 0 0 0 0 0 0 0 0 0 0 0 0 0 0
