1.00 -1.72 -1.46 -0.85 -2.13 -1.85 -0.56 -0.29 0.00 0.00 0.00 0.00 0.00 0.00 0.00
1.00 -1.69 -1.29 -0.65 -1.94 -1.32 -0.42 -0.29 0.00 0.00 0.00 0.00 0.00 0.00 0.00
1.00 0.34 0.75 -0.09 0.74 1.62 0.24 0.14 0.00 0.00 0.00 0.00 0.00 0.00 0.00
0 0 0 0 0 0 0 0 0 0 0 0 0 0 0
1.00 2.67 1.56 0.33 3.53 2.08 0.17 0.30 0.00 0.00 0.00 0.00 0.00 0.00 0.00
0 0 0 0 0 0 0 0 0 0 0 0 0 0 0
1.00 2.67 1.56 0.33 3.53 2.08 0.17 0.30 0.00 0.00 0.00 0.00 0.00 0.00 0.00
0 0 0 0 0 0 0 0 0 0 0 0 0 0 0
1.00 3.88 3.54 2.72 4.12 3.61 1.87 0.80 0.00 0.00 0.00 0.00 0.00 0.00 0.00
0 0 0 0 0 0 0 0 0 0 0 0 0 0 0
1.00 2.38 2.03 1.25 2.51 1.98 0.64 0.45 0.00 0.00 0.00 0.00 0.00 0.00 0.00
0 0 0 0 0 0 0 0 0 0 0 0 0 0 0
1.00 2.93 2.52 1.79 3.07 2.44 1.06 0.65 0.00 0.00 0.00 0.00 0.00 0.00 0.00
0 0 0 0 0 0 0 0 0 0 0 0 0 0 0
1.00 3.17 2.89 2.73 3.48 3.01 1.91 0.80 0.00 0.00 0.00 0.00 0.00 0.00 0.00
0 0 0 0 0 0 0 0 0 0 0 0 0 0 0
1.00 3.60 3.30 2.65 3.79 3.22 2.03 1.03 0.00 0.00 0.00 0.00 0.00 0.00 0.00
0 0 0 0 0 0 0 0 0 0 0 0 0 0 0
1.00 5.87 5.08 3.66 6.21 5.20 2.50 1.39 0.00 0.00 0.00 0.00 0.00 0.00 0.00
0 0 0 0 0 0 0 0 0 0 0 0 0 0 0
1.00 4.01 3.33 2.17 4.46 3.30 1.59 0.80 0.00 0.00 0.00 0.00 0.00 0.00 0.00
0 0 0 0 0 0 0 0 0 0 0 0 0 0 0
1.00 1.91 1.46 0.80 2.44 1.88 0.73 0.39 0.00 0.00 0.00 0.00 0.00 0.00 0.00
0 0 0 0 0 0 0 0 0 0 0 0 0 0 0
