1.00 -0.00 0.72 0.94 -0.11 0.55 0.86 0.27 0.00 0.00 0.00 0.00 0.00 0.00 0.00
1.00 -0.52 -0.14 0.12 -0.37 0.04 0.05 0.02 0.00 0.00 0.00 0.00 0.00 0.00 0.00
1.00 -1.65 -0.99 -0.62 -1.03 -0.82 -0.53 -0.31 0.00 0.00 0.00 0.00 0.00 0.00 0.00
0 0 0 0 0 0 0 0 0 0 0 0 0 0 0
1.00 -2.03 -1.12 -0.66 -1.80 -1.18 -0.61 -0.34 0.00 0.00 0.00 0.00 0.00 0.00 0.00
0 0 0 0 0 0 0 0 0 0 0 0 0 0 0
1.00 -2.03 -1.12 -0.66 -1.80 -1.18 -0.61 -0.34 0.00 0.00 0.00 0.00 0.00 0.00 0.00
0 0 0 0 0 0 0 0 0 0 0 0 0 0 0
1.00 -1.03 -0.52 -0.27 -0.79 -0.57 -0.05 -0.15 0.00 0.00 0.00 0.00 0.00 0.00 0.00
0 0 0 0 0 0 0 0 0 0 0 0 0 0 0
1.00 -0.86 -0.44 -0.12 -0.83 -0.37 -0.10 -0.10 0.00 0.00 0.00 0.00 0.00 0.00 0.00
0 0 0 0 0 0 0 0 0 0 0 0 0 0 0
1.00 -0.68 -0.36 -0.11 -0.70 -0.31 -0.08 -0.08 0.00 0.00 0.00 0.00 0.00 0.00 0.00
0 0 0 0 0 0 0 0 0 0 0 0 0 0 0
1.00 -0.36 -0.14 0.01 -0.34 -0.18 -0.08 -0.03 0.00 0.00 0.00 0.00 0.00 0.00 0.00
0 0 0 0 0 0 0 0 0 0 0 0 0 0 0
1.00 -0.24 -0.12 -0.10 -0.13 -0.18 -0.12 -0.08 0.00 0.00 0.00 0.00 0.00 0.00 0.00
0 0 0 0 0 0 0 0 0 0 0 0 0 0 0
1.00 -0.00 -0.09 -0.14 -0.08 -0.01 -0.25 -0.06 0.00 0.00 0.00 0.00 0.00 0.00 0.00
0 0 0 0 0 0 0 0 0 0 0 0 0 0 0
1.00 -0.06 0.07 -0.10 -0.06 0.13 -0.09 0.03 0.00 0.00 0.00 0.00 0.00 0.00 0.00
0 0 0 0 0 0 0 0 0 0 0 0 0 0 0
1.00 0.14 -0.14 -0.15 0.12 0.01 -0.11 -0.05 0.00 0.00 0.00 0.00 0.00 0.00 0.00
0 0 0 0 0 0 0 0 0 0 0 0 0 0 0
