1.00 -1.67 -1.45 -0.65 -2.15 -2.21 -0.70 -0.30 0.00 0.00 0.00 0.00 0.00 0.00 0.00
1.00 -1.47 -0.42 0.19 -2.01 -0.26 0.46 -0.09 0.00 0.00 0.00 0.00 0.00 0.00 0.00
1.00 2.77 2.38 0.87 4.12 4.07 1.22 0.54 0.00 0.00 0.00 0.00 0.00 0.00 0.00
0 0 0 0 0 0 0 0 0 0 0 0 0 0 0
1.00 4.14 2.73 0.90 5.15 3.36 0.54 0.51 0.00 0.00 0.00 0.00 0.00 0.00 0.00
0 0 0 0 0 0 0 0 0 0 0 0 0 0 0
1.00 4.14 2.73 0.90 5.15 3.36 0.54 0.51 0.00 0.00 0.00 0.00 0.00 0.00 0.00
0 0 0 0 0 0 0 0 0 0 0 0 0 0 0
1.00 0.99 0.56 -0.16 1.33 0.96 -0.32 -0.09 0.00 0.00 0.00 0.00 0.00 0.00 0.00
0 0 0 0 0 0 0 0 0 0 0 0 0 0 0
1.00 1.87 1.66 0.97 1.74 1.56 0.58 0.24 0.00 0.00 0.00 0.00 0.00 0.00 0.00
0 0 0 0 0 0 0 0 0 0 0 0 0 0 0
1.00 2.74 2.34 1.68 2.85 2.00 1.03 0.52 0.00 0.00 0.00 0.00 0.00 0.00 0.00
0 0 0 0 0 0 0 0 0 0 0 0 0 0 0
1.00 2.79 2.60 2.08 2.88 2.20 1.15 0.73 0.00 0.00 0.00 0.00 0.00 0.00 0.00
0 0 0 0 0 0 0 0 0 0 0 0 0 0 0
1.00 2.20 1.49 1.19 1.88 1.02 0.46 0.43 0.00 0.00 0.00 0.00 0.00 0.00 0.00
0 0 0 0 0 0 0 0 0 0 0 0 0 0 0
1.00 3.41 2.88 1.88 2.90 2.31 0.95 0.68 0.00 0.00 0.00 0.00 0.00 0.00 0.00
0 0 0 0 0 0 0 0 0 0 0 0 0 0 0
1.00 1.68 1.41 0.85 1.42 0.76 0.21 0.30 0.00 0.00 0.00 0.00 0.00 0.00 0.00
0 0 0 0 0 0 0 0 0 0 0 0 0 0 0
1.00 -0.51 -0.80 -0.62 -0.76 -1.12 -0.47 -0.21 0.00 0.00 0.00 0.00 0.00 0.00 0.00
0 0 0 0 0 0 0 0 0 0 0 0 0 0 0
