1.00 -1.89 -1.02 0.34 -2.57 -1.62 0.61 -0.32 0.00 0.00 0.00 0.00 0.00 0.00 0.00
1.00 1.12 1.21 1.71 0.35 1.40 1.98 0.58 0.00 0.00 0.00 0.00 0.00 0.00 0.00
1.00 1.37 1.31 1.30 0.77 1.44 1.48 0.64 0.00 0.00 0.00 0.00 0.00 0.00 0.00
0 0 0 0 0 0 0 0 0 0 0 0 0 0 0
1.00 1.33 0.87 0.73 0.84 0.95 0.75 0.29 0.00 0.00 0.00 0.00 0.00 0.00 0.00
0 0 0 0 0 0 0 0 0 0 0 0 0 0 0
1.00 1.33 0.87 0.73 0.84 0.95 0.75 0.29 0.00 0.00 0.00 0.00 0.00 0.00 0.00
0 0 0 0 0 0 0 0 0 0 0 0 0 0 0
1.00 0.83 0.73 0.18 0.59 0.41 -0.19 0.11 0.00 0.00 0.00 0.00 0.00 0.00 0.00
0 0 0 0 0 0 0 0 0 0 0 0 0 0 0
1.00 0.90 0.59 -0.53 1.01 0.21 -1.01 -0.03 0.00 0.00 0.00 0.00 0.00 0.00 0.00
0 0 0 0 0 0 0 0 0 0 0 0 0 0 0
1.00 0.90 0.66 0.20 0.69 0.19 -0.28 0.04 0.00 0.00 0.00 0.00 0.00 0.00 0.00
0 0 0 0 0 0 0 0 0 0 0 0 0 0 0
1.00 0.34 0.26 -0.26 0.64 0.22 -0.56 -0.02 0.00 0.00 0.00 0.00 0.00 0.00 0.00
0 0 0 0 0 0 0 0 0 0 0 0 0 0 0
1.00 -0.14 -0.52 -1.23 0.66 0.05 -1.33 -0.23 0.00 0.00 0.00 0.00 0.00 0.00 0.00
0 0 0 0 0 0 0 0 0 0 0 0 0 0 0
1.00 -1.35 -1.55 -2.17 0.56 -0.22 -1.72 -0.48 0.00 0.00 0.00 0.00 0.00 0.00 0.00
0 0 0 0 0 0 0 0 0 0 0 0 0 0 0
1.00 -0.78 -0.91 -1.21 0.07 -0.48 -1.00 -0.30 0.00 0.00 0.00 0.00 0.00 0.00 0.00
0 0 0 0 0 0 0 0 0 0 0 0 0 0 0
1.00 -0.72 -0.82 -1.02 -0.05 -0.51 -0.82 -0.26 0.00 0.00 0.00 0.00 0.00 0.00 0.00
0 0 0 0 0 0 0 0 0 0 0 0 0 0 0
