1.00 -2.44 -1.30 -0.23 -2.49 -1.11 -0.39 -0.62 0.00 0.00 0.00 0.00 0.00 0.00 0.00
1.00 2.52 3.38 3.47 1.57 2.66 2.68 0.86 0.00 0.00 0.00 0.00 0.00 0.00 0.00
1.00 4.78 4.85 4.49 4.05 4.12 3.18 1.43 0.00 0.00 0.00 0.00 0.00 0.00 0.00
0 0 0 0 0 0 0 0 0 0 0 0 0 0 0
1.00 5.07 5.31 4.90 4.33 4.11 3.56 1.61 0.00 0.00 0.00 0.00 0.00 0.00 0.00
0 0 0 0 0 0 0 0 0 0 0 0 0 0 0
1.00 5.07 5.31 4.90 4.33 4.11 3.56 1.61 0.00 0.00 0.00 0.00 0.00 0.00 0.00
0 0 0 0 0 0 0 0 0 0 0 0 0 0 0
1.00 5.02 5.08 4.56 4.06 3.79 3.16 1.53 0.00 0.00 0.00 0.00 0.00 0.00 0.00
0 0 0 0 0 0 0 0 0 0 0 0 0 0 0
1.00 3.39 3.92 4.04 2.87 2.68 2.66 1.15 0.00 0.00 0.00 0.00 0.00 0.00 0.00
0 0 0 0 0 0 0 0 0 0 0 0 0 0 0
1.00 2.08 2.32 2.46 1.53 1.35 1.71 0.70 0.00 0.00 0.00 0.00 0.00 0.00 0.00
0 0 0 0 0 0 0 0 0 0 0 0 0 0 0
1.00 0.24 -0.02 -0.51 -0.02 -0.38 -0.45 -0.00 0.00 0.00 0.00 0.00 0.00 0.00 0.00
0 0 0 0 0 0 0 0 0 0 0 0 0 0 0
1.00 -2.62 -4.30 -6.09 -2.25 -2.99 -4.04 -1.17 0.00 0.00 0.00 0.00 0.00 0.00 0.00
0 0 0 0 0 0 0 0 0 0 0 0 0 0 0
1.00 0.28 -2.40 -5.07 0.23 -1.14 -3.19 -0.59 0.00 0.00 0.00 0.00 0.00 0.00 0.00
0 0 0 0 0 0 0 0 0 0 0 0 0 0 0
1.00 -5.63 -7.81 -7.92 -3.86 -5.05 -5.27 -2.14 0.00 0.00 0.00 0.00 0.00 0.00 0.00
0 0 0 0 0 0 0 0 0 0 0 0 0 0 0
1.00 -8.36 -8.27 -7.24 -6.23 -6.28 -5.17 -2.39 0.00 0.00 0.00 0.00 0.00 0.00 0.00
0 0 0 0 0 0 0 0 0 0 0 0 0 0 0
