1.00 1.98 1.65 0.34 3.56 3.57 1.04 0.47 0.00 0.00 0.00 0.00 0.00 0.00 0.00
1.00 2.50 1.56 0.42 3.34 2.48 0.43 0.35 0.00 0.00 0.00 0.00 0.00 0.00 0.00
1.00 3.18 2.68 1.37 3.71 2.85 0.83 0.50 0.00 0.00 0.00 0.00 0.00 0.00 0.00
0 0 0 0 0 0 0 0 0 0 0 0 0 0 0
1.00 4.13 3.45 2.17 4.36 3.40 1.17 0.73 0.00 0.00 0.00 0.00 0.00 0.00 0.00
0 0 0 0 0 0 0 0 0 0 0 0 0 0 0
1.00 4.13 3.45 2.17 4.36 3.40 1.17 0.73 0.00 0.00 0.00 0.00 0.00 0.00 0.00
0 0 0 0 0 0 0 0 0 0 0 0 0 0 0
1.00 2.25 2.15 1.44 2.64 2.41 0.95 0.45 0.00 0.00 0.00 0.00 0.00 0.00 0.00
0 0 0 0 0 0 0 0 0 0 0 0 0 0 0
1.00 2.31 2.27 1.58 2.63 2.06 0.93 0.53 0.00 0.00 0.00 0.00 0.00 0.00 0.00
0 0 0 0 0 0 0 0 0 0 0 0 0 0 0
1.00 1.95 1.58 1.25 1.91 1.46 0.70 0.35 0.00 0.00 0.00 0.00 0.00 0.00 0.00
0 0 0 0 0 0 0 0 0 0 0 0 0 0 0
1.00 0.96 0.79 0.43 0.75 0.39 0.15 0.24 0.00 0.00 0.00 0.00 0.00 0.00 0.00
0 0 0 0 0 0 0 0 0 0 0 0 0 0 0
1.00 -0.23 -0.62 -0.76 -0.74 -1.07 -0.70 -0.16 0.00 0.00 0.00 0.00 0.00 0.00 0.00
0 0 0 0 0 0 0 0 0 0 0 0 0 0 0
1.00 -2.40 -2.51 -1.58 -2.80 -2.62 -1.17 -0.59 0.00 0.00 0.00 0.00 0.00 0.00 0.00
0 0 0 0 0 0 0 0 0 0 0 0 0 0 0
1.00 -0.92 -1.33 -0.56 -1.06 -0.98 -0.24 -0.23 0.00 0.00 0.00 0.00 0.00 0.00 0.00
0 0 0 0 0 0 0 0 0 0 0 0 0 0 0
1.00 -3.28 -3.29 -2.19 -2.82 -2.73 -1.23 -0.58 0.00 0.00 0.00 0.00 0.00 0.00 0.00
0 0 0 0 0 0 0 0 0 0 0 0 0 0 0
