1.00 -0.97 -0.61 -0.26 -1.17 -0.78 -0.06 -0.13 0.00 0.00 0.00 0.00 0.00 0.00 0.00
1.00 -0.67 -0.66 -0.62 -0.74 -0.69 -0.26 -0.11 0.00 0.00 0.00 0.00 0.00 0.00 0.00
1.00 0.56 0.25 0.04 0.13 0.22 0.14 0.10 0.00 0.00 0.00 0.00 0.00 0.00 0.00
0 0 0 0 0 0 0 0 0 0 0 0 0 0 0
1.00 2.38 1.38 0.29 1.96 1.39 0.25 0.30 0.00 0.00 0.00 0.00 0.00 0.00 0.00
0 0 0 0 0 0 0 0 0 0 0 0 0 0 0
1.00 2.38 1.38 0.29 1.96 1.39 0.25 0.30 0.00 0.00 0.00 0.00 0.00 0.00 0.00
0 0 0 0 0 0 0 0 0 0 0 0 0 0 0
1.00 2.66 1.54 0.46 2.44 1.58 0.33 0.43 0.00 0.00 0.00 0.00 0.00 0.00 0.00
0 0 0 0 0 0 0 0 0 0 0 0 0 0 0
1.00 2.04 0.79 -0.22 1.79 0.80 -0.27 0.06 0.00 0.00 0.00 0.00 0.00 0.00 0.00
0 0 0 0 0 0 0 0 0 0 0 0 0 0 0
1.00 1.14 0.15 -0.28 0.70 0.13 -0.30 -0.11 0.00 0.00 0.00 0.00 0.00 0.00 0.00
0 0 0 0 0 0 0 0 0 0 0 0 0 0 0
1.00 0.09 0.03 0.27 -0.06 0.15 0.16 0.09 0.00 0.00 0.00 0.00 0.00 0.00 0.00
0 0 0 0 0 0 0 0 0 0 0 0 0 0 0
1.00 -0.39 0.39 1.14 -0.12 0.18 0.91 0.15 0.00 0.00 0.00 0.00 0.00 0.00 0.00
0 0 0 0 0 0 0 0 0 0 0 0 0 0 0
1.00 -0.71 0.52 1.46 -0.62 0.23 1.06 0.25 0.00 0.00 0.00 0.00 0.00 0.00 0.00
0 0 0 0 0 0 0 0 0 0 0 0 0 0 0
1.00 1.58 2.03 2.32 1.19 1.36 1.70 0.67 0.00 0.00 0.00 0.00 0.00 0.00 0.00
0 0 0 0 0 0 0 0 0 0 0 0 0 0 0
1.00 1.32 1.52 1.28 0.98 1.30 1.17 0.47 0.00 0.00 0.00 0.00 0.00 0.00 0.00
0 0 0 0 0 0 0 0 0 0 0 0 0 0 0
