1.00 -2.66 -1.55 -0.66 -3.34 -1.54 0.04 -0.30 0.00 0.00 0.00 0.00 0.00 0.00 0.00
1.00 1.33 1.56 0.74 2.46 3.03 1.20 0.38 0.00 0.00 0.00 0.00 0.00 0.00 0.00
1.00 0.76 1.06 0.47 1.74 2.37 0.97 0.27 0.00 0.00 0.00 0.00 0.00 0.00 0.00
0 0 0 0 0 0 0 0 0 0 0 0 0 0 0
1.00 3.26 2.20 0.78 4.19 2.62 0.57 0.46 0.00 0.00 0.00 0.00 0.00 0.00 0.00
0 0 0 0 0 0 0 0 0 0 0 0 0 0 0
1.00 3.26 2.20 0.78 4.19 2.62 0.57 0.46 0.00 0.00 0.00 0.00 0.00 0.00 0.00
0 0 0 0 0 0 0 0 0 0 0 0 0 0 0
1.00 4.59 3.60 2.35 4.77 3.46 1.03 0.74 0.00 0.00 0.00 0.00 0.00 0.00 0.00
0 0 0 0 0 0 0 0 0 0 0 0 0 0 0
1.00 3.01 2.72 1.85 3.29 2.79 1.14 0.59 0.00 0.00 0.00 0.00 0.00 0.00 0.00
0 0 0 0 0 0 0 0 0 0 0 0 0 0 0
1.00 3.38 2.76 2.02 3.53 2.86 1.20 0.72 0.00 0.00 0.00 0.00 0.00 0.00 0.00
0 0 0 0 0 0 0 0 0 0 0 0 0 0 0
1.00 2.66 2.05 1.55 2.67 1.76 0.72 0.58 0.00 0.00 0.00 0.00 0.00 0.00 0.00
0 0 0 0 0 0 0 0 0 0 0 0 0 0 0
1.00 1.39 0.85 0.53 1.16 0.37 -0.08 0.21 0.00 0.00 0.00 0.00 0.00 0.00 0.00
0 0 0 0 0 0 0 0 0 0 0 0 0 0 0
1.00 -0.75 -1.20 -1.21 -1.30 -1.99 -1.09 -0.31 0.00 0.00 0.00 0.00 0.00 0.00 0.00
0 0 0 0 0 0 0 0 0 0 0 0 0 0 0
1.00 3.25 1.93 0.60 2.93 1.33 0.15 0.30 0.00 0.00 0.00 0.00 0.00 0.00 0.00
0 0 0 0 0 0 0 0 0 0 0 0 0 0 0
1.00 -1.52 -1.95 -1.45 -1.20 -1.46 -0.73 -0.36 0.00 0.00 0.00 0.00 0.00 0.00 0.00
0 0 0 0 0 0 0 0 0 0 0 0 0 0 0
