1.00 1.48 2.02 1.75 1.08 1.81 1.41 0.41 0.00 0.00 0.00 0.00 0.00 0.00 0.00
1.00 2.52 2.18 1.39 2.00 1.80 0.96 0.46 0.00 0.00 0.00 0.00 0.00 0.00 0.00
1.00 2.53 2.17 1.55 1.81 1.43 0.97 0.49 0.00 0.00 0.00 0.00 0.00 0.00 0.00
0 0 0 0 0 0 0 0 0 0 0 0 0 0 0
1.00 2.69 2.21 1.50 2.11 1.73 0.91 0.67 0.00 0.00 0.00 0.00 0.00 0.00 0.00
0 0 0 0 0 0 0 0 0 0 0 0 0 0 0
1.00 2.69 2.21 1.50 2.11 1.73 0.91 0.67 0.00 0.00 0.00 0.00 0.00 0.00 0.00
0 0 0 0 0 0 0 0 0 0 0 0 0 0 0
1.00 2.32 1.65 1.09 2.12 1.49 0.66 0.55 0.00 0.00 0.00 0.00 0.00 0.00 0.00
0 0 0 0 0 0 0 0 0 0 0 0 0 0 0
1.00 1.84 1.18 0.74 1.49 0.80 0.39 0.32 0.00 0.00 0.00 0.00 0.00 0.00 0.00
0 0 0 0 0 0 0 0 0 0 0 0 0 0 0
1.00 1.14 0.79 0.93 1.02 0.56 0.43 0.22 0.00 0.00 0.00 0.00 0.00 0.00 0.00
0 0 0 0 0 0 0 0 0 0 0 0 0 0 0
1.00 0.52 0.43 0.76 0.29 0.17 0.49 0.10 0.00 0.00 0.00 0.00 0.00 0.00 0.00
0 0 0 0 0 0 0 0 0 0 0 0 0 0 0
1.00 -0.27 0.08 0.63 -0.30 0.00 0.42 0.09 0.00 0.00 0.00 0.00 0.00 0.00 0.00
0 0 0 0 0 0 0 0 0 0 0 0 0 0 0
1.00 -0.98 -0.35 -0.05 -0.75 -0.29 0.16 -0.03 0.00 0.00 0.00 0.00 0.00 0.00 0.00
0 0 0 0 0 0 0 0 0 0 0 0 0 0 0
1.00 -1.89 -1.73 -1.81 -1.52 -1.11 -1.09 -0.40 0.00 0.00 0.00 0.00 0.00 0.00 0.00
0 0 0 0 0 0 0 0 0 0 0 0 0 0 0
1.00 1.05 0.43 -0.51 0.97 0.68 -0.16 0.17 0.00 0.00 0.00 0.00 0.00 0.00 0.00
0 0 0 0 0 0 0 0 0 0 0 0 0 0 0
