1.00 -2.52 -1.74 -0.75 -3.31 -2.64 -0.81 -0.40 0.00 0.00 0.00 0.00 0.00 0.00 0.00
1.00 -1.26 0.06 0.28 -1.51 0.75 0.80 -0.12 0.00 0.00 0.00 0.00 0.00 0.00 0.00
1.00 2.68 2.05 0.43 4.29 4.15 0.75 0.47 0.00 0.00 0.00 0.00 0.00 0.00 0.00
0 0 0 0 0 0 0 0 0 0 0 0 0 0 0
1.00 2.90 1.72 0.33 3.87 2.53 0.22 0.31 0.00 0.00 0.00 0.00 0.00 0.00 0.00
0 0 0 0 0 0 0 0 0 0 0 0 0 0 0
1.00 2.90 1.72 0.33 3.87 2.53 0.22 0.31 0.00 0.00 0.00 0.00 0.00 0.00 0.00
0 0 0 0 0 0 0 0 0 0 0 0 0 0 0
1.00 3.39 2.01 0.79 3.68 2.40 0.43 0.46 0.00 0.00 0.00 0.00 0.00 0.00 0.00
0 0 0 0 0 0 0 0 0 0 0 0 0 0 0
1.00 2.25 1.37 0.66 2.47 1.63 0.36 0.35 0.00 0.00 0.00 0.00 0.00 0.00 0.00
0 0 0 0 0 0 0 0 0 0 0 0 0 0 0
1.00 2.05 1.52 0.94 2.04 1.43 0.59 0.39 0.00 0.00 0.00 0.00 0.00 0.00 0.00
0 0 0 0 0 0 0 0 0 0 0 0 0 0 0
1.00 1.13 0.40 0.39 0.50 -0.18 -0.08 0.15 0.00 0.00 0.00 0.00 0.00 0.00 0.00
0 0 0 0 0 0 0 0 0 0 0 0 0 0 0
1.00 0.41 -0.06 0.19 -0.30 -0.77 -0.22 0.04 0.00 0.00 0.00 0.00 0.00 0.00 0.00
0 0 0 0 0 0 0 0 0 0 0 0 0 0 0
1.00 1.66 1.15 0.70 1.03 0.43 0.28 0.19 0.00 0.00 0.00 0.00 0.00 0.00 0.00
0 0 0 0 0 0 0 0 0 0 0 0 0 0 0
1.00 0.57 0.25 0.02 0.23 0.15 -0.05 -0.00 0.00 0.00 0.00 0.00 0.00 0.00 0.00
0 0 0 0 0 0 0 0 0 0 0 0 0 0 0
1.00 -1.26 -1.07 -0.65 -1.10 -1.07 -0.13 -0.29 0.00 0.00 0.00 0.00 0.00 0.00 0.00
0 0 0 0 0 0 0 0 0 0 0 0 0 0 0
