1.00 1.17 1.62 1.70 0.29 0.83 1.13 0.49 0.00 0.00 0.00 0.00 0.00 0.00 0.00
1.00 0.73 0.82 0.21 0.56 0.68 0.10 0.22 0.00 0.00 0.00 0.00 0.00 0.00 0.00
1.00 -0.09 -0.67 -1.50 0.53 0.00 -1.31 -0.16 0.00 0.00 0.00 0.00 0.00 0.00 0.00
0 0 0 0 0 0 0 0 0 0 0 0 0 0 0
1.00 -1.77 -2.15 -2.78 0.00 -0.91 -2.29 -0.70 0.00 0.00 0.00 0.00 0.00 0.00 0.00
0 0 0 0 0 0 0 0 0 0 0 0 0 0 0
1.00 -1.77 -2.15 -2.78 0.00 -0.91 -2.29 -0.70 0.00 0.00 0.00 0.00 0.00 0.00 0.00
0 0 0 0 0 0 0 0 0 0 0 0 0 0 0
1.00 -2.76 -2.72 -3.39 -0.49 -1.31 -2.60 -0.92 0.00 0.00 0.00 0.00 0.00 0.00 0.00
0 0 0 0 0 0 0 0 0 0 0 0 0 0 0
1.00 -1.43 -1.35 -1.63 -0.57 -0.79 -1.47 -0.54 0.00 0.00 0.00 0.00 0.00 0.00 0.00
0 0 0 0 0 0 0 0 0 0 0 0 0 0 0
1.00 -1.01 -1.11 -1.26 -0.04 -0.42 -1.10 -0.35 0.00 0.00 0.00 0.00 0.00 0.00 0.00
0 0 0 0 0 0 0 0 0 0 0 0 0 0 0
1.00 -0.69 -0.63 -0.93 0.32 -0.02 -0.82 -0.20 0.00 0.00 0.00 0.00 0.00 0.00 0.00
0 0 0 0 0 0 0 0 0 0 0 0 0 0 0
1.00 -0.43 -0.62 -0.85 0.68 0.19 -0.60 -0.18 0.00 0.00 0.00 0.00 0.00 0.00 0.00
0 0 0 0 0 0 0 0 0 0 0 0 0 0 0
1.00 -0.24 -0.34 -0.56 0.75 0.34 -0.42 -0.06 0.00 0.00 0.00 0.00 0.00 0.00 0.00
0 0 0 0 0 0 0 0 0 0 0 0 0 0 0
1.00 -0.09 -0.39 -0.46 0.39 0.18 -0.32 -0.08 0.00 0.00 0.00 0.00 0.00 0.00 0.00
0 0 0 0 0 0 0 0 0 0 0 0 0 0 0
1.00 -0.08 -0.11 -0.37 0.22 0.03 -0.30 -0.02 0.00 0.00 0.00 0.00 0.00 0.00 0.00
0 0 0 0 0 0 0 0 0 0 0 0 0 0 0
