1.00 -1.35 -0.87 0.03 -0.82 -0.63 0.01 -0.23 0.00 0.00 0.00 0.00 0.00 0.00 0.00
1.00 3.04 3.91 4.54 1.58 2.30 3.02 0.86 0.00 0.00 0.00 0.00 0.00 0.00 0.00
1.00 2.80 3.57 4.11 1.45 2.11 2.74 0.78 0.00 0.00 0.00 0.00 0.00 0.00 0.00
0 0 0 0 0 0 0 0 0 0 0 0 0 0 0
1.00 1.81 2.66 2.61 0.70 1.67 1.81 0.57 0.00 0.00 0.00 0.00 0.00 0.00 0.00
0 0 0 0 0 0 0 0 0 0 0 0 0 0 0
1.00 1.81 2.66 2.61 0.70 1.67 1.81 0.57 0.00 0.00 0.00 0.00 0.00 0.00 0.00
0 0 0 0 0 0 0 0 0 0 0 0 0 0 0
1.00 3.85 3.79 3.39 2.72 2.89 2.33 0.97 0.00 0.00 0.00 0.00 0.00 0.00 0.00
0 0 0 0 0 0 0 0 0 0 0 0 0 0 0
1.00 3.86 3.86 3.36 2.99 2.79 2.35 1.03 0.00 0.00 0.00 0.00 0.00 0.00 0.00
0 0 0 0 0 0 0 0 0 0 0 0 0 0 0
1.00 3.45 3.15 2.62 2.60 2.21 1.65 0.88 0.00 0.00 0.00 0.00 0.00 0.00 0.00
0 0 0 0 0 0 0 0 0 0 0 0 0 0 0
1.00 2.33 1.87 0.96 1.95 1.30 0.55 0.59 0.00 0.00 0.00 0.00 0.00 0.00 0.00
0 0 0 0 0 0 0 0 0 0 0 0 0 0 0
1.00 4.41 4.80 4.32 2.84 3.04 2.76 1.31 0.00 0.00 0.00 0.00 0.00 0.00 0.00
0 0 0 0 0 0 0 0 0 0 0 0 0 0 0
1.00 2.02 0.74 -1.32 1.12 0.66 -0.73 0.37 0.00 0.00 0.00 0.00 0.00 0.00 0.00
0 0 0 0 0 0 0 0 0 0 0 0 0 0 0
1.00 -3.89 -7.10 -8.92 -2.28 -3.76 -5.48 -1.62 0.00 0.00 0.00 0.00 0.00 0.00 0.00
0 0 0 0 0 0 0 0 0 0 0 0 0 0 0
1.00 -10.98 -11.35 -10.33 -6.66 -7.28 -6.64 -2.93 0.00 0.00 0.00 0.00 0.00 0.00 0.00
0 0 0 0 0 0 0 0 0 0 0 0 0 0 0
