1.00 0.28 -0.16 -0.95 0.41 0.07 -0.78 -0.05 0.00 0.00 0.00 0.00 0.00 0.00 0.00
1.00 -0.82 -1.07 -1.78 0.25 -0.46 -1.34 -0.30 0.00 0.00 0.00 0.00 0.00 0.00 0.00
1.00 -1.03 -1.13 -1.50 0.35 -0.22 -1.35 -0.29 0.00 0.00 0.00 0.00 0.00 0.00 0.00
0 0 0 0 0 0 0 0 0 0 0 0 0 0 0
1.00 -0.99 -1.12 -1.50 0.64 0.10 -1.27 -0.32 0.00 0.00 0.00 0.00 0.00 0.00 0.00
0 0 0 0 0 0 0 0 0 0 0 0 0 0 0
1.00 -0.99 -1.12 -1.50 0.64 0.10 -1.27 -0.32 0.00 0.00 0.00 0.00 0.00 0.00 0.00
0 0 0 0 0 0 0 0 0 0 0 0 0 0 0
1.00 -0.82 -0.91 -1.45 0.90 0.13 -1.14 -0.26 0.00 0.00 0.00 0.00 0.00 0.00 0.00
0 0 0 0 0 0 0 0 0 0 0 0 0 0 0
1.00 -0.43 -0.57 -0.76 0.39 0.20 -0.68 -0.18 0.00 0.00 0.00 0.00 0.00 0.00 0.00
0 0 0 0 0 0 0 0 0 0 0 0 0 0 0
1.00 -0.22 -0.39 -0.58 0.42 0.01 -0.47 -0.09 0.00 0.00 0.00 0.00 0.00 0.00 0.00
0 0 0 0 0 0 0 0 0 0 0 0 0 0 0
1.00 -0.21 -0.31 -0.48 0.30 0.02 -0.39 -0.15 0.00 0.00 0.00 0.00 0.00 0.00 0.00
0 0 0 0 0 0 0 0 0 0 0 0 0 0 0
1.00 -0.21 -0.14 -0.17 0.28 0.12 -0.07 -0.03 0.00 0.00 0.00 0.00 0.00 0.00 0.00
0 0 0 0 0 0 0 0 0 0 0 0 0 0 0
1.00 -0.07 0.00 0.17 0.09 0.14 0.14 0.04 0.00 0.00 0.00 0.00 0.00 0.00 0.00
0 0 0 0 0 0 0 0 0 0 0 0 0 0 0
1.00 -0.10 -0.13 -0.11 0.21 0.15 -0.16 -0.01 0.00 0.00 0.00 0.00 0.00 0.00 0.00
0 0 0 0 0 0 0 0 0 0 0 0 0 0 0
1.00 -0.10 -0.20 -0.17 0.03 0.01 -0.07 -0.07 0.00 0.00 0.00 0.00 0.00 0.00 0.00
0 0 0 0 0 0 0 0 0 0 0 0 0 0 0
