1.00 -1.35 -0.74 0.11 -1.84 -1.01 0.14 -0.06 0.00 0.00 0.00 0.00 0.00 0.00 0.00
1.00 0.29 0.87 0.58 0.77 2.15 0.99 0.25 0.00 0.00 0.00 0.00 0.00 0.00 0.00
1.00 2.66 1.51 -0.13 3.96 2.48 0.04 0.23 0.00 0.00 0.00 0.00 0.00 0.00 0.00
0 0 0 0 0 0 0 0 0 0 0 0 0 0 0
1.00 2.32 1.03 -0.55 2.48 1.32 -0.69 -0.00 0.00 0.00 0.00 0.00 0.00 0.00 0.00
0 0 0 0 0 0 0 0 0 0 0 0 0 0 0
1.00 2.32 1.03 -0.55 2.48 1.32 -0.69 -0.00 0.00 0.00 0.00 0.00 0.00 0.00 0.00
0 0 0 0 0 0 0 0 0 0 0 0 0 0 0
1.00 1.29 0.78 -0.20 1.77 1.24 -0.17 0.01 0.00 0.00 0.00 0.00 0.00 0.00 0.00
0 0 0 0 0 0 0 0 0 0 0 0 0 0 0
1.00 1.41 0.62 -0.26 1.54 0.63 -0.23 0.06 0.00 0.00 0.00 0.00 0.00 0.00 0.00
0 0 0 0 0 0 0 0 0 0 0 0 0 0 0
1.00 1.04 0.56 0.01 0.63 0.31 -0.17 0.10 0.00 0.00 0.00 0.00 0.00 0.00 0.00
0 0 0 0 0 0 0 0 0 0 0 0 0 0 0
1.00 0.59 0.10 0.07 0.13 -0.53 -0.21 0.02 0.00 0.00 0.00 0.00 0.00 0.00 0.00
0 0 0 0 0 0 0 0 0 0 0 0 0 0 0
1.00 -0.07 -0.16 0.03 -0.68 -0.85 -0.09 -0.02 0.00 0.00 0.00 0.00 0.00 0.00 0.00
0 0 0 0 0 0 0 0 0 0 0 0 0 0 0
1.00 -0.78 -0.56 0.38 -1.40 -1.17 0.12 -0.06 0.00 0.00 0.00 0.00 0.00 0.00 0.00
0 0 0 0 0 0 0 0 0 0 0 0 0 0 0
1.00 0.61 0.46 0.65 -0.30 -0.18 0.17 0.08 0.00 0.00 0.00 0.00 0.00 0.00 0.00
0 0 0 0 0 0 0 0 0 0 0 0 0 0 0
1.00 0.67 0.56 0.61 0.65 0.83 0.63 0.16 0.00 0.00 0.00 0.00 0.00 0.00 0.00
0 0 0 0 0 0 0 0 0 0 0 0 0 0 0
