1.00 1.12 2.18 3.05 0.13 1.23 1.97 0.41 0.00 0.00 0.00 0.00 0.00 0.00 0.00
1.00 3.82 4.05 3.83 2.45 2.89 2.55 1.00 0.00 0.00 0.00 0.00 0.00 0.00 0.00
1.00 3.92 4.00 3.68 2.71 2.72 2.49 1.03 0.00 0.00 0.00 0.00 0.00 0.00 0.00
0 0 0 0 0 0 0 0 0 0 0 0 0 0 0
1.00 3.61 3.63 3.13 2.65 2.61 2.14 0.86 0.00 0.00 0.00 0.00 0.00 0.00 0.00
0 0 0 0 0 0 0 0 0 0 0 0 0 0 0
1.00 3.61 3.63 3.13 2.65 2.61 2.14 0.86 0.00 0.00 0.00 0.00 0.00 0.00 0.00
0 0 0 0 0 0 0 0 0 0 0 0 0 0 0
1.00 2.82 2.88 2.27 2.07 1.93 1.48 0.77 0.00 0.00 0.00 0.00 0.00 0.00 0.00
0 0 0 0 0 0 0 0 0 0 0 0 0 0 0
1.00 1.75 1.56 1.15 1.38 0.91 0.63 0.42 0.00 0.00 0.00 0.00 0.00 0.00 0.00
0 0 0 0 0 0 0 0 0 0 0 0 0 0 0
1.00 0.23 -0.26 -0.62 0.01 -0.30 -0.54 -0.04 0.00 0.00 0.00 0.00 0.00 0.00 0.00
0 0 0 0 0 0 0 0 0 0 0 0 0 0 0
1.00 3.39 3.31 2.29 1.72 1.98 1.46 0.90 0.00 0.00 0.00 0.00 0.00 0.00 0.00
0 0 0 0 0 0 0 0 0 0 0 0 0 0 0
1.00 -5.96 -9.28 -10.68 -3.28 -5.01 -6.49 -2.12 0.00 0.00 0.00 0.00 0.00 0.00 0.00
0 0 0 0 0 0 0 0 0 0 0 0 0 0 0
1.00 -11.42 -11.65 -10.95 -6.80 -7.10 -6.68 -2.96 0.00 0.00 0.00 0.00 0.00 0.00 0.00
0 0 0 0 0 0 0 0 0 0 0 0 0 0 0
1.00 -5.00 -5.26 -5.13 -2.89 -3.10 -3.18 -1.33 0.00 0.00 0.00 0.00 0.00 0.00 0.00
0 0 0 0 0 0 0 0 0 0 0 0 0 0 0
1.00 -4.34 -4.55 -4.41 -2.50 -2.67 -2.73 -1.15 0.00 0.00 0.00 0.00 0.00 0.00 0.00
0 0 0 0 0 0 0 0 0 0 0 0 0 0 0
