1.00 -4.40 -3.89 -2.67 -3.27 -2.91 -1.82 -1.15 0.00 0.00 0.00 0.00 0.00 0.00 0.00
1.00 -0.40 0.50 1.12 -1.40 -0.64 0.64 -0.18 0.00 0.00 0.00 0.00 0.00 0.00 0.00
1.00 3.47 4.10 4.05 2.40 2.80 2.93 1.00 0.00 0.00 0.00 0.00 0.00 0.00 0.00
0 0 0 0 0 0 0 0 0 0 0 0 0 0 0
1.00 5.46 5.88 5.44 4.34 4.27 3.66 1.66 0.00 0.00 0.00 0.00 0.00 0.00 0.00
0 0 0 0 0 0 0 0 0 0 0 0 0 0 0
1.00 5.46 5.88 5.44 4.34 4.27 3.66 1.66 0.00 0.00 0.00 0.00 0.00 0.00 0.00
0 0 0 0 0 0 0 0 0 0 0 0 0 0 0
1.00 6.32 6.26 5.38 5.27 4.83 3.83 1.79 0.00 0.00 0.00 0.00 0.00 0.00 0.00
0 0 0 0 0 0 0 0 0 0 0 0 0 0 0
1.00 4.44 4.73 5.01 3.67 3.58 3.44 1.29 0.00 0.00 0.00 0.00 0.00 0.00 0.00
0 0 0 0 0 0 0 0 0 0 0 0 0 0 0
1.00 3.47 3.90 3.91 2.90 2.93 2.74 1.11 0.00 0.00 0.00 0.00 0.00 0.00 0.00
0 0 0 0 0 0 0 0 0 0 0 0 0 0 0
1.00 2.07 2.23 2.17 1.90 1.73 1.36 0.79 0.00 0.00 0.00 0.00 0.00 0.00 0.00
0 0 0 0 0 0 0 0 0 0 0 0 0 0 0
1.00 -0.04 -0.54 -1.45 0.08 -0.22 -0.95 -0.10 0.00 0.00 0.00 0.00 0.00 0.00 0.00
0 0 0 0 0 0 0 0 0 0 0 0 0 0 0
1.00 -3.43 -5.47 -7.11 -2.66 -3.73 -4.61 -1.40 0.00 0.00 0.00 0.00 0.00 0.00 0.00
0 0 0 0 0 0 0 0 0 0 0 0 0 0 0
1.00 0.04 -2.82 -5.10 -0.03 -1.60 -3.10 -0.65 0.00 0.00 0.00 0.00 0.00 0.00 0.00
0 0 0 0 0 0 0 0 0 0 0 0 0 0 0
1.00 -5.50 -6.75 -6.23 -3.68 -4.31 -3.96 -1.75 0.00 0.00 0.00 0.00 0.00 0.00 0.00
0 0 0 0 0 0 0 0 0 0 0 0 0 0 0
