1.00 1.63 1.56 0.47 2.88 3.36 0.95 0.30 0.00 0.00 0.00 0.00 0.00 0.00 0.00
1.00 2.42 1.38 0.11 3.57 2.49 0.13 0.27 0.00 0.00 0.00 0.00 0.00 0.00 0.00
1.00 2.59 1.35 0.28 3.06 1.98 0.13 0.29 0.00 0.00 0.00 0.00 0.00 0.00 0.00
0 0 0 0 0 0 0 0 0 0 0 0 0 0 0
1.00 2.84 1.77 0.73 2.83 1.75 0.40 0.43 0.00 0.00 0.00 0.00 0.00 0.00 0.00
0 0 0 0 0 0 0 0 0 0 0 0 0 0 0
1.00 2.84 1.77 0.73 2.83 1.75 0.40 0.43 0.00 0.00 0.00 0.00 0.00 0.00 0.00
0 0 0 0 0 0 0 0 0 0 0 0 0 0 0
1.00 2.35 1.39 0.39 2.48 1.41 0.16 0.28 0.00 0.00 0.00 0.00 0.00 0.00 0.00
0 0 0 0 0 0 0 0 0 0 0 0 0 0 0
1.00 1.82 1.19 0.48 1.79 0.86 0.03 0.26 0.00 0.00 0.00 0.00 0.00 0.00 0.00
0 0 0 0 0 0 0 0 0 0 0 0 0 0 0
1.00 1.50 0.70 0.18 1.05 0.22 -0.21 0.20 0.00 0.00 0.00 0.00 0.00 0.00 0.00
0 0 0 0 0 0 0 0 0 0 0 0 0 0 0
1.00 0.38 0.09 0.32 -0.12 -0.54 -0.06 -0.05 0.00 0.00 0.00 0.00 0.00 0.00 0.00
0 0 0 0 0 0 0 0 0 0 0 0 0 0 0
1.00 -0.77 -0.24 0.55 -1.20 -0.65 0.50 -0.02 0.00 0.00 0.00 0.00 0.00 0.00 0.00
0 0 0 0 0 0 0 0 0 0 0 0 0 0 0
1.00 -2.28 -1.76 -0.54 -2.14 -1.49 -0.20 -0.23 0.00 0.00 0.00 0.00 0.00 0.00 0.00
0 0 0 0 0 0 0 0 0 0 0 0 0 0 0
1.00 -1.15 -1.20 -0.54 -0.88 -1.24 -0.34 -0.14 0.00 0.00 0.00 0.00 0.00 0.00 0.00
0 0 0 0 0 0 0 0 0 0 0 0 0 0 0
1.00 -3.13 -2.09 -0.99 -3.16 -2.51 -0.69 -0.44 0.00 0.00 0.00 0.00 0.00 0.00 0.00
0 0 0 0 0 0 0 0 0 0 0 0 0 0 0
