1.00 1.36 1.17 1.07 0.61 1.08 1.11 0.49 0.00 0.00 0.00 0.00 0.00 0.00 0.00
1.00 1.71 0.94 0.75 0.99 1.16 0.90 0.42 0.00 0.00 0.00 0.00 0.00 0.00 0.00
1.00 1.06 0.37 0.34 0.61 0.58 0.57 0.23 0.00 0.00 0.00 0.00 0.00 0.00 0.00
0 0 0 0 0 0 0 0 0 0 0 0 0 0 0
1.00 0.06 0.06 -0.08 -0.08 -0.35 -0.34 -0.06 0.00 0.00 0.00 0.00 0.00 0.00 0.00
0 0 0 0 0 0 0 0 0 0 0 0 0 0 0
1.00 0.06 0.06 -0.08 -0.08 -0.35 -0.34 -0.06 0.00 0.00 0.00 0.00 0.00 0.00 0.00
0 0 0 0 0 0 0 0 0 0 0 0 0 0 0
1.00 0.32 0.23 -0.18 0.25 -0.06 -0.81 -0.11 0.00 0.00 0.00 0.00 0.00 0.00 0.00
0 0 0 0 0 0 0 0 0 0 0 0 0 0 0
1.00 0.33 0.34 -0.34 0.58 0.21 -0.81 -0.07 0.00 0.00 0.00 0.00 0.00 0.00 0.00
0 0 0 0 0 0 0 0 0 0 0 0 0 0 0
1.00 1.12 1.08 1.14 0.39 0.60 0.56 0.28 0.00 0.00 0.00 0.00 0.00 0.00 0.00
0 0 0 0 0 0 0 0 0 0 0 0 0 0 0
1.00 0.67 0.65 0.22 0.46 0.42 -0.01 0.17 0.00 0.00 0.00 0.00 0.00 0.00 0.00
0 0 0 0 0 0 0 0 0 0 0 0 0 0 0
1.00 0.66 0.65 0.27 0.49 0.45 0.05 0.17 0.00 0.00 0.00 0.00 0.00 0.00 0.00
0 0 0 0 0 0 0 0 0 0 0 0 0 0 0
1.00 0.04 -0.28 -0.45 0.29 0.05 -0.32 -0.03 0.00 0.00 0.00 0.00 0.00 0.00 0.00
0 0 0 0 0 0 0 0 0 0 0 0 0 0 0
1.00 -0.99 -0.88 -1.02 -0.13 -0.37 -0.66 -0.28 0.00 0.00 0.00 0.00 0.00 0.00 0.00
0 0 0 0 0 0 0 0 0 0 0 0 0 0 0
1.00 -1.29 -1.16 -1.51 -0.15 -0.53 -1.26 -0.31 0.00 0.00 0.00 0.00 0.00 0.00 0.00
0 0 0 0 0 0 0 0 0 0 0 0 0 0 0
