1.00 -2.80 -3.50 -4.10 -1.63 -2.19 -2.72 -0.88 0.00 0.00 0.00 0.00 0.00 0.00 0.00
1.00 -3.34 -2.96 -1.26 -1.96 -2.22 -0.65 -0.80 0.00 0.00 0.00 0.00 0.00 0.00 0.00
1.00 0.58 1.74 2.89 -0.91 0.25 1.81 0.29 0.00 0.00 0.00 0.00 0.00 0.00 0.00
0 0 0 0 0 0 0 0 0 0 0 0 0 0 0
1.00 4.89 5.35 5.12 2.84 3.41 3.32 1.27 0.00 0.00 0.00 0.00 0.00 0.00 0.00
0 0 0 0 0 0 0 0 0 0 0 0 0 0 0
1.00 4.89 5.35 5.12 2.84 3.41 3.32 1.27 0.00 0.00 0.00 0.00 0.00 0.00 0.00
0 0 0 0 0 0 0 0 0 0 0 0 0 0 0
1.00 6.64 6.62 5.91 4.43 4.66 3.87 1.74 0.00 0.00 0.00 0.00 0.00 0.00 0.00
0 0 0 0 0 0 0 0 0 0 0 0 0 0 0
1.00 3.51 3.39 2.95 2.10 2.20 1.96 0.84 0.00 0.00 0.00 0.00 0.00 0.00 0.00
0 0 0 0 0 0 0 0 0 0 0 0 0 0 0
1.00 2.88 2.73 2.87 1.97 1.91 1.92 0.79 0.00 0.00 0.00 0.00 0.00 0.00 0.00
0 0 0 0 0 0 0 0 0 0 0 0 0 0 0
1.00 2.54 2.76 2.46 2.14 2.29 1.67 0.80 0.00 0.00 0.00 0.00 0.00 0.00 0.00
0 0 0 0 0 0 0 0 0 0 0 0 0 0 0
1.00 2.13 1.88 1.35 2.24 1.94 1.15 0.62 0.00 0.00 0.00 0.00 0.00 0.00 0.00
0 0 0 0 0 0 0 0 0 0 0 0 0 0 0
1.00 0.88 0.30 -0.51 1.62 0.74 -0.35 0.15 0.00 0.00 0.00 0.00 0.00 0.00 0.00
0 0 0 0 0 0 0 0 0 0 0 0 0 0 0
1.00 5.21 5.58 4.90 3.90 3.62 2.89 1.40 0.00 0.00 0.00 0.00 0.00 0.00 0.00
0 0 0 0 0 0 0 0 0 0 0 0 0 0 0
1.00 3.10 2.00 -0.13 1.89 1.30 -0.26 0.57 0.00 0.00 0.00 0.00 0.00 0.00 0.00
0 0 0 0 0 0 0 0 0 0 0 0 0 0 0
