1.00 -1.81 -1.33 -0.35 -2.31 -2.45 -0.58 -0.32 0.00 0.00 0.00 0.00 0.00 0.00 0.00
1.00 -1.11 0.24 0.50 -1.34 0.58 0.96 -0.03 0.00 0.00 0.00 0.00 0.00 0.00 0.00
1.00 3.11 2.34 0.65 4.53 4.36 0.95 0.50 0.00 0.00 0.00 0.00 0.00 0.00 0.00
0 0 0 0 0 0 0 0 0 0 0 0 0 0 0
1.00 3.79 1.99 0.04 4.63 3.03 -0.16 0.35 0.00 0.00 0.00 0.00 0.00 0.00 0.00
0 0 0 0 0 0 0 0 0 0 0 0 0 0 0
1.00 3.79 1.99 0.04 4.63 3.03 -0.16 0.35 0.00 0.00 0.00 0.00 0.00 0.00 0.00
0 0 0 0 0 0 0 0 0 0 0 0 0 0 0
1.00 0.60 -0.62 -1.62 1.10 -0.12 -1.40 -0.41 0.00 0.00 0.00 0.00 0.00 0.00 0.00
0 0 0 0 0 0 0 0 0 0 0 0 0 0 0
1.00 0.33 -0.16 -0.62 0.14 -0.03 -0.67 -0.24 0.00 0.00 0.00 0.00 0.00 0.00 0.00
0 0 0 0 0 0 0 0 0 0 0 0 0 0 0
1.00 1.07 0.59 0.24 0.85 0.37 -0.02 0.11 0.00 0.00 0.00 0.00 0.00 0.00 0.00
0 0 0 0 0 0 0 0 0 0 0 0 0 0 0
1.00 1.37 1.05 0.82 0.99 0.69 0.43 0.29 0.00 0.00 0.00 0.00 0.00 0.00 0.00
0 0 0 0 0 0 0 0 0 0 0 0 0 0 0
1.00 1.58 1.30 1.29 1.31 0.83 0.71 0.46 0.00 0.00 0.00 0.00 0.00 0.00 0.00
0 0 0 0 0 0 0 0 0 0 0 0 0 0 0
1.00 1.36 1.23 1.45 0.83 0.56 0.93 0.49 0.00 0.00 0.00 0.00 0.00 0.00 0.00
0 0 0 0 0 0 0 0 0 0 0 0 0 0 0
1.00 0.67 1.01 1.60 0.32 0.58 1.30 0.45 0.00 0.00 0.00 0.00 0.00 0.00 0.00
0 0 0 0 0 0 0 0 0 0 0 0 0 0 0
1.00 3.25 2.74 2.13 3.12 2.85 1.87 0.75 0.00 0.00 0.00 0.00 0.00 0.00 0.00
0 0 0 0 0 0 0 0 0 0 0 0 0 0 0
