1.00 -1.67 -0.15 0.39 -2.01 0.17 0.91 0.01 0.00 0.00 0.00 0.00 0.00 0.00 0.00
1.00 1.84 1.72 0.70 3.27 3.64 1.08 0.31 0.00 0.00 0.00 0.00 0.00 0.00 0.00
1.00 2.57 1.42 0.11 3.52 2.63 0.02 0.20 0.00 0.00 0.00 0.00 0.00 0.00 0.00
0 0 0 0 0 0 0 0 0 0 0 0 0 0 0
1.00 2.05 0.85 -0.25 2.47 1.18 -0.44 0.09 0.00 0.00 0.00 0.00 0.00 0.00 0.00
0 0 0 0 0 0 0 0 0 0 0 0 0 0 0
1.00 2.05 0.85 -0.25 2.47 1.18 -0.44 0.09 0.00 0.00 0.00 0.00 0.00 0.00 0.00
0 0 0 0 0 0 0 0 0 0 0 0 0 0 0
1.00 1.65 0.54 -0.21 1.18 -0.12 -0.56 0.07 0.00 0.00 0.00 0.00 0.00 0.00 0.00
0 0 0 0 0 0 0 0 0 0 0 0 0 0 0
1.00 1.59 0.70 0.08 1.10 0.40 -0.26 0.13 0.00 0.00 0.00 0.00 0.00 0.00 0.00
0 0 0 0 0 0 0 0 0 0 0 0 0 0 0
1.00 1.17 0.49 0.05 0.71 0.18 -0.25 0.10 0.00 0.00 0.00 0.00 0.00 0.00 0.00
0 0 0 0 0 0 0 0 0 0 0 0 0 0 0
1.00 0.55 0.29 -0.17 0.10 -0.30 -0.31 0.05 0.00 0.00 0.00 0.00 0.00 0.00 0.00
0 0 0 0 0 0 0 0 0 0 0 0 0 0 0
1.00 -0.61 -0.70 -0.19 -1.29 -1.59 -0.36 -0.21 0.00 0.00 0.00 0.00 0.00 0.00 0.00
0 0 0 0 0 0 0 0 0 0 0 0 0 0 0
1.00 -2.06 -1.16 0.14 -2.21 -1.34 0.37 -0.18 0.00 0.00 0.00 0.00 0.00 0.00 0.00
0 0 0 0 0 0 0 0 0 0 0 0 0 0 0
1.00 0.28 0.05 0.33 0.41 0.50 0.49 0.05 0.00 0.00 0.00 0.00 0.00 0.00 0.00
0 0 0 0 0 0 0 0 0 0 0 0 0 0 0
1.00 -0.35 -0.27 0.02 0.22 0.27 0.26 0.09 0.00 0.00 0.00 0.00 0.00 0.00 0.00
0 0 0 0 0 0 0 0 0 0 0 0 0 0 0
