1.00 0.55 0.50 0.73 -0.08 0.37 1.03 0.24 0.00 0.00 0.00 0.00 0.00 0.00 0.00
1.00 0.81 0.38 0.53 0.30 0.41 0.73 0.16 0.00 0.00 0.00 0.00 0.00 0.00 0.00
1.00 0.73 0.44 0.29 0.25 0.24 0.12 0.13 0.00 0.00 0.00 0.00 0.00 0.00 0.00
0 0 0 0 0 0 0 0 0 0 0 0 0 0 0
1.00 0.63 0.73 0.56 0.33 0.30 0.08 0.12 0.00 0.00 0.00 0.00 0.00 0.00 0.00
0 0 0 0 0 0 0 0 0 0 0 0 0 0 0
1.00 0.63 0.73 0.56 0.33 0.30 0.08 0.12 0.00 0.00 0.00 0.00 0.00 0.00 0.00
0 0 0 0 0 0 0 0 0 0 0 0 0 0 0
1.00 1.06 1.12 0.63 1.02 0.81 0.02 0.22 0.00 0.00 0.00 0.00 0.00 0.00 0.00
0 0 0 0 0 0 0 0 0 0 0 0 0 0 0
1.00 1.38 1.77 1.82 0.66 0.96 1.17 0.49 0.00 0.00 0.00 0.00 0.00 0.00 0.00
0 0 0 0 0 0 0 0 0 0 0 0 0 0 0
1.00 1.33 1.43 1.17 0.83 1.09 0.60 0.43 0.00 0.00 0.00 0.00 0.00 0.00 0.00
0 0 0 0 0 0 0 0 0 0 0 0 0 0 0
1.00 0.64 0.26 -0.19 0.88 0.58 -0.26 0.10 0.00 0.00 0.00 0.00 0.00 0.00 0.00
0 0 0 0 0 0 0 0 0 0 0 0 0 0 0
1.00 -0.64 -0.82 -1.63 0.46 -0.19 -1.38 -0.34 0.00 0.00 0.00 0.00 0.00 0.00 0.00
0 0 0 0 0 0 0 0 0 0 0 0 0 0 0
1.00 -1.75 -2.09 -3.16 0.23 -0.61 -2.61 -0.66 0.00 0.00 0.00 0.00 0.00 0.00 0.00
0 0 0 0 0 0 0 0 0 0 0 0 0 0 0
1.00 -1.02 -1.17 -1.63 0.02 -0.57 -1.26 -0.43 0.00 0.00 0.00 0.00 0.00 0.00 0.00
0 0 0 0 0 0 0 0 0 0 0 0 0 0 0
1.00 -1.05 -0.94 -1.46 0.10 -0.31 -1.36 -0.33 0.00 0.00 0.00 0.00 0.00 0.00 0.00
0 0 0 0 0 0 0 0 0 0 0 0 0 0 0
