1.00 -2.44 -2.86 -3.19 -1.37 -1.84 -2.26 -0.75 0.00 0.00 0.00 0.00 0.00 0.00 0.00
1.00 -2.87 -3.42 -3.83 -1.72 -2.22 -2.65 -0.85 0.00 0.00 0.00 0.00 0.00 0.00 0.00
1.00 -3.24 -3.22 -2.03 -1.93 -2.26 -1.36 -0.87 0.00 0.00 0.00 0.00 0.00 0.00 0.00
0 0 0 0 0 0 0 0 0 0 0 0 0 0 0
1.00 -0.03 1.26 2.53 -1.05 -0.04 1.72 0.10 0.00 0.00 0.00 0.00 0.00 0.00 0.00
0 0 0 0 0 0 0 0 0 0 0 0 0 0 0
1.00 -0.03 1.26 2.53 -1.05 -0.04 1.72 0.10 0.00 0.00 0.00 0.00 0.00 0.00 0.00
0 0 0 0 0 0 0 0 0 0 0 0 0 0 0
1.00 4.52 5.31 5.17 2.47 3.45 3.51 1.31 0.00 0.00 0.00 0.00 0.00 0.00 0.00
0 0 0 0 0 0 0 0 0 0 0 0 0 0 0
1.00 6.95 6.64 5.99 5.03 4.98 4.10 1.91 0.00 0.00 0.00 0.00 0.00 0.00 0.00
0 0 0 0 0 0 0 0 0 0 0 0 0 0 0
1.00 3.67 3.70 3.59 2.80 2.80 2.48 1.05 0.00 0.00 0.00 0.00 0.00 0.00 0.00
0 0 0 0 0 0 0 0 0 0 0 0 0 0 0
1.00 3.39 3.16 2.79 2.79 2.68 1.90 0.93 0.00 0.00 0.00 0.00 0.00 0.00 0.00
0 0 0 0 0 0 0 0 0 0 0 0 0 0 0
1.00 2.60 2.27 1.87 2.42 2.05 1.40 0.70 0.00 0.00 0.00 0.00 0.00 0.00 0.00
0 0 0 0 0 0 0 0 0 0 0 0 0 0 0
1.00 1.47 0.97 -0.23 1.65 0.95 -0.24 0.31 0.00 0.00 0.00 0.00 0.00 0.00 0.00
0 0 0 0 0 0 0 0 0 0 0 0 0 0 0
1.00 5.92 5.67 4.22 4.16 3.90 2.70 1.52 0.00 0.00 0.00 0.00 0.00 0.00 0.00
0 0 0 0 0 0 0 0 0 0 0 0 0 0 0
1.00 3.10 1.24 -1.07 1.88 1.19 -0.49 0.44 0.00 0.00 0.00 0.00 0.00 0.00 0.00
0 0 0 0 0 0 0 0 0 0 0 0 0 0 0
