1.00 4.58 3.05 0.64 6.43 5.25 0.87 0.64 0.00 0.00 0.00 0.00 0.00 0.00 0.00
1.00 2.76 1.61 0.17 3.45 2.47 0.18 0.31 0.00 0.00 0.00 0.00 0.00 0.00 0.00
1.00 2.60 1.48 0.52 2.92 1.91 0.11 0.31 0.00 0.00 0.00 0.00 0.00 0.00 0.00
0 0 0 0 0 0 0 0 0 0 0 0 0 0 0
1.00 2.48 1.47 0.75 2.49 1.64 0.22 0.34 0.00 0.00 0.00 0.00 0.00 0.00 0.00
0 0 0 0 0 0 0 0 0 0 0 0 0 0 0
1.00 2.48 1.47 0.75 2.49 1.64 0.22 0.34 0.00 0.00 0.00 0.00 0.00 0.00 0.00
0 0 0 0 0 0 0 0 0 0 0 0 0 0 0
1.00 1.94 1.07 0.57 1.86 0.78 0.35 0.33 0.00 0.00 0.00 0.00 0.00 0.00 0.00
0 0 0 0 0 0 0 0 0 0 0 0 0 0 0
1.00 2.52 1.76 1.01 2.26 1.61 0.51 0.44 0.00 0.00 0.00 0.00 0.00 0.00 0.00
0 0 0 0 0 0 0 0 0 0 0 0 0 0 0
1.00 1.63 1.14 0.47 1.38 0.95 0.29 0.26 0.00 0.00 0.00 0.00 0.00 0.00 0.00
0 0 0 0 0 0 0 0 0 0 0 0 0 0 0
1.00 0.07 -0.17 -0.02 -0.02 -0.29 0.05 -0.09 0.00 0.00 0.00 0.00 0.00 0.00 0.00
0 0 0 0 0 0 0 0 0 0 0 0 0 0 0
1.00 -0.25 -0.32 -0.07 -0.42 -0.54 -0.01 -0.14 0.00 0.00 0.00 0.00 0.00 0.00 0.00
0 0 0 0 0 0 0 0 0 0 0 0 0 0 0
1.00 -2.12 -1.66 -0.68 -2.09 -1.67 -0.22 -0.30 0.00 0.00 0.00 0.00 0.00 0.00 0.00
0 0 0 0 0 0 0 0 0 0 0 0 0 0 0
1.00 -3.96 -2.82 -1.20 -3.95 -3.15 -0.96 -0.55 0.00 0.00 0.00 0.00 0.00 0.00 0.00
0 0 0 0 0 0 0 0 0 0 0 0 0 0 0
1.00 -2.02 -1.27 -0.56 -1.69 -1.28 -0.34 -0.17 0.00 0.00 0.00 0.00 0.00 0.00 0.00
0 0 0 0 0 0 0 0 0 0 0 0 0 0 0
