1.00 0.67 0.60 -0.10 1.72 1.92 0.55 0.08 0.00 0.00 0.00 0.00 0.00 0.00 0.00
1.00 1.24 0.72 -0.33 2.24 1.59 -0.16 0.11 0.00 0.00 0.00 0.00 0.00 0.00 0.00
1.00 1.12 0.32 -0.31 1.58 0.82 -0.24 0.06 0.00 0.00 0.00 0.00 0.00 0.00 0.00
0 0 0 0 0 0 0 0 0 0 0 0 0 0 0
1.00 1.23 0.70 0.34 1.17 0.57 0.12 0.10 0.00 0.00 0.00 0.00 0.00 0.00 0.00
0 0 0 0 0 0 0 0 0 0 0 0 0 0 0
1.00 1.23 0.70 0.34 1.17 0.57 0.12 0.10 0.00 0.00 0.00 0.00 0.00 0.00 0.00
0 0 0 0 0 0 0 0 0 0 0 0 0 0 0
1.00 1.57 0.94 0.56 1.16 0.49 0.33 0.31 0.00 0.00 0.00 0.00 0.00 0.00 0.00
0 0 0 0 0 0 0 0 0 0 0 0 0 0 0
1.00 1.37 0.58 0.01 1.11 0.28 -0.16 0.18 0.00 0.00 0.00 0.00 0.00 0.00 0.00
0 0 0 0 0 0 0 0 0 0 0 0 0 0 0
1.00 0.84 0.25 0.03 0.41 -0.23 -0.11 0.06 0.00 0.00 0.00 0.00 0.00 0.00 0.00
0 0 0 0 0 0 0 0 0 0 0 0 0 0 0
1.00 0.01 -0.29 -0.31 -0.56 -0.99 -0.49 -0.18 0.00 0.00 0.00 0.00 0.00 0.00 0.00
0 0 0 0 0 0 0 0 0 0 0 0 0 0 0
1.00 -0.75 -0.44 0.42 -1.45 -0.88 0.29 -0.19 0.00 0.00 0.00 0.00 0.00 0.00 0.00
0 0 0 0 0 0 0 0 0 0 0 0 0 0 0
1.00 -0.81 0.19 1.06 -0.69 0.45 1.16 0.16 0.00 0.00 0.00 0.00 0.00 0.00 0.00
0 0 0 0 0 0 0 0 0 0 0 0 0 0 0
1.00 0.60 0.61 0.70 0.99 1.00 0.83 0.27 0.00 0.00 0.00 0.00 0.00 0.00 0.00
0 0 0 0 0 0 0 0 0 0 0 0 0 0 0
1.00 -0.60 -0.13 0.46 -0.19 0.15 0.42 0.06 0.00 0.00 0.00 0.00 0.00 0.00 0.00
0 0 0 0 0 0 0 0 0 0 0 0 0 0 0
