1.00 1.05 1.45 1.76 0.13 0.74 1.47 0.48 0.00 0.00 0.00 0.00 0.00 0.00 0.00
1.00 2.57 1.99 1.46 1.60 1.40 1.19 0.66 0.00 0.00 0.00 0.00 0.00 0.00 0.00
1.00 2.26 1.54 1.14 1.44 1.22 0.92 0.48 0.00 0.00 0.00 0.00 0.00 0.00 0.00
0 0 0 0 0 0 0 0 0 0 0 0 0 0 0
1.00 1.77 1.12 0.68 1.18 0.80 0.48 0.32 0.00 0.00 0.00 0.00 0.00 0.00 0.00
0 0 0 0 0 0 0 0 0 0 0 0 0 0 0
1.00 1.77 1.12 0.68 1.18 0.80 0.48 0.32 0.00 0.00 0.00 0.00 0.00 0.00 0.00
0 0 0 0 0 0 0 0 0 0 0 0 0 0 0
1.00 0.75 0.34 -0.01 0.45 -0.00 -0.24 -0.02 0.00 0.00 0.00 0.00 0.00 0.00 0.00
0 0 0 0 0 0 0 0 0 0 0 0 0 0 0
1.00 1.33 1.09 1.36 0.32 0.18 0.81 0.24 0.00 0.00 0.00 0.00 0.00 0.00 0.00
0 0 0 0 0 0 0 0 0 0 0 0 0 0 0
1.00 0.78 0.92 1.39 0.01 0.23 0.80 0.25 0.00 0.00 0.00 0.00 0.00 0.00 0.00
0 0 0 0 0 0 0 0 0 0 0 0 0 0 0
1.00 0.27 0.81 0.97 -0.14 0.25 0.60 0.11 0.00 0.00 0.00 0.00 0.00 0.00 0.00
0 0 0 0 0 0 0 0 0 0 0 0 0 0 0
1.00 -0.13 0.16 -0.28 -0.05 0.37 -0.23 0.04 0.00 0.00 0.00 0.00 0.00 0.00 0.00
0 0 0 0 0 0 0 0 0 0 0 0 0 0 0
1.00 -1.51 -1.91 -2.64 -0.38 -0.79 -1.94 -0.52 0.00 0.00 0.00 0.00 0.00 0.00 0.00
0 0 0 0 0 0 0 0 0 0 0 0 0 0 0
1.00 -3.79 -3.48 -3.41 -1.53 -1.75 -2.46 -0.90 0.00 0.00 0.00 0.00 0.00 0.00 0.00
0 0 0 0 0 0 0 0 0 0 0 0 0 0 0
1.00 -2.20 -1.65 -1.53 -1.03 -0.84 -1.04 -0.40 0.00 0.00 0.00 0.00 0.00 0.00 0.00
0 0 0 0 0 0 0 0 0 0 0 0 0 0 0
