1.00 -2.17 -2.54 -2.67 -1.44 -1.70 -1.91 -0.68 0.00 0.00 0.00 0.00 0.00 0.00 0.00
1.00 -2.41 -3.00 -3.05 -1.66 -2.04 -2.09 -0.73 0.00 0.00 0.00 0.00 0.00 0.00 0.00
1.00 -2.20 -1.62 -0.64 -1.53 -1.29 -0.37 -0.47 0.00 0.00 0.00 0.00 0.00 0.00 0.00
0 0 0 0 0 0 0 0 0 0 0 0 0 0 0
1.00 1.55 2.49 3.40 0.21 1.08 2.13 0.54 0.00 0.00 0.00 0.00 0.00 0.00 0.00
0 0 0 0 0 0 0 0 0 0 0 0 0 0 0
1.00 1.55 2.49 3.40 0.21 1.08 2.13 0.54 0.00 0.00 0.00 0.00 0.00 0.00 0.00
0 0 0 0 0 0 0 0 0 0 0 0 0 0 0
1.00 8.80 9.04 8.05 6.42 6.61 5.63 2.45 0.00 0.00 0.00 0.00 0.00 0.00 0.00
0 0 0 0 0 0 0 0 0 0 0 0 0 0 0
1.00 4.74 4.91 4.47 3.48 3.59 3.11 1.35 0.00 0.00 0.00 0.00 0.00 0.00 0.00
0 0 0 0 0 0 0 0 0 0 0 0 0 0 0
1.00 4.39 4.42 3.90 3.61 3.21 2.56 1.20 0.00 0.00 0.00 0.00 0.00 0.00 0.00
0 0 0 0 0 0 0 0 0 0 0 0 0 0 0
1.00 3.43 3.34 2.78 2.64 2.60 1.89 0.91 0.00 0.00 0.00 0.00 0.00 0.00 0.00
0 0 0 0 0 0 0 0 0 0 0 0 0 0 0
1.00 2.25 1.87 1.48 1.90 1.44 0.84 0.55 0.00 0.00 0.00 0.00 0.00 0.00 0.00
0 0 0 0 0 0 0 0 0 0 0 0 0 0 0
1.00 2.43 2.98 3.31 1.63 1.78 1.93 0.76 0.00 0.00 0.00 0.00 0.00 0.00 0.00
0 0 0 0 0 0 0 0 0 0 0 0 0 0 0
1.00 1.58 2.22 2.75 1.03 1.22 1.54 0.55 0.00 0.00 0.00 0.00 0.00 0.00 0.00
0 0 0 0 0 0 0 0 0 0 0 0 0 0 0
1.00 0.43 0.75 0.91 0.21 0.23 0.49 0.22 0.00 0.00 0.00 0.00 0.00 0.00 0.00
0 0 0 0 0 0 0 0 0 0 0 0 0 0 0
