1.00 1.28 1.28 0.29 2.73 3.17 0.68 0.21 0.00 0.00 0.00 0.00 0.00 0.00 0.00
1.00 1.84 1.12 0.09 2.87 2.34 0.28 0.22 0.00 0.00 0.00 0.00 0.00 0.00 0.00
1.00 2.23 1.51 0.62 3.05 2.45 0.63 0.35 0.00 0.00 0.00 0.00 0.00 0.00 0.00
0 0 0 0 0 0 0 0 0 0 0 0 0 0 0
1.00 2.88 2.01 0.82 3.35 2.36 0.50 0.57 0.00 0.00 0.00 0.00 0.00 0.00 0.00
0 0 0 0 0 0 0 0 0 0 0 0 0 0 0
1.00 2.88 2.01 0.82 3.35 2.36 0.50 0.57 0.00 0.00 0.00 0.00 0.00 0.00 0.00
0 0 0 0 0 0 0 0 0 0 0 0 0 0 0
1.00 2.75 1.54 0.90 2.63 1.16 0.31 0.40 0.00 0.00 0.00 0.00 0.00 0.00 0.00
0 0 0 0 0 0 0 0 0 0 0 0 0 0 0
1.00 2.61 1.62 0.64 2.15 1.17 -0.06 0.31 0.00 0.00 0.00 0.00 0.00 0.00 0.00
0 0 0 0 0 0 0 0 0 0 0 0 0 0 0
1.00 1.04 0.42 0.35 0.52 -0.11 0.01 0.04 0.00 0.00 0.00 0.00 0.00 0.00 0.00
0 0 0 0 0 0 0 0 0 0 0 0 0 0 0
1.00 -0.58 -0.34 0.22 -0.77 -0.47 0.38 -0.03 0.00 0.00 0.00 0.00 0.00 0.00 0.00
0 0 0 0 0 0 0 0 0 0 0 0 0 0 0
1.00 -1.71 -1.54 -0.62 -1.47 -1.48 -0.17 -0.23 0.00 0.00 0.00 0.00 0.00 0.00 0.00
0 0 0 0 0 0 0 0 0 0 0 0 0 0 0
1.00 -3.73 -2.68 -1.16 -3.92 -3.09 -0.77 -0.52 0.00 0.00 0.00 0.00 0.00 0.00 0.00
0 0 0 0 0 0 0 0 0 0 0 0 0 0 0
1.00 -1.31 -1.01 -0.39 -1.45 -1.03 -0.16 -0.16 0.00 0.00 0.00 0.00 0.00 0.00 0.00
0 0 0 0 0 0 0 0 0 0 0 0 0 0 0
1.00 -1.69 -1.21 -0.57 -1.76 -1.33 -0.34 -0.18 0.00 0.00 0.00 0.00 0.00 0.00 0.00
0 0 0 0 0 0 0 0 0 0 0 0 0 0 0
