1.00 -0.63 0.30 1.26 -1.89 -0.69 1.20 0.15 0.00 0.00 0.00 0.00 0.00 0.00 0.00
1.00 0.68 0.92 1.50 -0.64 0.28 1.51 0.33 0.00 0.00 0.00 0.00 0.00 0.00 0.00
1.00 1.84 1.61 1.59 0.83 1.28 1.47 0.60 0.00 0.00 0.00 0.00 0.00 0.00 0.00
0 0 0 0 0 0 0 0 0 0 0 0 0 0 0
1.00 3.20 2.20 1.55 2.53 2.23 1.55 0.75 0.00 0.00 0.00 0.00 0.00 0.00 0.00
0 0 0 0 0 0 0 0 0 0 0 0 0 0 0
1.00 3.20 2.20 1.55 2.53 2.23 1.55 0.75 0.00 0.00 0.00 0.00 0.00 0.00 0.00
0 0 0 0 0 0 0 0 0 0 0 0 0 0 0
1.00 2.60 1.81 1.29 2.15 2.05 1.28 0.78 0.00 0.00 0.00 0.00 0.00 0.00 0.00
0 0 0 0 0 0 0 0 0 0 0 0 0 0 0
1.00 1.96 0.92 0.10 1.58 0.68 0.10 0.21 0.00 0.00 0.00 0.00 0.00 0.00 0.00
0 0 0 0 0 0 0 0 0 0 0 0 0 0 0
1.00 0.39 -0.20 -0.61 0.15 -0.44 -1.03 -0.27 0.00 0.00 0.00 0.00 0.00 0.00 0.00
0 0 0 0 0 0 0 0 0 0 0 0 0 0 0
1.00 -0.51 -0.42 -0.77 -0.29 -0.52 -1.17 -0.40 0.00 0.00 0.00 0.00 0.00 0.00 0.00
0 0 0 0 0 0 0 0 0 0 0 0 0 0 0
1.00 -0.70 -0.41 -0.93 0.05 -0.27 -1.22 -0.39 0.00 0.00 0.00 0.00 0.00 0.00 0.00
0 0 0 0 0 0 0 0 0 0 0 0 0 0 0
1.00 0.97 1.17 0.97 0.40 0.35 0.50 0.15 0.00 0.00 0.00 0.00 0.00 0.00 0.00
0 0 0 0 0 0 0 0 0 0 0 0 0 0 0
1.00 0.32 0.32 -0.34 0.25 0.26 -0.23 0.08 0.00 0.00 0.00 0.00 0.00 0.00 0.00
0 0 0 0 0 0 0 0 0 0 0 0 0 0 0
1.00 -1.14 -1.20 -1.94 -0.10 -0.54 -1.60 -0.40 0.00 0.00 0.00 0.00 0.00 0.00 0.00
0 0 0 0 0 0 0 0 0 0 0 0 0 0 0
