1.00 -2.88 -2.12 -0.93 -2.39 -1.69 -0.24 -0.62 0.00 0.00 0.00 0.00 0.00 0.00 0.00
1.00 -2.63 -1.71 -0.56 -2.59 -1.36 0.21 -0.41 0.00 0.00 0.00 0.00 0.00 0.00 0.00
1.00 -1.84 -0.79 0.55 -2.12 -0.84 0.70 -0.13 0.00 0.00 0.00 0.00 0.00 0.00 0.00
0 0 0 0 0 0 0 0 0 0 0 0 0 0 0
1.00 1.25 1.58 1.85 0.27 1.13 1.59 0.60 0.00 0.00 0.00 0.00 0.00 0.00 0.00
0 0 0 0 0 0 0 0 0 0 0 0 0 0 0
1.00 1.25 1.58 1.85 0.27 1.13 1.59 0.60 0.00 0.00 0.00 0.00 0.00 0.00 0.00
0 0 0 0 0 0 0 0 0 0 0 0 0 0 0
1.00 4.29 3.11 2.42 3.39 2.97 1.75 1.08 0.00 0.00 0.00 0.00 0.00 0.00 0.00
0 0 0 0 0 0 0 0 0 0 0 0 0 0 0
1.00 4.80 3.27 1.95 4.31 3.13 1.39 0.99 0.00 0.00 0.00 0.00 0.00 0.00 0.00
0 0 0 0 0 0 0 0 0 0 0 0 0 0 0
1.00 3.24 2.29 1.52 2.82 2.22 1.23 0.77 0.00 0.00 0.00 0.00 0.00 0.00 0.00
0 0 0 0 0 0 0 0 0 0 0 0 0 0 0
1.00 2.06 1.11 0.15 1.64 0.60 -0.04 0.26 0.00 0.00 0.00 0.00 0.00 0.00 0.00
0 0 0 0 0 0 0 0 0 0 0 0 0 0 0
1.00 0.04 -0.42 -1.00 -0.10 -0.95 -1.38 -0.34 0.00 0.00 0.00 0.00 0.00 0.00 0.00
0 0 0 0 0 0 0 0 0 0 0 0 0 0 0
1.00 -1.44 -1.14 -1.80 -1.01 -1.34 -1.96 -0.76 0.00 0.00 0.00 0.00 0.00 0.00 0.00
0 0 0 0 0 0 0 0 0 0 0 0 0 0 0
1.00 0.46 0.74 0.34 0.10 0.00 -0.04 -0.02 0.00 0.00 0.00 0.00 0.00 0.00 0.00
0 0 0 0 0 0 0 0 0 0 0 0 0 0 0
1.00 -0.17 -0.07 -0.21 -0.16 -0.30 -0.43 -0.11 0.00 0.00 0.00 0.00 0.00 0.00 0.00
0 0 0 0 0 0 0 0 0 0 0 0 0 0 0
