1.00 -0.44 0.98 0.61 0.15 2.64 1.59 0.27 0.00 0.00 0.00 0.00 0.00 0.00 0.00
1.00 2.42 1.54 0.12 3.95 3.01 0.45 0.25 0.00 0.00 0.00 0.00 0.00 0.00 0.00
1.00 2.07 1.13 0.04 2.73 1.88 0.03 0.12 0.00 0.00 0.00 0.00 0.00 0.00 0.00
0 0 0 0 0 0 0 0 0 0 0 0 0 0 0
1.00 2.40 1.59 0.75 2.55 1.86 0.40 0.31 0.00 0.00 0.00 0.00 0.00 0.00 0.00
0 0 0 0 0 0 0 0 0 0 0 0 0 0 0
1.00 2.40 1.59 0.75 2.55 1.86 0.40 0.31 0.00 0.00 0.00 0.00 0.00 0.00 0.00
0 0 0 0 0 0 0 0 0 0 0 0 0 0 0
1.00 2.96 2.01 1.01 2.91 1.84 0.27 0.47 0.00 0.00 0.00 0.00 0.00 0.00 0.00
0 0 0 0 0 0 0 0 0 0 0 0 0 0 0
1.00 2.95 2.25 0.94 3.29 2.59 0.41 0.47 0.00 0.00 0.00 0.00 0.00 0.00 0.00
0 0 0 0 0 0 0 0 0 0 0 0 0 0 0
1.00 3.26 2.42 1.26 3.33 2.68 0.72 0.46 0.00 0.00 0.00 0.00 0.00 0.00 0.00
0 0 0 0 0 0 0 0 0 0 0 0 0 0 0
1.00 3.38 2.77 1.58 3.41 2.59 0.87 0.61 0.00 0.00 0.00 0.00 0.00 0.00 0.00
0 0 0 0 0 0 0 0 0 0 0 0 0 0 0
1.00 3.36 2.41 0.91 3.04 2.17 0.47 0.60 0.00 0.00 0.00 0.00 0.00 0.00 0.00
0 0 0 0 0 0 0 0 0 0 0 0 0 0 0
1.00 2.33 1.29 0.34 2.09 1.21 -0.15 0.19 0.00 0.00 0.00 0.00 0.00 0.00 0.00
0 0 0 0 0 0 0 0 0 0 0 0 0 0 0
1.00 0.62 0.01 0.09 0.28 -0.50 0.10 -0.06 0.00 0.00 0.00 0.00 0.00 0.00 0.00
0 0 0 0 0 0 0 0 0 0 0 0 0 0 0
1.00 -1.05 -0.87 -0.32 -1.05 -0.70 0.11 -0.14 0.00 0.00 0.00 0.00 0.00 0.00 0.00
0 0 0 0 0 0 0 0 0 0 0 0 0 0 0
