1.00 -1.27 -0.65 0.15 -1.82 -1.12 0.28 -0.16 0.00 0.00 0.00 0.00 0.00 0.00 0.00
1.00 0.43 0.53 0.69 -0.33 0.21 0.74 0.28 0.00 0.00 0.00 0.00 0.00 0.00 0.00
1.00 1.36 0.95 0.76 0.66 0.75 0.77 0.33 0.00 0.00 0.00 0.00 0.00 0.00 0.00
0 0 0 0 0 0 0 0 0 0 0 0 0 0 0
1.00 1.45 0.83 0.71 0.93 0.61 0.74 0.24 0.00 0.00 0.00 0.00 0.00 0.00 0.00
0 0 0 0 0 0 0 0 0 0 0 0 0 0 0
1.00 1.45 0.83 0.71 0.93 0.61 0.74 0.24 0.00 0.00 0.00 0.00 0.00 0.00 0.00
0 0 0 0 0 0 0 0 0 0 0 0 0 0 0
1.00 1.27 0.83 0.75 0.85 0.80 0.48 0.24 0.00 0.00 0.00 0.00 0.00 0.00 0.00
0 0 0 0 0 0 0 0 0 0 0 0 0 0 0
1.00 0.51 0.07 0.57 -0.06 -0.23 0.43 0.05 0.00 0.00 0.00 0.00 0.00 0.00 0.00
0 0 0 0 0 0 0 0 0 0 0 0 0 0 0
1.00 0.30 0.35 0.53 -0.22 -0.03 0.47 0.02 0.00 0.00 0.00 0.00 0.00 0.00 0.00
0 0 0 0 0 0 0 0 0 0 0 0 0 0 0
1.00 0.04 0.51 0.88 0.07 0.35 0.50 0.12 0.00 0.00 0.00 0.00 0.00 0.00 0.00
0 0 0 0 0 0 0 0 0 0 0 0 0 0 0
1.00 0.26 0.91 0.73 0.20 0.65 0.47 0.20 0.00 0.00 0.00 0.00 0.00 0.00 0.00
0 0 0 0 0 0 0 0 0 0 0 0 0 0 0
1.00 0.11 0.42 0.13 0.60 0.69 -0.10 0.07 0.00 0.00 0.00 0.00 0.00 0.00 0.00
0 0 0 0 0 0 0 0 0 0 0 0 0 0 0
1.00 -0.31 -0.39 -1.37 0.85 0.44 -1.32 -0.14 0.00 0.00 0.00 0.00 0.00 0.00 0.00
0 0 0 0 0 0 0 0 0 0 0 0 0 0 0
1.00 0.25 -0.20 -0.72 0.51 0.17 -0.58 -0.07 0.00 0.00 0.00 0.00 0.00 0.00 0.00
0 0 0 0 0 0 0 0 0 0 0 0 0 0 0
