1.00 0.87 1.62 1.92 -0.61 0.12 1.24 0.22 0.00 0.00 0.00 0.00 0.00 0.00 0.00
1.00 3.69 4.03 3.72 2.29 2.69 2.55 0.99 0.00 0.00 0.00 0.00 0.00 0.00 0.00
1.00 4.89 5.15 4.78 3.93 3.93 3.43 1.46 0.00 0.00 0.00 0.00 0.00 0.00 0.00
0 0 0 0 0 0 0 0 0 0 0 0 0 0 0
1.00 5.31 5.30 4.50 4.76 4.27 3.14 1.60 0.00 0.00 0.00 0.00 0.00 0.00 0.00
0 0 0 0 0 0 0 0 0 0 0 0 0 0 0
1.00 5.31 5.30 4.50 4.76 4.27 3.14 1.60 0.00 0.00 0.00 0.00 0.00 0.00 0.00
0 0 0 0 0 0 0 0 0 0 0 0 0 0 0
1.00 4.29 4.85 4.79 3.60 3.47 3.28 1.46 0.00 0.00 0.00 0.00 0.00 0.00 0.00
0 0 0 0 0 0 0 0 0 0 0 0 0 0 0
1.00 3.15 3.28 2.60 2.95 2.67 1.78 1.07 0.00 0.00 0.00 0.00 0.00 0.00 0.00
0 0 0 0 0 0 0 0 0 0 0 0 0 0 0
1.00 1.09 0.46 0.07 1.07 0.56 0.15 0.21 0.00 0.00 0.00 0.00 0.00 0.00 0.00
0 0 0 0 0 0 0 0 0 0 0 0 0 0 0
1.00 -1.24 -1.61 -2.02 -0.81 -1.13 -1.29 -0.36 0.00 0.00 0.00 0.00 0.00 0.00 0.00
0 0 0 0 0 0 0 0 0 0 0 0 0 0 0
1.00 -3.38 -5.00 -5.99 -2.72 -3.36 -4.06 -1.36 0.00 0.00 0.00 0.00 0.00 0.00 0.00
0 0 0 0 0 0 0 0 0 0 0 0 0 0 0
1.00 3.07 2.17 0.79 2.01 1.46 0.54 0.58 0.00 0.00 0.00 0.00 0.00 0.00 0.00
0 0 0 0 0 0 0 0 0 0 0 0 0 0 0
1.00 0.10 -1.86 -3.35 -0.04 -1.03 -2.24 -0.43 0.00 0.00 0.00 0.00 0.00 0.00 0.00
0 0 0 0 0 0 0 0 0 0 0 0 0 0 0
1.00 -3.86 -4.68 -4.37 -2.75 -3.09 -2.83 -1.23 0.00 0.00 0.00 0.00 0.00 0.00 0.00
0 0 0 0 0 0 0 0 0 0 0 0 0 0 0
