1.00 1.24 2.26 2.66 0.87 1.81 2.08 0.49 0.00 0.00 0.00 0.00 0.00 0.00 0.00
1.00 3.84 4.06 3.84 3.25 3.27 2.70 1.17 0.00 0.00 0.00 0.00 0.00 0.00 0.00
1.00 4.14 3.95 3.66 3.33 3.18 2.60 1.26 0.00 0.00 0.00 0.00 0.00 0.00 0.00
0 0 0 0 0 0 0 0 0 0 0 0 0 0 0
1.00 3.73 3.62 3.21 2.93 2.68 2.19 1.08 0.00 0.00 0.00 0.00 0.00 0.00 0.00
0 0 0 0 0 0 0 0 0 0 0 0 0 0 0
1.00 3.73 3.62 3.21 2.93 2.68 2.19 1.08 0.00 0.00 0.00 0.00 0.00 0.00 0.00
0 0 0 0 0 0 0 0 0 0 0 0 0 0 0
1.00 3.14 3.10 2.90 2.54 2.22 2.03 0.98 0.00 0.00 0.00 0.00 0.00 0.00 0.00
0 0 0 0 0 0 0 0 0 0 0 0 0 0 0
1.00 3.74 4.78 5.57 2.96 3.40 3.82 1.41 0.00 0.00 0.00 0.00 0.00 0.00 0.00
0 0 0 0 0 0 0 0 0 0 0 0 0 0 0
1.00 3.08 4.14 4.84 2.60 2.74 3.15 1.18 0.00 0.00 0.00 0.00 0.00 0.00 0.00
0 0 0 0 0 0 0 0 0 0 0 0 0 0 0
1.00 1.98 2.59 1.99 1.55 1.66 1.26 0.80 0.00 0.00 0.00 0.00 0.00 0.00 0.00
0 0 0 0 0 0 0 0 0 0 0 0 0 0 0
1.00 -1.08 -2.62 -4.92 -0.98 -1.73 -3.24 -0.70 0.00 0.00 0.00 0.00 0.00 0.00 0.00
0 0 0 0 0 0 0 0 0 0 0 0 0 0 0
1.00 -7.88 -11.01 -12.51 -5.81 -7.51 -8.44 -3.13 0.00 0.00 0.00 0.00 0.00 0.00 0.00
0 0 0 0 0 0 0 0 0 0 0 0 0 0 0
1.00 -5.95 -6.83 -6.84 -4.13 -4.52 -4.45 -1.97 0.00 0.00 0.00 0.00 0.00 0.00 0.00
0 0 0 0 0 0 0 0 0 0 0 0 0 0 0
1.00 -6.08 -6.08 -5.54 -4.33 -4.06 -3.64 -1.77 0.00 0.00 0.00 0.00 0.00 0.00 0.00
0 0 0 0 0 0 0 0 0 0 0 0 0 0 0
