1.00 -1.64 -2.03 -1.65 -1.87 -2.10 -1.10 -0.53 0.00 0.00 0.00 0.00 0.00 0.00 0.00
1.00 -1.21 -0.90 -0.11 -1.87 -1.25 -0.12 -0.27 0.00 0.00 0.00 0.00 0.00 0.00 0.00
1.00 2.35 2.03 1.08 1.37 1.83 1.00 0.50 0.00 0.00 0.00 0.00 0.00 0.00 0.00
0 0 0 0 0 0 0 0 0 0 0 0 0 0 0
1.00 4.15 3.00 1.79 3.77 2.85 1.45 0.93 0.00 0.00 0.00 0.00 0.00 0.00 0.00
0 0 0 0 0 0 0 0 0 0 0 0 0 0 0
1.00 4.15 3.00 1.79 3.77 2.85 1.45 0.93 0.00 0.00 0.00 0.00 0.00 0.00 0.00
0 0 0 0 0 0 0 0 0 0 0 0 0 0 0
1.00 3.03 2.08 0.79 2.80 1.97 0.78 0.62 0.00 0.00 0.00 0.00 0.00 0.00 0.00
0 0 0 0 0 0 0 0 0 0 0 0 0 0 0
1.00 2.57 1.52 0.68 2.15 1.24 0.52 0.37 0.00 0.00 0.00 0.00 0.00 0.00 0.00
0 0 0 0 0 0 0 0 0 0 0 0 0 0 0
1.00 1.01 0.56 0.65 0.77 0.50 0.46 0.18 0.00 0.00 0.00 0.00 0.00 0.00 0.00
0 0 0 0 0 0 0 0 0 0 0 0 0 0 0
1.00 -0.29 0.25 0.84 -0.27 0.15 0.58 0.09 0.00 0.00 0.00 0.00 0.00 0.00 0.00
0 0 0 0 0 0 0 0 0 0 0 0 0 0 0
1.00 -0.98 -0.14 0.79 -0.92 -0.24 0.50 -0.01 0.00 0.00 0.00 0.00 0.00 0.00 0.00
0 0 0 0 0 0 0 0 0 0 0 0 0 0 0
1.00 1.42 1.99 2.27 0.12 1.20 1.74 0.60 0.00 0.00 0.00 0.00 0.00 0.00 0.00
0 0 0 0 0 0 0 0 0 0 0 0 0 0 0
1.00 1.43 1.59 1.44 0.79 1.49 1.30 0.49 0.00 0.00 0.00 0.00 0.00 0.00 0.00
0 0 0 0 0 0 0 0 0 0 0 0 0 0 0
1.00 0.59 0.44 -0.16 0.87 0.96 -0.24 0.13 0.00 0.00 0.00 0.00 0.00 0.00 0.00
0 0 0 0 0 0 0 0 0 0 0 0 0 0 0
