1.00 1.30 0.74 0.11 0.89 0.54 0.22 0.18 0.00 0.00 0.00 0.00 0.00 0.00 0.00
1.00 1.86 0.91 0.16 1.54 0.79 0.20 0.26 0.00 0.00 0.00 0.00 0.00 0.00 0.00
1.00 1.62 0.58 0.05 1.15 0.55 -0.06 0.18 0.00 0.00 0.00 0.00 0.00 0.00 0.00
0 0 0 0 0 0 0 0 0 0 0 0 0 0 0
1.00 0.91 0.35 -0.02 0.54 0.17 0.02 0.09 0.00 0.00 0.00 0.00 0.00 0.00 0.00
0 0 0 0 0 0 0 0 0 0 0 0 0 0 0
1.00 0.91 0.35 -0.02 0.54 0.17 0.02 0.09 0.00 0.00 0.00 0.00 0.00 0.00 0.00
0 0 0 0 0 0 0 0 0 0 0 0 0 0 0
1.00 -0.14 -0.09 0.06 -0.43 -0.44 0.02 -0.12 0.00 0.00 0.00 0.00 0.00 0.00 0.00
0 0 0 0 0 0 0 0 0 0 0 0 0 0 0
1.00 -1.02 -0.29 0.59 -1.07 -0.41 0.30 -0.07 0.00 0.00 0.00 0.00 0.00 0.00 0.00
0 0 0 0 0 0 0 0 0 0 0 0 0 0 0
1.00 -0.33 0.03 0.56 -0.41 -0.20 0.40 -0.03 0.00 0.00 0.00 0.00 0.00 0.00 0.00
0 0 0 0 0 0 0 0 0 0 0 0 0 0 0
1.00 -0.77 -0.14 0.47 -0.73 -0.44 0.23 0.01 0.00 0.00 0.00 0.00 0.00 0.00 0.00
0 0 0 0 0 0 0 0 0 0 0 0 0 0 0
1.00 -1.06 -0.54 0.19 -0.87 -0.44 0.20 -0.06 0.00 0.00 0.00 0.00 0.00 0.00 0.00
0 0 0 0 0 0 0 0 0 0 0 0 0 0 0
1.00 -1.42 -0.82 -0.37 -0.88 -0.28 -0.34 -0.15 0.00 0.00 0.00 0.00 0.00 0.00 0.00
0 0 0 0 0 0 0 0 0 0 0 0 0 0 0
1.00 -0.59 -0.59 -0.46 -0.17 -0.24 -0.41 -0.13 0.00 0.00 0.00 0.00 0.00 0.00 0.00
0 0 0 0 0 0 0 0 0 0 0 0 0 0 0
1.00 -1.14 -0.80 -0.45 -0.60 -0.57 -0.28 -0.26 0.00 0.00 0.00 0.00 0.00 0.00 0.00
0 0 0 0 0 0 0 0 0 0 0 0 0 0 0
