1.00 1.04 1.98 2.28 0.10 1.14 1.47 0.43 0.00 0.00 0.00 0.00 0.00 0.00 0.00
1.00 4.03 4.26 4.03 2.65 3.22 2.82 1.18 0.00 0.00 0.00 0.00 0.00 0.00 0.00
1.00 5.06 4.90 4.44 3.93 3.78 3.14 1.41 0.00 0.00 0.00 0.00 0.00 0.00 0.00
0 0 0 0 0 0 0 0 0 0 0 0 0 0 0
1.00 5.22 4.93 4.44 4.55 4.12 3.38 1.56 0.00 0.00 0.00 0.00 0.00 0.00 0.00
0 0 0 0 0 0 0 0 0 0 0 0 0 0 0
1.00 5.22 4.93 4.44 4.55 4.12 3.38 1.56 0.00 0.00 0.00 0.00 0.00 0.00 0.00
0 0 0 0 0 0 0 0 0 0 0 0 0 0 0
1.00 7.04 7.50 7.48 5.70 5.83 5.21 2.34 0.00 0.00 0.00 0.00 0.00 0.00 0.00
0 0 0 0 0 0 0 0 0 0 0 0 0 0 0
1.00 7.02 7.34 7.30 5.66 5.58 4.98 2.15 0.00 0.00 0.00 0.00 0.00 0.00 0.00
0 0 0 0 0 0 0 0 0 0 0 0 0 0 0
1.00 7.01 7.42 7.48 5.60 5.60 5.09 2.17 0.00 0.00 0.00 0.00 0.00 0.00 0.00
0 0 0 0 0 0 0 0 0 0 0 0 0 0 0
1.00 6.58 7.09 6.84 5.08 5.07 4.53 2.13 0.00 0.00 0.00 0.00 0.00 0.00 0.00
0 0 0 0 0 0 0 0 0 0 0 0 0 0 0
1.00 2.61 0.73 -1.81 1.52 0.68 -1.17 0.24 0.00 0.00 0.00 0.00 0.00 0.00 0.00
0 0 0 0 0 0 0 0 0 0 0 0 0 0 0
1.00 -2.86 -5.16 -6.61 -2.14 -3.36 -4.24 -1.46 0.00 0.00 0.00 0.00 0.00 0.00 0.00
0 0 0 0 0 0 0 0 0 0 0 0 0 0 0
1.00 -6.60 -6.94 -6.64 -4.67 -4.71 -4.37 -1.99 0.00 0.00 0.00 0.00 0.00 0.00 0.00
0 0 0 0 0 0 0 0 0 0 0 0 0 0 0
1.00 -7.00 -6.91 -6.05 -5.06 -5.17 -4.22 -2.01 0.00 0.00 0.00 0.00 0.00 0.00 0.00
0 0 0 0 0 0 0 0 0 0 0 0 0 0 0
