1.00 1.34 0.46 -0.07 0.66 0.27 0.05 0.09 0.00 0.00 0.00 0.00 0.00 0.00 0.00
1.00 0.71 0.11 -0.15 0.30 -0.02 -0.09 0.10 0.00 0.00 0.00 0.00 0.00 0.00 0.00
1.00 0.07 -0.05 0.21 -0.14 -0.06 0.05 0.02 0.00 0.00 0.00 0.00 0.00 0.00 0.00
0 0 0 0 0 0 0 0 0 0 0 0 0 0 0
1.00 -0.21 0.21 0.49 0.02 0.22 0.30 0.01 0.00 0.00 0.00 0.00 0.00 0.00 0.00
0 0 0 0 0 0 0 0 0 0 0 0 0 0 0
1.00 -0.21 0.21 0.49 0.02 0.22 0.30 0.01 0.00 0.00 0.00 0.00 0.00 0.00 0.00
0 0 0 0 0 0 0 0 0 0 0 0 0 0 0
1.00 -0.19 0.32 0.57 0.04 0.37 0.22 0.05 0.00 0.00 0.00 0.00 0.00 0.00 0.00
0 0 0 0 0 0 0 0 0 0 0 0 0 0 0
1.00 0.22 0.71 1.05 -0.13 0.17 0.77 0.15 0.00 0.00 0.00 0.00 0.00 0.00 0.00
0 0 0 0 0 0 0 0 0 0 0 0 0 0 0
1.00 0.27 0.64 0.77 0.08 0.58 0.41 0.20 0.00 0.00 0.00 0.00 0.00 0.00 0.00
0 0 0 0 0 0 0 0 0 0 0 0 0 0 0
1.00 0.07 0.06 -0.44 0.48 0.50 -0.30 -0.01 0.00 0.00 0.00 0.00 0.00 0.00 0.00
0 0 0 0 0 0 0 0 0 0 0 0 0 0 0
1.00 -1.04 -1.02 -1.05 -0.09 -0.36 -0.81 -0.33 0.00 0.00 0.00 0.00 0.00 0.00 0.00
0 0 0 0 0 0 0 0 0 0 0 0 0 0 0
1.00 -1.54 -1.06 -1.11 -0.34 -0.31 -0.86 -0.28 0.00 0.00 0.00 0.00 0.00 0.00 0.00
0 0 0 0 0 0 0 0 0 0 0 0 0 0 0
1.00 -0.69 -0.49 -0.51 -0.10 -0.15 -0.31 -0.19 0.00 0.00 0.00 0.00 0.00 0.00 0.00
0 0 0 0 0 0 0 0 0 0 0 0 0 0 0
1.00 -0.55 -0.47 -0.44 -0.02 -0.13 -0.36 -0.12 0.00 0.00 0.00 0.00 0.00 0.00 0.00
0 0 0 0 0 0 0 0 0 0 0 0 0 0 0
