1.00 -2.62 -3.12 -3.19 -1.81 -2.38 -2.22 -0.85 0.00 0.00 0.00 0.00 0.00 0.00 0.00
1.00 -1.85 -1.27 -0.07 -1.69 -1.19 -0.22 -0.50 0.00 0.00 0.00 0.00 0.00 0.00 0.00
1.00 2.95 3.84 4.41 1.62 2.71 2.97 0.86 0.00 0.00 0.00 0.00 0.00 0.00 0.00
0 0 0 0 0 0 0 0 0 0 0 0 0 0 0
1.00 6.70 7.27 6.89 4.94 5.50 4.86 2.10 0.00 0.00 0.00 0.00 0.00 0.00 0.00
0 0 0 0 0 0 0 0 0 0 0 0 0 0 0
1.00 6.70 7.27 6.89 4.94 5.50 4.86 2.10 0.00 0.00 0.00 0.00 0.00 0.00 0.00
0 0 0 0 0 0 0 0 0 0 0 0 0 0 0
1.00 3.77 3.99 3.80 2.81 3.09 2.88 1.14 0.00 0.00 0.00 0.00 0.00 0.00 0.00
0 0 0 0 0 0 0 0 0 0 0 0 0 0 0
1.00 3.74 3.74 3.62 3.05 3.13 2.73 1.13 0.00 0.00 0.00 0.00 0.00 0.00 0.00
0 0 0 0 0 0 0 0 0 0 0 0 0 0 0
1.00 3.32 3.24 2.98 3.00 2.63 2.01 1.07 0.00 0.00 0.00 0.00 0.00 0.00 0.00
0 0 0 0 0 0 0 0 0 0 0 0 0 0 0
1.00 2.40 2.07 1.66 2.06 1.57 1.15 0.69 0.00 0.00 0.00 0.00 0.00 0.00 0.00
0 0 0 0 0 0 0 0 0 0 0 0 0 0 0
1.00 0.77 0.36 -0.12 0.67 0.14 -0.11 0.18 0.00 0.00 0.00 0.00 0.00 0.00 0.00
0 0 0 0 0 0 0 0 0 0 0 0 0 0 0
1.00 2.52 3.04 3.36 1.86 1.88 2.18 0.89 0.00 0.00 0.00 0.00 0.00 0.00 0.00
0 0 0 0 0 0 0 0 0 0 0 0 0 0 0
1.00 1.21 1.46 1.52 0.58 0.71 0.91 0.41 0.00 0.00 0.00 0.00 0.00 0.00 0.00
0 0 0 0 0 0 0 0 0 0 0 0 0 0 0
1.00 -0.59 -1.19 -2.34 -0.68 -0.82 -1.60 -0.31 0.00 0.00 0.00 0.00 0.00 0.00 0.00
0 0 0 0 0 0 0 0 0 0 0 0 0 0 0
