1.00 -1.40 -1.23 -0.33 -2.23 -1.98 -0.39 -0.25 0.00 0.00 0.00 0.00 0.00 0.00 0.00
1.00 -0.86 -0.15 0.00 -0.98 0.10 0.30 -0.01 0.00 0.00 0.00 0.00 0.00 0.00 0.00
1.00 1.69 1.85 0.86 2.97 3.64 1.30 0.40 0.00 0.00 0.00 0.00 0.00 0.00 0.00
0 0 0 0 0 0 0 0 0 0 0 0 0 0 0
1.00 4.08 2.85 0.96 5.38 3.81 0.70 0.56 0.00 0.00 0.00 0.00 0.00 0.00 0.00
0 0 0 0 0 0 0 0 0 0 0 0 0 0 0
1.00 4.08 2.85 0.96 5.38 3.81 0.70 0.56 0.00 0.00 0.00 0.00 0.00 0.00 0.00
0 0 0 0 0 0 0 0 0 0 0 0 0 0 0
1.00 1.31 1.07 0.36 1.91 1.74 0.38 0.18 0.00 0.00 0.00 0.00 0.00 0.00 0.00
0 0 0 0 0 0 0 0 0 0 0 0 0 0 0
1.00 2.52 2.25 1.48 2.79 2.39 1.12 0.47 0.00 0.00 0.00 0.00 0.00 0.00 0.00
0 0 0 0 0 0 0 0 0 0 0 0 0 0 0
1.00 3.18 2.52 1.69 3.46 2.75 0.90 0.63 0.00 0.00 0.00 0.00 0.00 0.00 0.00
0 0 0 0 0 0 0 0 0 0 0 0 0 0 0
1.00 2.63 1.76 1.18 2.57 1.57 0.35 0.45 0.00 0.00 0.00 0.00 0.00 0.00 0.00
0 0 0 0 0 0 0 0 0 0 0 0 0 0 0
1.00 0.75 -0.19 -0.66 0.12 -1.19 -0.90 -0.05 0.00 0.00 0.00 0.00 0.00 0.00 0.00
0 0 0 0 0 0 0 0 0 0 0 0 0 0 0
1.00 1.76 0.75 -0.08 1.17 0.09 -0.45 0.03 0.00 0.00 0.00 0.00 0.00 0.00 0.00
0 0 0 0 0 0 0 0 0 0 0 0 0 0 0
1.00 -0.22 -0.52 -0.35 -0.72 -0.91 -0.38 -0.26 0.00 0.00 0.00 0.00 0.00 0.00 0.00
0 0 0 0 0 0 0 0 0 0 0 0 0 0 0
1.00 -1.82 -1.50 -0.61 -1.82 -1.47 -0.31 -0.27 0.00 0.00 0.00 0.00 0.00 0.00 0.00
0 0 0 0 0 0 0 0 0 0 0 0 0 0 0
