1.00 0.68 0.87 0.67 0.17 0.79 0.42 0.26 0.00 0.00 0.00 0.00 0.00 0.00 0.00
1.00 2.32 1.77 1.02 1.51 1.36 0.64 0.38 0.00 0.00 0.00 0.00 0.00 0.00 0.00
1.00 2.89 2.32 1.52 2.29 1.84 0.99 0.59 0.00 0.00 0.00 0.00 0.00 0.00 0.00
0 0 0 0 0 0 0 0 0 0 0 0 0 0 0
1.00 2.98 1.94 1.39 2.25 1.63 1.06 0.57 0.00 0.00 0.00 0.00 0.00 0.00 0.00
0 0 0 0 0 0 0 0 0 0 0 0 0 0 0
1.00 2.98 1.94 1.39 2.25 1.63 1.06 0.57 0.00 0.00 0.00 0.00 0.00 0.00 0.00
0 0 0 0 0 0 0 0 0 0 0 0 0 0 0
1.00 2.07 1.23 0.76 1.54 0.86 0.63 0.41 0.00 0.00 0.00 0.00 0.00 0.00 0.00
0 0 0 0 0 0 0 0 0 0 0 0 0 0 0
1.00 1.22 0.87 0.66 0.61 0.57 0.51 0.25 0.00 0.00 0.00 0.00 0.00 0.00 0.00
0 0 0 0 0 0 0 0 0 0 0 0 0 0 0
1.00 0.49 0.53 0.78 0.21 0.22 0.39 0.15 0.00 0.00 0.00 0.00 0.00 0.00 0.00
0 0 0 0 0 0 0 0 0 0 0 0 0 0 0
1.00 -0.08 0.19 0.77 -0.36 0.06 0.56 0.05 0.00 0.00 0.00 0.00 0.00 0.00 0.00
0 0 0 0 0 0 0 0 0 0 0 0 0 0 0
1.00 -0.69 -0.12 0.39 -0.42 -0.16 0.20 0.00 0.00 0.00 0.00 0.00 0.00 0.00 0.00
0 0 0 0 0 0 0 0 0 0 0 0 0 0 0
1.00 -1.45 -1.31 -1.42 -0.99 -0.79 -1.11 -0.35 0.00 0.00 0.00 0.00 0.00 0.00 0.00
0 0 0 0 0 0 0 0 0 0 0 0 0 0 0
1.00 0.19 -0.57 -1.19 0.38 -0.16 -0.65 -0.05 0.00 0.00 0.00 0.00 0.00 0.00 0.00
0 0 0 0 0 0 0 0 0 0 0 0 0 0 0
1.00 -2.21 -2.17 -1.98 -1.24 -1.46 -1.26 -0.62 0.00 0.00 0.00 0.00 0.00 0.00 0.00
0 0 0 0 0 0 0 0 0 0 0 0 0 0 0
