1.00 3.06 3.91 4.63 1.50 2.50 2.98 1.00 0.00 0.00 0.00 0.00 0.00 0.00 0.00
1.00 1.82 2.56 2.92 0.60 1.78 1.81 0.57 0.00 0.00 0.00 0.00 0.00 0.00 0.00
1.00 3.36 3.41 3.23 2.22 2.54 2.13 0.90 0.00 0.00 0.00 0.00 0.00 0.00 0.00
0 0 0 0 0 0 0 0 0 0 0 0 0 0 0
1.00 3.49 3.50 3.22 2.58 2.73 2.28 1.03 0.00 0.00 0.00 0.00 0.00 0.00 0.00
0 0 0 0 0 0 0 0 0 0 0 0 0 0 0
1.00 3.49 3.50 3.22 2.58 2.73 2.28 1.03 0.00 0.00 0.00 0.00 0.00 0.00 0.00
0 0 0 0 0 0 0 0 0 0 0 0 0 0 0
1.00 3.18 3.07 2.71 2.68 2.36 1.94 0.92 0.00 0.00 0.00 0.00 0.00 0.00 0.00
0 0 0 0 0 0 0 0 0 0 0 0 0 0 0
1.00 2.16 2.00 1.65 1.93 1.56 1.22 0.61 0.00 0.00 0.00 0.00 0.00 0.00 0.00
0 0 0 0 0 0 0 0 0 0 0 0 0 0 0
1.00 1.47 1.26 1.00 1.31 1.15 0.73 0.42 0.00 0.00 0.00 0.00 0.00 0.00 0.00
0 0 0 0 0 0 0 0 0 0 0 0 0 0 0
1.00 2.97 3.53 3.64 2.22 2.53 2.37 1.02 0.00 0.00 0.00 0.00 0.00 0.00 0.00
0 0 0 0 0 0 0 0 0 0 0 0 0 0 0
1.00 1.94 2.22 2.11 1.34 1.38 1.27 0.63 0.00 0.00 0.00 0.00 0.00 0.00 0.00
0 0 0 0 0 0 0 0 0 0 0 0 0 0 0
1.00 0.10 -0.60 -2.04 -0.22 -0.51 -1.44 -0.12 0.00 0.00 0.00 0.00 0.00 0.00 0.00
0 0 0 0 0 0 0 0 0 0 0 0 0 0 0
1.00 -9.92 -11.96 -12.39 -6.51 -8.11 -8.12 -3.34 0.00 0.00 0.00 0.00 0.00 0.00 0.00
0 0 0 0 0 0 0 0 0 0 0 0 0 0 0
1.00 -5.32 -5.97 -6.01 -3.36 -3.77 -3.77 -1.66 0.00 0.00 0.00 0.00 0.00 0.00 0.00
0 0 0 0 0 0 0 0 0 0 0 0 0 0 0
