1.00 -1.59 -1.42 -0.89 -1.70 -1.57 -0.45 -0.34 0.00 0.00 0.00 0.00 0.00 0.00 0.00
1.00 0.11 0.14 0.04 -0.23 -0.02 0.21 -0.02 0.00 0.00 0.00 0.00 0.00 0.00 0.00
1.00 1.66 0.97 0.33 1.10 1.09 0.23 0.27 0.00 0.00 0.00 0.00 0.00 0.00 0.00
0 0 0 0 0 0 0 0 0 0 0 0 0 0 0
1.00 1.79 0.91 0.51 1.35 0.97 0.38 0.23 0.00 0.00 0.00 0.00 0.00 0.00 0.00
0 0 0 0 0 0 0 0 0 0 0 0 0 0 0
1.00 1.79 0.91 0.51 1.35 0.97 0.38 0.23 0.00 0.00 0.00 0.00 0.00 0.00 0.00
0 0 0 0 0 0 0 0 0 0 0 0 0 0 0
1.00 1.47 1.06 0.77 1.10 0.83 0.76 0.29 0.00 0.00 0.00 0.00 0.00 0.00 0.00
0 0 0 0 0 0 0 0 0 0 0 0 0 0 0
1.00 1.18 0.45 0.26 0.85 0.51 0.42 0.11 0.00 0.00 0.00 0.00 0.00 0.00 0.00
0 0 0 0 0 0 0 0 0 0 0 0 0 0 0
1.00 0.77 0.55 0.74 0.58 0.45 0.65 0.15 0.00 0.00 0.00 0.00 0.00 0.00 0.00
0 0 0 0 0 0 0 0 0 0 0 0 0 0 0
1.00 0.61 0.80 1.29 0.34 0.57 0.89 0.26 0.00 0.00 0.00 0.00 0.00 0.00 0.00
0 0 0 0 0 0 0 0 0 0 0 0 0 0 0
1.00 0.63 0.91 1.26 0.24 0.77 1.00 0.34 0.00 0.00 0.00 0.00 0.00 0.00 0.00
0 0 0 0 0 0 0 0 0 0 0 0 0 0 0
1.00 0.15 0.57 0.92 0.18 0.61 0.55 0.28 0.00 0.00 0.00 0.00 0.00 0.00 0.00
0 0 0 0 0 0 0 0 0 0 0 0 0 0 0
1.00 -0.49 -0.11 0.20 -0.22 -0.18 0.12 0.01 0.00 0.00 0.00 0.00 0.00 0.00 0.00
0 0 0 0 0 0 0 0 0 0 0 0 0 0 0
1.00 -1.12 -0.54 -0.38 -0.63 -0.36 -0.48 -0.17 0.00 0.00 0.00 0.00 0.00 0.00 0.00
0 0 0 0 0 0 0 0 0 0 0 0 0 0 0
