1.00 -2.00 -1.30 -0.39 -2.21 -1.62 -0.25 -0.34 0.00 0.00 0.00 0.00 0.00 0.00 0.00
1.00 -1.65 -0.61 0.25 -2.09 -1.18 0.39 -0.18 0.00 0.00 0.00 0.00 0.00 0.00 0.00
1.00 0.44 0.76 1.24 -0.50 0.57 1.63 0.27 0.00 0.00 0.00 0.00 0.00 0.00 0.00
0 0 0 0 0 0 0 0 0 0 0 0 0 0 0
1.00 1.47 1.37 1.44 0.63 1.45 1.57 0.52 0.00 0.00 0.00 0.00 0.00 0.00 0.00
0 0 0 0 0 0 0 0 0 0 0 0 0 0 0
1.00 1.47 1.37 1.44 0.63 1.45 1.57 0.52 0.00 0.00 0.00 0.00 0.00 0.00 0.00
0 0 0 0 0 0 0 0 0 0 0 0 0 0 0
1.00 0.65 0.65 0.96 0.04 0.67 1.22 0.32 0.00 0.00 0.00 0.00 0.00 0.00 0.00
0 0 0 0 0 0 0 0 0 0 0 0 0 0 0
1.00 0.38 0.27 0.34 0.05 0.15 0.41 0.07 0.00 0.00 0.00 0.00 0.00 0.00 0.00
0 0 0 0 0 0 0 0 0 0 0 0 0 0 0
1.00 0.36 0.41 -0.00 -0.09 -0.02 -0.15 0.06 0.00 0.00 0.00 0.00 0.00 0.00 0.00
0 0 0 0 0 0 0 0 0 0 0 0 0 0 0
1.00 0.79 0.60 -0.02 0.85 0.36 -0.62 0.05 0.00 0.00 0.00 0.00 0.00 0.00 0.00
0 0 0 0 0 0 0 0 0 0 0 0 0 0 0
1.00 0.98 0.41 -0.57 1.57 0.47 -0.95 -0.02 0.00 0.00 0.00 0.00 0.00 0.00 0.00
0 0 0 0 0 0 0 0 0 0 0 0 0 0 0
1.00 0.72 0.52 0.03 0.60 0.30 -0.00 0.07 0.00 0.00 0.00 0.00 0.00 0.00 0.00
0 0 0 0 0 0 0 0 0 0 0 0 0 0 0
1.00 0.36 0.12 -0.64 0.83 0.48 -0.84 -0.06 0.00 0.00 0.00 0.00 0.00 0.00 0.00
0 0 0 0 0 0 0 0 0 0 0 0 0 0 0
1.00 -0.23 -0.81 -1.30 0.95 0.05 -1.32 -0.20 0.00 0.00 0.00 0.00 0.00 0.00 0.00
0 0 0 0 0 0 0 0 0 0 0 0 0 0 0
