1.00 2.68 3.58 4.46 1.01 1.84 2.82 0.74 0.00 0.00 0.00 0.00 0.00 0.00 0.00
1.00 -2.36 -1.67 -0.59 -2.17 -1.73 -0.52 -0.71 0.00 0.00 0.00 0.00 0.00 0.00 0.00
1.00 1.20 1.95 2.05 0.25 1.14 1.20 0.38 0.00 0.00 0.00 0.00 0.00 0.00 0.00
0 0 0 0 0 0 0 0 0 0 0 0 0 0 0
1.00 2.98 3.09 2.87 1.74 1.85 1.86 0.81 0.00 0.00 0.00 0.00 0.00 0.00 0.00
0 0 0 0 0 0 0 0 0 0 0 0 0 0 0
1.00 2.98 3.09 2.87 1.74 1.85 1.86 0.81 0.00 0.00 0.00 0.00 0.00 0.00 0.00
0 0 0 0 0 0 0 0 0 0 0 0 0 0 0
1.00 3.47 3.30 2.92 2.16 2.35 2.15 0.97 0.00 0.00 0.00 0.00 0.00 0.00 0.00
0 0 0 0 0 0 0 0 0 0 0 0 0 0 0
1.00 3.40 3.10 2.75 2.51 2.51 1.86 0.99 0.00 0.00 0.00 0.00 0.00 0.00 0.00
0 0 0 0 0 0 0 0 0 0 0 0 0 0 0
1.00 2.90 2.62 2.11 2.43 2.05 1.39 0.86 0.00 0.00 0.00 0.00 0.00 0.00 0.00
0 0 0 0 0 0 0 0 0 0 0 0 0 0 0
1.00 5.40 6.03 5.88 3.69 3.96 3.59 1.73 0.00 0.00 0.00 0.00 0.00 0.00 0.00
0 0 0 0 0 0 0 0 0 0 0 0 0 0 0
1.00 3.97 3.97 2.75 2.54 2.71 1.68 1.10 0.00 0.00 0.00 0.00 0.00 0.00 0.00
0 0 0 0 0 0 0 0 0 0 0 0 0 0 0
1.00 0.68 -1.29 -3.85 0.53 -0.45 -2.38 -0.25 0.00 0.00 0.00 0.00 0.00 0.00 0.00
0 0 0 0 0 0 0 0 0 0 0 0 0 0 0
1.00 -5.81 -8.13 -8.79 -3.41 -5.01 -5.47 -2.14 0.00 0.00 0.00 0.00 0.00 0.00 0.00
0 0 0 0 0 0 0 0 0 0 0 0 0 0 0
1.00 -10.14 -9.90 -9.03 -6.18 -6.52 -5.79 -2.79 0.00 0.00 0.00 0.00 0.00 0.00 0.00
0 0 0 0 0 0 0 0 0 0 0 0 0 0 0
