1.00 1.51 1.43 0.46 3.70 3.67 1.25 0.35 0.00 0.00 0.00 0.00 0.00 0.00 0.00
1.00 1.62 0.94 -0.30 2.89 2.12 -0.08 0.17 0.00 0.00 0.00 0.00 0.00 0.00 0.00
1.00 1.45 1.13 0.27 1.86 1.48 0.07 0.12 0.00 0.00 0.00 0.00 0.00 0.00 0.00
0 0 0 0 0 0 0 0 0 0 0 0 0 0 0
1.00 2.06 1.64 0.71 2.15 1.47 0.40 0.36 0.00 0.00 0.00 0.00 0.00 0.00 0.00
0 0 0 0 0 0 0 0 0 0 0 0 0 0 0
1.00 2.06 1.64 0.71 2.15 1.47 0.40 0.36 0.00 0.00 0.00 0.00 0.00 0.00 0.00
0 0 0 0 0 0 0 0 0 0 0 0 0 0 0
1.00 2.28 1.76 0.94 2.05 1.41 0.29 0.39 0.00 0.00 0.00 0.00 0.00 0.00 0.00
0 0 0 0 0 0 0 0 0 0 0 0 0 0 0
1.00 1.99 1.59 0.80 1.49 0.99 0.26 0.32 0.00 0.00 0.00 0.00 0.00 0.00 0.00
0 0 0 0 0 0 0 0 0 0 0 0 0 0 0
1.00 1.24 0.59 0.47 0.76 0.28 0.01 0.06 0.00 0.00 0.00 0.00 0.00 0.00 0.00
0 0 0 0 0 0 0 0 0 0 0 0 0 0 0
1.00 -0.07 -0.22 -0.16 -0.48 -0.65 -0.24 -0.04 0.00 0.00 0.00 0.00 0.00 0.00 0.00
0 0 0 0 0 0 0 0 0 0 0 0 0 0 0
1.00 -2.09 -2.04 -1.10 -2.26 -2.32 -0.76 -0.40 0.00 0.00 0.00 0.00 0.00 0.00 0.00
0 0 0 0 0 0 0 0 0 0 0 0 0 0 0
1.00 0.07 -0.46 -0.34 -0.01 -0.43 -0.01 -0.18 0.00 0.00 0.00 0.00 0.00 0.00 0.00
0 0 0 0 0 0 0 0 0 0 0 0 0 0 0
1.00 -1.28 -1.27 -0.64 -0.96 -0.68 -0.29 -0.14 0.00 0.00 0.00 0.00 0.00 0.00 0.00
0 0 0 0 0 0 0 0 0 0 0 0 0 0 0
1.00 -3.00 -2.15 -0.77 -2.79 -2.07 -0.43 -0.40 0.00 0.00 0.00 0.00 0.00 0.00 0.00
0 0 0 0 0 0 0 0 0 0 0 0 0 0 0
