1.00 1.38 2.44 2.91 0.07 1.53 1.97 0.46 0.00 0.00 0.00 0.00 0.00 0.00 0.00
1.00 3.92 4.06 4.14 2.75 3.29 2.79 1.04 0.00 0.00 0.00 0.00 0.00 0.00 0.00
1.00 4.30 4.39 4.18 3.27 3.42 2.92 1.24 0.00 0.00 0.00 0.00 0.00 0.00 0.00
0 0 0 0 0 0 0 0 0 0 0 0 0 0 0
1.00 3.82 3.85 3.56 3.00 3.19 2.55 1.09 0.00 0.00 0.00 0.00 0.00 0.00 0.00
0 0 0 0 0 0 0 0 0 0 0 0 0 0 0
1.00 3.82 3.85 3.56 3.00 3.19 2.55 1.09 0.00 0.00 0.00 0.00 0.00 0.00 0.00
0 0 0 0 0 0 0 0 0 0 0 0 0 0 0
1.00 3.12 3.09 3.07 2.51 2.48 2.13 0.88 0.00 0.00 0.00 0.00 0.00 0.00 0.00
0 0 0 0 0 0 0 0 0 0 0 0 0 0 0
1.00 2.20 2.06 1.81 1.84 1.57 1.17 0.57 0.00 0.00 0.00 0.00 0.00 0.00 0.00
0 0 0 0 0 0 0 0 0 0 0 0 0 0 0
1.00 0.84 0.47 0.05 0.75 0.33 -0.02 0.23 0.00 0.00 0.00 0.00 0.00 0.00 0.00
0 0 0 0 0 0 0 0 0 0 0 0 0 0 0
1.00 -1.15 -1.52 -2.07 -0.89 -1.35 -1.46 -0.33 0.00 0.00 0.00 0.00 0.00 0.00 0.00
0 0 0 0 0 0 0 0 0 0 0 0 0 0 0
1.00 4.19 4.09 2.81 2.49 2.69 1.85 1.24 0.00 0.00 0.00 0.00 0.00 0.00 0.00
0 0 0 0 0 0 0 0 0 0 0 0 0 0 0
1.00 1.15 -0.95 -3.46 0.48 -0.35 -2.13 -0.10 0.00 0.00 0.00 0.00 0.00 0.00 0.00
0 0 0 0 0 0 0 0 0 0 0 0 0 0 0
1.00 -4.98 -7.17 -7.91 -3.27 -4.80 -5.28 -2.00 0.00 0.00 0.00 0.00 0.00 0.00 0.00
0 0 0 0 0 0 0 0 0 0 0 0 0 0 0
1.00 -8.54 -8.59 -7.99 -5.81 -5.93 -5.12 -2.51 0.00 0.00 0.00 0.00 0.00 0.00 0.00
0 0 0 0 0 0 0 0 0 0 0 0 0 0 0
