1.00 -3.12 -2.21 -0.77 -3.91 -2.95 -0.53 -0.51 0.00 0.00 0.00 0.00 0.00 0.00 0.00
1.00 -1.09 0.21 0.46 -0.86 1.65 1.35 0.16 0.00 0.00 0.00 0.00 0.00 0.00 0.00
1.00 2.13 1.89 0.70 4.02 3.58 1.01 0.55 0.00 0.00 0.00 0.00 0.00 0.00 0.00
0 0 0 0 0 0 0 0 0 0 0 0 0 0 0
1.00 2.62 1.75 0.34 3.72 2.46 0.45 0.37 0.00 0.00 0.00 0.00 0.00 0.00 0.00
0 0 0 0 0 0 0 0 0 0 0 0 0 0 0
1.00 2.62 1.75 0.34 3.72 2.46 0.45 0.37 0.00 0.00 0.00 0.00 0.00 0.00 0.00
0 0 0 0 0 0 0 0 0 0 0 0 0 0 0
1.00 2.58 1.47 0.42 2.70 1.67 0.03 0.31 0.00 0.00 0.00 0.00 0.00 0.00 0.00
0 0 0 0 0 0 0 0 0 0 0 0 0 0 0
1.00 3.07 2.12 1.07 2.81 1.73 0.22 0.41 0.00 0.00 0.00 0.00 0.00 0.00 0.00
0 0 0 0 0 0 0 0 0 0 0 0 0 0 0
1.00 1.41 1.17 0.71 1.49 1.24 0.19 0.16 0.00 0.00 0.00 0.00 0.00 0.00 0.00
0 0 0 0 0 0 0 0 0 0 0 0 0 0 0
1.00 1.93 1.74 1.38 1.91 1.35 0.78 0.37 0.00 0.00 0.00 0.00 0.00 0.00 0.00
0 0 0 0 0 0 0 0 0 0 0 0 0 0 0
1.00 2.04 1.87 1.70 1.72 1.39 0.89 0.58 0.00 0.00 0.00 0.00 0.00 0.00 0.00
0 0 0 0 0 0 0 0 0 0 0 0 0 0 0
1.00 1.38 1.09 0.82 0.92 0.52 0.38 0.34 0.00 0.00 0.00 0.00 0.00 0.00 0.00
0 0 0 0 0 0 0 0 0 0 0 0 0 0 0
1.00 -0.28 -0.49 -0.15 -0.65 -0.95 -0.15 -0.06 0.00 0.00 0.00 0.00 0.00 0.00 0.00
0 0 0 0 0 0 0 0 0 0 0 0 0 0 0
1.00 3.08 2.24 1.15 2.80 1.78 0.38 0.43 0.00 0.00 0.00 0.00 0.00 0.00 0.00
0 0 0 0 0 0 0 0 0 0 0 0 0 0 0
