1.00 1.33 0.78 0.16 1.05 0.89 0.30 0.15 0.00 0.00 0.00 0.00 0.00 0.00 0.00
1.00 1.43 0.88 0.64 1.17 0.94 0.42 0.26 0.00 0.00 0.00 0.00 0.00 0.00 0.00
1.00 1.19 1.09 0.97 0.96 0.89 0.65 0.31 0.00 0.00 0.00 0.00 0.00 0.00 0.00
0 0 0 0 0 0 0 0 0 0 0 0 0 0 0
1.00 0.72 0.85 1.30 0.72 0.74 0.77 0.31 0.00 0.00 0.00 0.00 0.00 0.00 0.00
0 0 0 0 0 0 0 0 0 0 0 0 0 0 0
1.00 0.72 0.85 1.30 0.72 0.74 0.77 0.31 0.00 0.00 0.00 0.00 0.00 0.00 0.00
0 0 0 0 0 0 0 0 0 0 0 0 0 0 0
1.00 1.34 0.78 0.80 0.97 0.65 0.62 0.29 0.00 0.00 0.00 0.00 0.00 0.00 0.00
0 0 0 0 0 0 0 0 0 0 0 0 0 0 0
1.00 0.65 0.63 1.08 0.30 0.45 0.90 0.25 0.00 0.00 0.00 0.00 0.00 0.00 0.00
0 0 0 0 0 0 0 0 0 0 0 0 0 0 0
1.00 0.08 0.70 1.61 -0.26 0.28 1.04 0.26 0.00 0.00 0.00 0.00 0.00 0.00 0.00
0 0 0 0 0 0 0 0 0 0 0 0 0 0 0
1.00 0.09 0.82 0.97 -0.16 0.55 0.46 0.22 0.00 0.00 0.00 0.00 0.00 0.00 0.00
0 0 0 0 0 0 0 0 0 0 0 0 0 0 0
1.00 -0.86 -0.45 -0.86 -0.20 -0.18 -0.72 -0.18 0.00 0.00 0.00 0.00 0.00 0.00 0.00
0 0 0 0 0 0 0 0 0 0 0 0 0 0 0
1.00 -2.65 -1.94 -1.65 -1.21 -1.31 -1.45 -0.65 0.00 0.00 0.00 0.00 0.00 0.00 0.00
0 0 0 0 0 0 0 0 0 0 0 0 0 0 0
1.00 -1.45 -0.91 -0.84 -0.82 -0.53 -0.77 -0.38 0.00 0.00 0.00 0.00 0.00 0.00 0.00
0 0 0 0 0 0 0 0 0 0 0 0 0 0 0
1.00 -1.20 -0.75 -0.62 -0.60 -0.52 -0.46 -0.22 0.00 0.00 0.00 0.00 0.00 0.00 0.00
0 0 0 0 0 0 0 0 0 0 0 0 0 0 0
