1.00 -1.82 -2.02 -2.31 -1.06 -1.42 -1.56 -0.53 0.00 0.00 0.00 0.00 0.00 0.00 0.00
1.00 -2.11 -2.62 -2.72 -1.25 -1.63 -1.89 -0.70 0.00 0.00 0.00 0.00 0.00 0.00 0.00
1.00 -2.61 -2.65 -2.40 -1.64 -1.93 -1.58 -0.70 0.00 0.00 0.00 0.00 0.00 0.00 0.00
0 0 0 0 0 0 0 0 0 0 0 0 0 0 0
1.00 -0.99 -0.11 0.71 -0.84 -0.51 0.58 -0.06 0.00 0.00 0.00 0.00 0.00 0.00 0.00
0 0 0 0 0 0 0 0 0 0 0 0 0 0 0
1.00 -0.99 -0.11 0.71 -0.84 -0.51 0.58 -0.06 0.00 0.00 0.00 0.00 0.00 0.00 0.00
0 0 0 0 0 0 0 0 0 0 0 0 0 0 0
1.00 3.39 3.75 3.91 1.67 2.60 2.72 0.96 0.00 0.00 0.00 0.00 0.00 0.00 0.00
0 0 0 0 0 0 0 0 0 0 0 0 0 0 0
1.00 6.18 6.21 5.79 4.21 4.73 4.01 1.78 0.00 0.00 0.00 0.00 0.00 0.00 0.00
0 0 0 0 0 0 0 0 0 0 0 0 0 0 0
1.00 3.58 3.68 3.56 2.64 2.93 2.41 1.08 0.00 0.00 0.00 0.00 0.00 0.00 0.00
0 0 0 0 0 0 0 0 0 0 0 0 0 0 0
1.00 3.78 3.88 3.85 3.00 3.25 2.89 1.21 0.00 0.00 0.00 0.00 0.00 0.00 0.00
0 0 0 0 0 0 0 0 0 0 0 0 0 0 0
1.00 3.62 3.44 3.13 3.10 2.87 2.30 1.17 0.00 0.00 0.00 0.00 0.00 0.00 0.00
0 0 0 0 0 0 0 0 0 0 0 0 0 0 0
1.00 2.42 2.09 1.77 2.05 1.76 1.30 0.64 0.00 0.00 0.00 0.00 0.00 0.00 0.00
0 0 0 0 0 0 0 0 0 0 0 0 0 0 0
1.00 0.87 0.55 0.40 0.60 0.15 0.25 0.17 0.00 0.00 0.00 0.00 0.00 0.00 0.00
0 0 0 0 0 0 0 0 0 0 0 0 0 0 0
1.00 -1.10 -1.37 -1.69 -1.12 -1.36 -1.42 -0.42 0.00 0.00 0.00 0.00 0.00 0.00 0.00
0 0 0 0 0 0 0 0 0 0 0 0 0 0 0
