1.00 0.23 0.38 0.07 1.66 2.03 0.65 0.10 0.00 0.00 0.00 0.00 0.00 0.00 0.00
1.00 1.34 0.82 -0.08 2.22 1.52 0.07 0.16 0.00 0.00 0.00 0.00 0.00 0.00 0.00
1.00 1.92 1.42 0.69 1.92 1.52 0.31 0.25 0.00 0.00 0.00 0.00 0.00 0.00 0.00
0 0 0 0 0 0 0 0 0 0 0 0 0 0 0
1.00 2.89 2.24 1.25 2.76 2.02 0.57 0.51 0.00 0.00 0.00 0.00 0.00 0.00 0.00
0 0 0 0 0 0 0 0 0 0 0 0 0 0 0
1.00 2.89 2.24 1.25 2.76 2.02 0.57 0.51 0.00 0.00 0.00 0.00 0.00 0.00 0.00
0 0 0 0 0 0 0 0 0 0 0 0 0 0 0
1.00 3.24 2.34 1.37 2.85 1.78 0.61 0.52 0.00 0.00 0.00 0.00 0.00 0.00 0.00
0 0 0 0 0 0 0 0 0 0 0 0 0 0 0
1.00 1.71 1.46 0.92 1.65 1.29 0.60 0.34 0.00 0.00 0.00 0.00 0.00 0.00 0.00
0 0 0 0 0 0 0 0 0 0 0 0 0 0 0
1.00 1.94 1.34 0.97 1.74 1.30 0.34 0.40 0.00 0.00 0.00 0.00 0.00 0.00 0.00
0 0 0 0 0 0 0 0 0 0 0 0 0 0 0
1.00 0.66 0.23 0.12 0.32 -0.20 -0.15 0.02 0.00 0.00 0.00 0.00 0.00 0.00 0.00
0 0 0 0 0 0 0 0 0 0 0 0 0 0 0
1.00 -1.40 -1.58 -1.07 -2.07 -2.38 -1.04 -0.47 0.00 0.00 0.00 0.00 0.00 0.00 0.00
0 0 0 0 0 0 0 0 0 0 0 0 0 0 0
1.00 1.06 0.30 -0.26 0.50 -0.26 -0.54 -0.01 0.00 0.00 0.00 0.00 0.00 0.00 0.00
0 0 0 0 0 0 0 0 0 0 0 0 0 0 0
1.00 -0.74 -1.08 -1.02 -1.13 -1.45 -0.61 -0.39 0.00 0.00 0.00 0.00 0.00 0.00 0.00
0 0 0 0 0 0 0 0 0 0 0 0 0 0 0
1.00 -2.61 -2.09 -1.02 -2.65 -1.95 -0.32 -0.45 0.00 0.00 0.00 0.00 0.00 0.00 0.00
0 0 0 0 0 0 0 0 0 0 0 0 0 0 0
