1.00 2.60 1.81 1.20 1.03 1.04 1.02 0.53 0.00 0.00 0.00 0.00 0.00 0.00 0.00
1.00 0.83 0.56 0.50 -0.21 0.26 0.53 0.21 0.00 0.00 0.00 0.00 0.00 0.00 0.00
1.00 2.01 1.51 0.71 1.41 1.36 0.70 0.44 0.00 0.00 0.00 0.00 0.00 0.00 0.00
0 0 0 0 0 0 0 0 0 0 0 0 0 0 0
1.00 1.42 1.08 0.45 0.99 1.02 0.50 0.32 0.00 0.00 0.00 0.00 0.00 0.00 0.00
0 0 0 0 0 0 0 0 0 0 0 0 0 0 0
1.00 1.42 1.08 0.45 0.99 1.02 0.50 0.32 0.00 0.00 0.00 0.00 0.00 0.00 0.00
0 0 0 0 0 0 0 0 0 0 0 0 0 0 0
1.00 1.57 1.15 0.55 1.51 1.15 0.38 0.34 0.00 0.00 0.00 0.00 0.00 0.00 0.00
0 0 0 0 0 0 0 0 0 0 0 0 0 0 0
1.00 1.47 0.88 0.47 1.25 0.73 0.29 0.24 0.00 0.00 0.00 0.00 0.00 0.00 0.00
0 0 0 0 0 0 0 0 0 0 0 0 0 0 0
1.00 0.72 0.57 0.34 0.79 0.41 0.27 0.08 0.00 0.00 0.00 0.00 0.00 0.00 0.00
0 0 0 0 0 0 0 0 0 0 0 0 0 0 0
1.00 1.05 0.54 0.18 0.87 0.26 0.09 0.02 0.00 0.00 0.00 0.00 0.00 0.00 0.00
0 0 0 0 0 0 0 0 0 0 0 0 0 0 0
1.00 0.18 0.02 0.51 -0.00 -0.17 0.26 0.01 0.00 0.00 0.00 0.00 0.00 0.00 0.00
0 0 0 0 0 0 0 0 0 0 0 0 0 0 0
1.00 -0.58 -0.11 0.62 -0.47 -0.14 0.36 -0.02 0.00 0.00 0.00 0.00 0.00 0.00 0.00
0 0 0 0 0 0 0 0 0 0 0 0 0 0 0
1.00 -1.14 -0.38 0.58 -1.03 -0.48 0.29 -0.06 0.00 0.00 0.00 0.00 0.00 0.00 0.00
0 0 0 0 0 0 0 0 0 0 0 0 0 0 0
1.00 -1.93 -1.18 -0.67 -1.67 -1.04 -0.55 -0.21 0.00 0.00 0.00 0.00 0.00 0.00 0.00
0 0 0 0 0 0 0 0 0 0 0 0 0 0 0
