1.00 -1.50 -1.79 -1.02 -0.49 -1.23 -0.62 -0.44 0.00 0.00 0.00 0.00 0.00 0.00 0.00
1.00 0.10 1.62 2.94 0.01 0.93 1.46 0.21 0.00 0.00 0.00 0.00 0.00 0.00 0.00
1.00 2.23 3.09 3.28 0.96 2.10 1.87 0.54 0.00 0.00 0.00 0.00 0.00 0.00 0.00
0 0 0 0 0 0 0 0 0 0 0 0 0 0 0
1.00 1.92 2.39 2.45 0.70 1.70 1.40 0.64 0.00 0.00 0.00 0.00 0.00 0.00 0.00
0 0 0 0 0 0 0 0 0 0 0 0 0 0 0
1.00 1.92 2.39 2.45 0.70 1.70 1.40 0.64 0.00 0.00 0.00 0.00 0.00 0.00 0.00
0 0 0 0 0 0 0 0 0 0 0 0 0 0 0
1.00 1.60 1.83 1.77 0.59 1.03 1.00 0.49 0.00 0.00 0.00 0.00 0.00 0.00 0.00
0 0 0 0 0 0 0 0 0 0 0 0 0 0 0
1.00 1.10 1.20 1.06 0.50 0.87 0.49 0.35 0.00 0.00 0.00 0.00 0.00 0.00 0.00
0 0 0 0 0 0 0 0 0 0 0 0 0 0 0
1.00 0.24 0.05 -0.16 -0.03 0.00 -0.01 0.04 0.00 0.00 0.00 0.00 0.00 0.00 0.00
0 0 0 0 0 0 0 0 0 0 0 0 0 0 0
1.00 -0.28 -0.66 -0.78 -0.38 -0.61 -0.53 -0.12 0.00 0.00 0.00 0.00 0.00 0.00 0.00
0 0 0 0 0 0 0 0 0 0 0 0 0 0 0
1.00 -0.92 -1.51 -1.89 -0.48 -1.14 -1.25 -0.40 0.00 0.00 0.00 0.00 0.00 0.00 0.00
0 0 0 0 0 0 0 0 0 0 0 0 0 0 0
1.00 0.01 -0.02 -0.09 -0.13 -0.19 -0.00 -0.01 0.00 0.00 0.00 0.00 0.00 0.00 0.00
0 0 0 0 0 0 0 0 0 0 0 0 0 0 0
1.00 -0.02 -0.02 -0.07 -0.11 -0.16 0.04 -0.00 0.00 0.00 0.00 0.00 0.00 0.00 0.00
0 0 0 0 0 0 0 0 0 0 0 0 0 0 0
1.00 -0.41 -0.45 -0.68 -0.15 -0.38 -0.48 -0.15 0.00 0.00 0.00 0.00 0.00 0.00 0.00
0 0 0 0 0 0 0 0 0 0 0 0 0 0 0
