1.00 -3.71 -2.80 -1.24 -5.14 -4.41 -1.31 -1.30 0.00 0.00 0.00 0.00 0.00 0.00 0.00
1.00 -0.02 1.54 2.78 -1.40 1.48 2.19 0.25 0.00 0.00 0.00 0.00 0.00 0.00 0.00
1.00 3.39 3.86 3.73 3.89 5.45 3.49 1.48 0.00 0.00 0.00 0.00 0.00 0.00 0.00
0 0 0 0 0 0 0 0 0 0 0 0 0 0 0
1.00 4.41 4.26 3.85 6.62 6.96 3.64 1.90 0.00 0.00 0.00 0.00 0.00 0.00 0.00
0 0 0 0 0 0 0 0 0 0 0 0 0 0 0
1.00 4.41 4.26 3.85 6.62 6.96 3.64 1.90 0.00 0.00 0.00 0.00 0.00 0.00 0.00
0 0 0 0 0 0 0 0 0 0 0 0 0 0 0
1.00 4.70 4.29 3.40 7.73 6.90 3.17 1.89 0.00 0.00 0.00 0.00 0.00 0.00 0.00
0 0 0 0 0 0 0 0 0 0 0 0 0 0 0
1.00 4.50 4.36 3.89 8.03 7.84 3.79 1.99 0.00 0.00 0.00 0.00 0.00 0.00 0.00
0 0 0 0 0 0 0 0 0 0 0 0 0 0 0
1.00 3.04 2.76 2.07 5.70 5.12 2.14 1.24 0.00 0.00 0.00 0.00 0.00 0.00 0.00
0 0 0 0 0 0 0 0 0 0 0 0 0 0 0
1.00 0.87 0.10 -0.57 1.28 -0.15 -0.70 0.03 0.00 0.00 0.00 0.00 0.00 0.00 0.00
0 0 0 0 0 0 0 0 0 0 0 0 0 0 0
1.00 -2.21 -2.68 -3.08 -4.37 -5.28 -3.22 -1.24 0.00 0.00 0.00 0.00 0.00 0.00 0.00
0 0 0 0 0 0 0 0 0 0 0 0 0 0 0
1.00 -5.22 -5.73 -5.58 -8.74 -9.69 -5.28 -2.41 0.00 0.00 0.00 0.00 0.00 0.00 0.00
0 0 0 0 0 0 0 0 0 0 0 0 0 0 0
1.00 -2.96 -2.96 -2.73 -4.73 -4.76 -2.58 -1.22 0.00 0.00 0.00 0.00 0.00 0.00 0.00
0 0 0 0 0 0 0 0 0 0 0 0 0 0 0
1.00 -3.07 -2.83 -2.62 -4.43 -4.47 -2.55 -1.18 0.00 0.00 0.00 0.00 0.00 0.00 0.00
0 0 0 0 0 0 0 0 0 0 0 0 0 0 0
