1.00 -1.21 -1.75 -2.15 -0.45 -1.31 -1.27 -0.37 0.00 0.00 0.00 0.00 0.00 0.00 0.00
1.00 -1.15 -2.18 -2.33 -0.37 -1.30 -1.36 -0.39 0.00 0.00 0.00 0.00 0.00 0.00 0.00
1.00 1.69 3.98 4.80 0.35 2.52 2.86 0.67 0.00 0.00 0.00 0.00 0.00 0.00 0.00
0 0 0 0 0 0 0 0 0 0 0 0 0 0 0
1.00 3.26 4.16 4.68 1.45 3.07 2.88 0.97 0.00 0.00 0.00 0.00 0.00 0.00 0.00
0 0 0 0 0 0 0 0 0 0 0 0 0 0 0
1.00 3.26 4.16 4.68 1.45 3.07 2.88 0.97 0.00 0.00 0.00 0.00 0.00 0.00 0.00
0 0 0 0 0 0 0 0 0 0 0 0 0 0 0
1.00 1.79 2.57 2.80 0.87 1.90 1.91 0.68 0.00 0.00 0.00 0.00 0.00 0.00 0.00
0 0 0 0 0 0 0 0 0 0 0 0 0 0 0
1.00 1.38 1.87 1.95 0.82 1.64 1.32 0.60 0.00 0.00 0.00 0.00 0.00 0.00 0.00
0 0 0 0 0 0 0 0 0 0 0 0 0 0 0
1.00 0.86 0.74 1.09 0.40 0.60 0.52 0.26 0.00 0.00 0.00 0.00 0.00 0.00 0.00
0 0 0 0 0 0 0 0 0 0 0 0 0 0 0
1.00 0.04 0.01 -0.01 -0.00 -0.24 -0.19 0.01 0.00 0.00 0.00 0.00 0.00 0.00 0.00
0 0 0 0 0 0 0 0 0 0 0 0 0 0 0
1.00 -0.55 -0.80 -1.07 -0.42 -0.90 -0.77 -0.26 0.00 0.00 0.00 0.00 0.00 0.00 0.00
0 0 0 0 0 0 0 0 0 0 0 0 0 0 0
1.00 0.23 0.37 0.40 0.03 0.12 0.17 0.05 0.00 0.00 0.00 0.00 0.00 0.00 0.00
0 0 0 0 0 0 0 0 0 0 0 0 0 0 0
1.00 -0.18 -0.09 -0.15 -0.31 -0.27 -0.23 -0.03 0.00 0.00 0.00 0.00 0.00 0.00 0.00
0 0 0 0 0 0 0 0 0 0 0 0 0 0 0
1.00 -0.47 -0.77 -0.89 -0.32 -0.77 -0.56 -0.23 0.00 0.00 0.00 0.00 0.00 0.00 0.00
0 0 0 0 0 0 0 0 0 0 0 0 0 0 0
