1.00 -1.44 -2.15 -1.99 -0.61 -1.34 -1.23 -0.41 0.00 0.00 0.00 0.00 0.00 0.00 0.00
1.00 -0.52 0.74 2.13 -0.30 0.36 1.10 0.07 0.00 0.00 0.00 0.00 0.00 0.00 0.00
1.00 2.14 3.71 3.85 1.02 2.42 2.27 0.70 0.00 0.00 0.00 0.00 0.00 0.00 0.00
0 0 0 0 0 0 0 0 0 0 0 0 0 0 0
1.00 2.76 3.18 3.20 1.00 2.18 1.80 0.71 0.00 0.00 0.00 0.00 0.00 0.00 0.00
0 0 0 0 0 0 0 0 0 0 0 0 0 0 0
1.00 2.76 3.18 3.20 1.00 2.18 1.80 0.71 0.00 0.00 0.00 0.00 0.00 0.00 0.00
0 0 0 0 0 0 0 0 0 0 0 0 0 0 0
1.00 1.71 2.36 2.51 0.77 1.78 1.59 0.57 0.00 0.00 0.00 0.00 0.00 0.00 0.00
0 0 0 0 0 0 0 0 0 0 0 0 0 0 0
1.00 1.36 1.42 1.29 0.62 1.21 0.78 0.44 0.00 0.00 0.00 0.00 0.00 0.00 0.00
0 0 0 0 0 0 0 0 0 0 0 0 0 0 0
1.00 0.06 -0.12 -0.43 -0.03 -0.30 -0.43 -0.06 0.00 0.00 0.00 0.00 0.00 0.00 0.00
0 0 0 0 0 0 0 0 0 0 0 0 0 0 0
1.00 -0.60 -1.07 -1.41 -0.49 -1.09 -1.00 -0.35 0.00 0.00 0.00 0.00 0.00 0.00 0.00
0 0 0 0 0 0 0 0 0 0 0 0 0 0 0
1.00 0.25 0.18 -0.03 -0.10 -0.19 -0.18 -0.03 0.00 0.00 0.00 0.00 0.00 0.00 0.00
0 0 0 0 0 0 0 0 0 0 0 0 0 0 0
1.00 -0.18 -0.53 -0.71 -0.32 -0.52 -0.58 -0.19 0.00 0.00 0.00 0.00 0.00 0.00 0.00
0 0 0 0 0 0 0 0 0 0 0 0 0 0 0
1.00 -0.94 -1.56 -1.84 -0.32 -1.05 -0.95 -0.34 0.00 0.00 0.00 0.00 0.00 0.00 0.00
0 0 0 0 0 0 0 0 0 0 0 0 0 0 0
1.00 -1.03 -1.65 -1.92 -0.33 -1.08 -0.98 -0.36 0.00 0.00 0.00 0.00 0.00 0.00 0.00
0 0 0 0 0 0 0 0 0 0 0 0 0 0 0
