1.00 4.37 5.68 5.98 5.05 7.70 5.25 1.97 0.00 0.00 0.00 0.00 0.00 0.00 0.00
1.00 2.92 3.82 4.14 3.23 5.31 3.54 1.37 0.00 0.00 0.00 0.00 0.00 0.00 0.00
1.00 3.98 4.25 4.17 5.98 6.58 3.83 1.77 0.00 0.00 0.00 0.00 0.00 0.00 0.00
0 0 0 0 0 0 0 0 0 0 0 0 0 0 0
1.00 3.81 3.68 3.33 6.41 6.15 3.06 1.65 0.00 0.00 0.00 0.00 0.00 0.00 0.00
0 0 0 0 0 0 0 0 0 0 0 0 0 0 0
1.00 3.81 3.68 3.33 6.41 6.15 3.06 1.65 0.00 0.00 0.00 0.00 0.00 0.00 0.00
0 0 0 0 0 0 0 0 0 0 0 0 0 0 0
1.00 2.77 2.23 1.52 4.87 3.98 1.51 1.04 0.00 0.00 0.00 0.00 0.00 0.00 0.00
0 0 0 0 0 0 0 0 0 0 0 0 0 0 0
1.00 0.73 -0.38 -1.49 1.30 -0.40 -1.52 -0.12 0.00 0.00 0.00 0.00 0.00 0.00 0.00
0 0 0 0 0 0 0 0 0 0 0 0 0 0 0
1.00 1.79 0.97 -0.01 2.13 0.76 -0.47 0.24 0.00 0.00 0.00 0.00 0.00 0.00 0.00
0 0 0 0 0 0 0 0 0 0 0 0 0 0 0
1.00 -1.66 -2.60 -3.24 -4.00 -5.06 -3.36 -1.19 0.00 0.00 0.00 0.00 0.00 0.00 0.00
0 0 0 0 0 0 0 0 0 0 0 0 0 0 0
1.00 -5.31 -5.82 -5.39 -8.35 -8.86 -4.76 -2.32 0.00 0.00 0.00 0.00 0.00 0.00 0.00
0 0 0 0 0 0 0 0 0 0 0 0 0 0 0
1.00 -6.93 -6.38 -5.59 -9.81 -9.65 -4.84 -2.53 0.00 0.00 0.00 0.00 0.00 0.00 0.00
0 0 0 0 0 0 0 0 0 0 0 0 0 0 0
1.00 -3.01 -2.75 -2.46 -4.34 -4.48 -2.14 -1.11 0.00 0.00 0.00 0.00 0.00 0.00 0.00
0 0 0 0 0 0 0 0 0 0 0 0 0 0 0
1.00 -2.62 -2.41 -2.14 -3.71 -3.73 -1.98 -0.97 0.00 0.00 0.00 0.00 0.00 0.00 0.00
0 0 0 0 0 0 0 0 0 0 0 0 0 0 0
