1.00 1.77 1.03 0.59 1.04 0.18 0.08 0.19 0.00 0.00 0.00 0.00 0.00 0.00 0.00
1.00 1.28 0.96 0.61 0.85 0.24 0.07 0.22 0.00 0.00 0.00 0.00 0.00 0.00 0.00
1.00 1.66 0.98 0.40 1.19 0.48 0.13 0.21 0.00 0.00 0.00 0.00 0.00 0.00 0.00
0 0 0 0 0 0 0 0 0 0 0 0 0 0 0
1.00 1.25 0.58 0.21 0.88 0.22 -0.09 0.12 0.00 0.00 0.00 0.00 0.00 0.00 0.00
0 0 0 0 0 0 0 0 0 0 0 0 0 0 0
1.00 1.25 0.58 0.21 0.88 0.22 -0.09 0.12 0.00 0.00 0.00 0.00 0.00 0.00 0.00
0 0 0 0 0 0 0 0 0 0 0 0 0 0 0
1.00 0.23 -0.18 -0.17 -0.05 -0.07 -0.07 -0.06 0.00 0.00 0.00 0.00 0.00 0.00 0.00
0 0 0 0 0 0 0 0 0 0 0 0 0 0 0
1.00 -0.85 -0.50 -0.32 -0.50 -0.12 -0.04 -0.08 0.00 0.00 0.00 0.00 0.00 0.00 0.00
0 0 0 0 0 0 0 0 0 0 0 0 0 0 0
1.00 -0.40 -0.20 -0.04 -0.23 -0.05 0.01 -0.07 0.00 0.00 0.00 0.00 0.00 0.00 0.00
0 0 0 0 0 0 0 0 0 0 0 0 0 0 0
1.00 -0.62 -0.35 -0.13 -0.36 0.01 -0.13 -0.05 0.00 0.00 0.00 0.00 0.00 0.00 0.00
0 0 0 0 0 0 0 0 0 0 0 0 0 0 0
1.00 -0.85 -0.35 -0.07 -0.52 0.03 0.13 -0.07 0.00 0.00 0.00 0.00 0.00 0.00 0.00
0 0 0 0 0 0 0 0 0 0 0 0 0 0 0
1.00 -1.09 -0.56 -0.22 -0.54 -0.07 0.11 -0.01 0.00 0.00 0.00 0.00 0.00 0.00 0.00
0 0 0 0 0 0 0 0 0 0 0 0 0 0 0
1.00 -0.51 -0.17 -0.18 -0.20 -0.07 -0.06 -0.03 0.00 0.00 0.00 0.00 0.00 0.00 0.00
0 0 0 0 0 0 0 0 0 0 0 0 0 0 0
1.00 -0.93 -0.63 -0.34 -0.70 -0.34 0.02 -0.15 0.00 0.00 0.00 0.00 0.00 0.00 0.00
0 0 0 0 0 0 0 0 0 0 0 0 0 0 0
