1.00 -1.51 -2.16 -1.73 -0.55 -1.53 -1.18 -0.54 0.00 0.00 0.00 0.00 0.00 0.00 0.00
1.00 -0.21 1.35 2.56 -0.32 0.71 1.40 0.08 0.00 0.00 0.00 0.00 0.00 0.00 0.00
1.00 -0.50 0.89 1.99 -0.43 0.39 1.06 -0.02 0.00 0.00 0.00 0.00 0.00 0.00 0.00
0 0 0 0 0 0 0 0 0 0 0 0 0 0 0
1.00 1.83 2.22 1.96 0.86 1.57 1.14 0.45 0.00 0.00 0.00 0.00 0.00 0.00 0.00
0 0 0 0 0 0 0 0 0 0 0 0 0 0 0
1.00 1.83 2.22 1.96 0.86 1.57 1.14 0.45 0.00 0.00 0.00 0.00 0.00 0.00 0.00
0 0 0 0 0 0 0 0 0 0 0 0 0 0 0
1.00 1.66 1.92 1.89 0.62 1.59 1.10 0.56 0.00 0.00 0.00 0.00 0.00 0.00 0.00
0 0 0 0 0 0 0 0 0 0 0 0 0 0 0
1.00 1.56 1.67 1.61 0.70 1.33 1.22 0.57 0.00 0.00 0.00 0.00 0.00 0.00 0.00
0 0 0 0 0 0 0 0 0 0 0 0 0 0 0
1.00 1.27 1.54 1.50 0.89 1.40 1.05 0.57 0.00 0.00 0.00 0.00 0.00 0.00 0.00
0 0 0 0 0 0 0 0 0 0 0 0 0 0 0
1.00 0.80 0.61 0.43 0.52 0.55 0.25 0.25 0.00 0.00 0.00 0.00 0.00 0.00 0.00
0 0 0 0 0 0 0 0 0 0 0 0 0 0 0
1.00 -0.44 -0.91 -1.26 -0.34 -1.03 -0.86 -0.28 0.00 0.00 0.00 0.00 0.00 0.00 0.00
0 0 0 0 0 0 0 0 0 0 0 0 0 0 0
1.00 -0.88 -1.80 -2.42 -0.72 -1.61 -1.59 -0.50 0.00 0.00 0.00 0.00 0.00 0.00 0.00
0 0 0 0 0 0 0 0 0 0 0 0 0 0 0
1.00 -0.24 -0.47 -0.72 -0.22 -0.59 -0.63 -0.23 0.00 0.00 0.00 0.00 0.00 0.00 0.00
0 0 0 0 0 0 0 0 0 0 0 0 0 0 0
1.00 -0.65 -1.31 -1.30 -0.38 -1.02 -0.78 -0.32 0.00 0.00 0.00 0.00 0.00 0.00 0.00
0 0 0 0 0 0 0 0 0 0 0 0 0 0 0
