1.00 1.90 1.21 0.84 0.86 0.14 0.12 0.25 0.00 0.00 0.00 0.00 0.00 0.00 0.00
1.00 1.59 1.26 0.93 0.66 0.61 0.20 0.32 0.00 0.00 0.00 0.00 0.00 0.00 0.00
1.00 1.81 1.53 1.40 0.98 0.57 0.70 0.34 0.00 0.00 0.00 0.00 0.00 0.00 0.00
0 0 0 0 0 0 0 0 0 0 0 0 0 0 0
1.00 2.08 1.70 1.29 1.38 0.88 0.59 0.50 0.00 0.00 0.00 0.00 0.00 0.00 0.00
0 0 0 0 0 0 0 0 0 0 0 0 0 0 0
1.00 2.08 1.70 1.29 1.38 0.88 0.59 0.50 0.00 0.00 0.00 0.00 0.00 0.00 0.00
0 0 0 0 0 0 0 0 0 0 0 0 0 0 0
1.00 1.60 0.89 0.42 1.09 0.59 0.26 0.30 0.00 0.00 0.00 0.00 0.00 0.00 0.00
0 0 0 0 0 0 0 0 0 0 0 0 0 0 0
1.00 0.02 -0.18 -0.41 -0.10 -0.23 -0.06 -0.08 0.00 0.00 0.00 0.00 0.00 0.00 0.00
0 0 0 0 0 0 0 0 0 0 0 0 0 0 0
1.00 -1.26 -1.26 -0.98 -0.80 -0.71 -0.52 -0.30 0.00 0.00 0.00 0.00 0.00 0.00 0.00
0 0 0 0 0 0 0 0 0 0 0 0 0 0 0
1.00 -0.44 -0.51 -0.56 -0.38 -0.26 -0.27 -0.21 0.00 0.00 0.00 0.00 0.00 0.00 0.00
0 0 0 0 0 0 0 0 0 0 0 0 0 0 0
1.00 -1.02 -0.85 -0.75 -0.62 -0.55 -0.38 -0.23 0.00 0.00 0.00 0.00 0.00 0.00 0.00
0 0 0 0 0 0 0 0 0 0 0 0 0 0 0
1.00 -1.69 -1.12 -0.59 -0.86 -0.54 -0.25 -0.30 0.00 0.00 0.00 0.00 0.00 0.00 0.00
0 0 0 0 0 0 0 0 0 0 0 0 0 0 0
1.00 -2.05 -1.32 -0.83 -0.88 -0.44 -0.34 -0.31 0.00 0.00 0.00 0.00 0.00 0.00 0.00
0 0 0 0 0 0 0 0 0 0 0 0 0 0 0
1.00 -0.77 -0.52 -0.43 -0.41 -0.23 -0.15 -0.09 0.00 0.00 0.00 0.00 0.00 0.00 0.00
0 0 0 0 0 0 0 0 0 0 0 0 0 0 0
