1.00 -3.08 -3.59 -3.64 -4.02 -5.21 -3.08 -1.36 0.00 0.00 0.00 0.00 0.00 0.00 0.00
1.00 -2.39 -1.47 -0.09 -3.68 -2.69 -0.37 -0.79 0.00 0.00 0.00 0.00 0.00 0.00 0.00
1.00 1.35 2.61 3.15 0.60 2.92 2.69 0.68 0.00 0.00 0.00 0.00 0.00 0.00 0.00
0 0 0 0 0 0 0 0 0 0 0 0 0 0 0
1.00 4.38 4.78 4.53 5.65 7.09 4.08 1.85 0.00 0.00 0.00 0.00 0.00 0.00 0.00
0 0 0 0 0 0 0 0 0 0 0 0 0 0 0
1.00 4.38 4.78 4.53 5.65 7.09 4.08 1.85 0.00 0.00 0.00 0.00 0.00 0.00 0.00
0 0 0 0 0 0 0 0 0 0 0 0 0 0 0
1.00 5.48 5.35 4.83 8.83 8.90 4.33 2.35 0.00 0.00 0.00 0.00 0.00 0.00 0.00
0 0 0 0 0 0 0 0 0 0 0 0 0 0 0
1.00 3.96 4.01 3.97 6.75 6.88 3.74 1.82 0.00 0.00 0.00 0.00 0.00 0.00 0.00
0 0 0 0 0 0 0 0 0 0 0 0 0 0 0
1.00 3.33 2.97 2.51 5.80 5.12 2.42 1.37 0.00 0.00 0.00 0.00 0.00 0.00 0.00
0 0 0 0 0 0 0 0 0 0 0 0 0 0 0
1.00 1.39 0.70 -0.21 2.65 1.30 -0.16 0.30 0.00 0.00 0.00 0.00 0.00 0.00 0.00
0 0 0 0 0 0 0 0 0 0 0 0 0 0 0
1.00 -1.70 -2.81 -3.68 -3.40 -5.35 -3.76 -1.24 0.00 0.00 0.00 0.00 0.00 0.00 0.00
0 0 0 0 0 0 0 0 0 0 0 0 0 0 0
1.00 0.46 -0.54 -1.50 -0.75 -2.11 -1.77 -0.38 0.00 0.00 0.00 0.00 0.00 0.00 0.00
0 0 0 0 0 0 0 0 0 0 0 0 0 0 0
1.00 -2.71 -3.23 -3.20 -4.69 -5.26 -2.95 -1.37 0.00 0.00 0.00 0.00 0.00 0.00 0.00
0 0 0 0 0 0 0 0 0 0 0 0 0 0 0
1.00 -3.57 -3.54 -3.18 -5.36 -5.30 -2.76 -1.40 0.00 0.00 0.00 0.00 0.00 0.00 0.00
0 0 0 0 0 0 0 0 0 0 0 0 0 0 0
