1.00 2.64 5.15 5.85 0.95 3.46 3.27 0.95 0.00 0.00 0.00 0.00 0.00 0.00 0.00
1.00 1.86 2.58 3.14 0.73 1.83 1.89 0.55 0.00 0.00 0.00 0.00 0.00 0.00 0.00
1.00 1.52 2.27 2.74 0.47 1.85 1.74 0.56 0.00 0.00 0.00 0.00 0.00 0.00 0.00
0 0 0 0 0 0 0 0 0 0 0 0 0 0 0
1.00 1.38 1.78 2.18 0.65 1.57 1.37 0.61 0.00 0.00 0.00 0.00 0.00 0.00 0.00
0 0 0 0 0 0 0 0 0 0 0 0 0 0 0
1.00 1.38 1.78 2.18 0.65 1.57 1.37 0.61 0.00 0.00 0.00 0.00 0.00 0.00 0.00
0 0 0 0 0 0 0 0 0 0 0 0 0 0 0
1.00 0.94 0.91 0.90 0.51 0.61 0.43 0.30 0.00 0.00 0.00 0.00 0.00 0.00 0.00
0 0 0 0 0 0 0 0 0 0 0 0 0 0 0
1.00 -0.00 -0.35 -0.48 -0.05 -0.56 -0.40 -0.08 0.00 0.00 0.00 0.00 0.00 0.00 0.00
0 0 0 0 0 0 0 0 0 0 0 0 0 0 0
1.00 0.87 0.94 1.05 0.49 0.55 0.59 0.28 0.00 0.00 0.00 0.00 0.00 0.00 0.00
0 0 0 0 0 0 0 0 0 0 0 0 0 0 0
1.00 0.30 0.30 0.20 0.07 0.18 -0.02 0.13 0.00 0.00 0.00 0.00 0.00 0.00 0.00
0 0 0 0 0 0 0 0 0 0 0 0 0 0 0
1.00 -0.46 -0.51 -0.49 -0.44 -0.57 -0.42 -0.18 0.00 0.00 0.00 0.00 0.00 0.00 0.00
0 0 0 0 0 0 0 0 0 0 0 0 0 0 0
1.00 -0.67 -1.10 -1.33 -0.46 -0.95 -0.79 -0.30 0.00 0.00 0.00 0.00 0.00 0.00 0.00
0 0 0 0 0 0 0 0 0 0 0 0 0 0 0
1.00 -1.17 -1.58 -1.56 -0.49 -1.15 -0.89 -0.44 0.00 0.00 0.00 0.00 0.00 0.00 0.00
0 0 0 0 0 0 0 0 0 0 0 0 0 0 0
1.00 -1.40 -1.86 -2.39 -0.64 -1.29 -1.39 -0.50 0.00 0.00 0.00 0.00 0.00 0.00 0.00
0 0 0 0 0 0 0 0 0 0 0 0 0 0 0
