1.00 -1.33 -1.74 -1.75 -1.41 -2.39 -1.54 -0.59 0.00 0.00 0.00 0.00 0.00 0.00 0.00
1.00 -0.08 1.09 2.27 -0.28 1.14 1.90 0.19 0.00 0.00 0.00 0.00 0.00 0.00 0.00
1.00 4.29 5.57 5.78 5.09 7.54 4.99 1.95 0.00 0.00 0.00 0.00 0.00 0.00 0.00
0 0 0 0 0 0 0 0 0 0 0 0 0 0 0
1.00 2.78 3.42 3.50 3.27 5.06 3.25 1.30 0.00 0.00 0.00 0.00 0.00 0.00 0.00
0 0 0 0 0 0 0 0 0 0 0 0 0 0 0
1.00 2.78 3.42 3.50 3.27 5.06 3.25 1.30 0.00 0.00 0.00 0.00 0.00 0.00 0.00
0 0 0 0 0 0 0 0 0 0 0 0 0 0 0
1.00 3.92 4.05 3.76 6.01 6.43 3.43 1.69 0.00 0.00 0.00 0.00 0.00 0.00 0.00
0 0 0 0 0 0 0 0 0 0 0 0 0 0 0
1.00 4.12 3.76 3.38 6.71 6.28 3.05 1.66 0.00 0.00 0.00 0.00 0.00 0.00 0.00
0 0 0 0 0 0 0 0 0 0 0 0 0 0 0
1.00 3.44 2.81 1.88 5.83 4.85 1.81 1.32 0.00 0.00 0.00 0.00 0.00 0.00 0.00
0 0 0 0 0 0 0 0 0 0 0 0 0 0 0
1.00 5.40 4.94 4.09 9.21 8.61 3.88 2.15 0.00 0.00 0.00 0.00 0.00 0.00 0.00
0 0 0 0 0 0 0 0 0 0 0 0 0 0 0
1.00 3.28 2.67 1.51 5.13 3.62 1.04 1.03 0.00 0.00 0.00 0.00 0.00 0.00 0.00
0 0 0 0 0 0 0 0 0 0 0 0 0 0 0
1.00 0.39 -0.57 -1.39 -0.79 -2.24 -1.78 -0.37 0.00 0.00 0.00 0.00 0.00 0.00 0.00
0 0 0 0 0 0 0 0 0 0 0 0 0 0 0
1.00 -2.84 -3.53 -3.58 -5.66 -6.31 -3.46 -1.53 0.00 0.00 0.00 0.00 0.00 0.00 0.00
0 0 0 0 0 0 0 0 0 0 0 0 0 0 0
1.00 -5.39 -5.47 -4.85 -8.20 -8.50 -4.30 -2.19 0.00 0.00 0.00 0.00 0.00 0.00 0.00
0 0 0 0 0 0 0 0 0 0 0 0 0 0 0
