1.00 1.60 0.87 0.40 0.91 0.17 0.06 0.11 0.00 0.00 0.00 0.00 0.00 0.00 0.00
1.00 1.56 0.82 0.04 0.89 0.10 -0.19 0.10 0.00 0.00 0.00 0.00 0.00 0.00 0.00
1.00 1.20 0.26 -0.06 0.67 0.06 -0.08 0.06 0.00 0.00 0.00 0.00 0.00 0.00 0.00
0 0 0 0 0 0 0 0 0 0 0 0 0 0 0
1.00 0.16 0.02 0.14 0.13 0.14 0.03 0.03 0.00 0.00 0.00 0.00 0.00 0.00 0.00
0 0 0 0 0 0 0 0 0 0 0 0 0 0 0
1.00 0.16 0.02 0.14 0.13 0.14 0.03 0.03 0.00 0.00 0.00 0.00 0.00 0.00 0.00
0 0 0 0 0 0 0 0 0 0 0 0 0 0 0
1.00 -0.35 -0.06 -0.02 -0.14 0.24 0.18 0.05 0.00 0.00 0.00 0.00 0.00 0.00 0.00
0 0 0 0 0 0 0 0 0 0 0 0 0 0 0
1.00 -0.60 -0.26 0.18 -0.20 0.11 0.21 -0.04 0.00 0.00 0.00 0.00 0.00 0.00 0.00
0 0 0 0 0 0 0 0 0 0 0 0 0 0 0
1.00 0.15 0.23 0.23 0.19 0.31 0.24 0.05 0.00 0.00 0.00 0.00 0.00 0.00 0.00
0 0 0 0 0 0 0 0 0 0 0 0 0 0 0
1.00 -0.12 0.24 0.08 -0.08 0.25 0.02 0.04 0.00 0.00 0.00 0.00 0.00 0.00 0.00
0 0 0 0 0 0 0 0 0 0 0 0 0 0 0
1.00 -0.85 -0.65 -0.21 -0.59 -0.33 -0.03 -0.15 0.00 0.00 0.00 0.00 0.00 0.00 0.00
0 0 0 0 0 0 0 0 0 0 0 0 0 0 0
1.00 -1.24 -0.42 -0.13 -0.67 -0.27 -0.06 -0.05 0.00 0.00 0.00 0.00 0.00 0.00 0.00
0 0 0 0 0 0 0 0 0 0 0 0 0 0 0
1.00 -0.98 -0.56 -0.29 -0.57 -0.30 -0.03 -0.10 0.00 0.00 0.00 0.00 0.00 0.00 0.00
0 0 0 0 0 0 0 0 0 0 0 0 0 0 0
1.00 -0.46 -0.25 0.05 -0.19 -0.02 0.13 0.04 0.00 0.00 0.00 0.00 0.00 0.00 0.00
0 0 0 0 0 0 0 0 0 0 0 0 0 0 0
