1.00 -3.91 -3.64 -2.89 -5.49 -5.82 -2.50 -1.54 0.00 0.00 0.00 0.00 0.00 0.00 0.00
1.00 -1.78 -0.39 1.01 -3.90 -1.89 0.39 -0.52 0.00 0.00 0.00 0.00 0.00 0.00 0.00
1.00 4.45 4.93 4.76 6.15 7.37 4.15 1.92 0.00 0.00 0.00 0.00 0.00 0.00 0.00
0 0 0 0 0 0 0 0 0 0 0 0 0 0 0
1.00 5.06 5.04 4.48 7.59 8.07 4.13 2.05 0.00 0.00 0.00 0.00 0.00 0.00 0.00
0 0 0 0 0 0 0 0 0 0 0 0 0 0 0
1.00 5.06 5.04 4.48 7.59 8.07 4.13 2.05 0.00 0.00 0.00 0.00 0.00 0.00 0.00
0 0 0 0 0 0 0 0 0 0 0 0 0 0 0
1.00 4.48 3.95 3.02 7.27 6.71 2.88 1.68 0.00 0.00 0.00 0.00 0.00 0.00 0.00
0 0 0 0 0 0 0 0 0 0 0 0 0 0 0
1.00 3.81 3.28 2.74 6.32 5.83 2.49 1.46 0.00 0.00 0.00 0.00 0.00 0.00 0.00
0 0 0 0 0 0 0 0 0 0 0 0 0 0 0
1.00 0.93 0.51 -0.38 0.96 -0.09 -0.64 0.12 0.00 0.00 0.00 0.00 0.00 0.00 0.00
0 0 0 0 0 0 0 0 0 0 0 0 0 0 0
1.00 -2.71 -3.36 -3.69 -5.06 -6.02 -3.62 -1.46 0.00 0.00 0.00 0.00 0.00 0.00 0.00
0 0 0 0 0 0 0 0 0 0 0 0 0 0 0
1.00 -3.23 -3.81 -4.04 -5.70 -6.62 -3.88 -1.62 0.00 0.00 0.00 0.00 0.00 0.00 0.00
0 0 0 0 0 0 0 0 0 0 0 0 0 0 0
1.00 -2.28 -2.71 -2.60 -3.81 -4.28 -2.31 -1.20 0.00 0.00 0.00 0.00 0.00 0.00 0.00
0 0 0 0 0 0 0 0 0 0 0 0 0 0 0
1.00 -3.06 -2.74 -1.95 -4.26 -4.15 -1.68 -0.98 0.00 0.00 0.00 0.00 0.00 0.00 0.00
0 0 0 0 0 0 0 0 0 0 0 0 0 0 0
1.00 -2.60 -2.45 -2.21 -3.72 -3.68 -1.77 -0.83 0.00 0.00 0.00 0.00 0.00 0.00 0.00
0 0 0 0 0 0 0 0 0 0 0 0 0 0 0
