1.00 1.97 2.69 2.56 0.88 1.81 1.37 0.47 0.00 0.00 0.00 0.00 0.00 0.00 0.00
1.00 1.54 1.92 2.39 0.29 1.39 1.43 0.34 0.00 0.00 0.00 0.00 0.00 0.00 0.00
1.00 1.39 1.72 1.93 0.49 1.27 1.29 0.39 0.00 0.00 0.00 0.00 0.00 0.00 0.00
0 0 0 0 0 0 0 0 0 0 0 0 0 0 0
1.00 1.00 1.10 0.95 0.56 0.86 0.64 0.52 0.00 0.00 0.00 0.00 0.00 0.00 0.00
0 0 0 0 0 0 0 0 0 0 0 0 0 0 0
1.00 1.00 1.10 0.95 0.56 0.86 0.64 0.52 0.00 0.00 0.00 0.00 0.00 0.00 0.00
0 0 0 0 0 0 0 0 0 0 0 0 0 0 0
1.00 0.20 -0.09 -0.38 0.24 -0.13 -0.26 0.19 0.00 0.00 0.00 0.00 0.00 0.00 0.00
0 0 0 0 0 0 0 0 0 0 0 0 0 0 0
1.00 0.60 0.63 0.63 0.36 0.55 0.28 0.40 0.00 0.00 0.00 0.00 0.00 0.00 0.00
0 0 0 0 0 0 0 0 0 0 0 0 0 0 0
1.00 -0.01 -0.25 -0.44 -0.18 -0.47 -0.50 -0.13 0.00 0.00 0.00 0.00 0.00 0.00 0.00
0 0 0 0 0 0 0 0 0 0 0 0 0 0 0
1.00 -0.68 -1.04 -1.28 -0.53 -1.01 -0.84 -0.37 0.00 0.00 0.00 0.00 0.00 0.00 0.00
0 0 0 0 0 0 0 0 0 0 0 0 0 0 0
1.00 -1.11 -1.17 -1.23 -0.58 -1.03 -0.75 -0.45 0.00 0.00 0.00 0.00 0.00 0.00 0.00
0 0 0 0 0 0 0 0 0 0 0 0 0 0 0
1.00 -1.20 -1.92 -2.51 -0.50 -1.30 -1.57 -0.53 0.00 0.00 0.00 0.00 0.00 0.00 0.00
0 0 0 0 0 0 0 0 0 0 0 0 0 0 0
1.00 -0.58 -0.97 -1.20 -0.33 -0.73 -0.75 -0.26 0.00 0.00 0.00 0.00 0.00 0.00 0.00
0 0 0 0 0 0 0 0 0 0 0 0 0 0 0
1.00 -0.99 -1.66 -1.76 -0.28 -1.00 -1.09 -0.33 0.00 0.00 0.00 0.00 0.00 0.00 0.00
0 0 0 0 0 0 0 0 0 0 0 0 0 0 0
