1.00 -2.97 -1.48 0.11 -5.12 -3.21 -0.36 -1.03 0.00 0.00 0.00 0.00 0.00 0.00 0.00
1.00 4.29 5.04 4.94 5.45 7.47 4.30 1.95 0.00 0.00 0.00 0.00 0.00 0.00 0.00
1.00 5.19 5.35 4.91 8.06 8.44 4.50 2.23 0.00 0.00 0.00 0.00 0.00 0.00 0.00
0 0 0 0 0 0 0 0 0 0 0 0 0 0 0
1.00 5.47 5.04 4.36 8.76 8.60 4.03 2.27 0.00 0.00 0.00 0.00 0.00 0.00 0.00
0 0 0 0 0 0 0 0 0 0 0 0 0 0 0
1.00 5.47 5.04 4.36 8.76 8.60 4.03 2.27 0.00 0.00 0.00 0.00 0.00 0.00 0.00
0 0 0 0 0 0 0 0 0 0 0 0 0 0 0
1.00 5.68 5.85 5.42 9.77 10.18 5.24 2.57 0.00 0.00 0.00 0.00 0.00 0.00 0.00
0 0 0 0 0 0 0 0 0 0 0 0 0 0 0
1.00 4.15 3.85 2.79 6.93 6.34 2.52 1.70 0.00 0.00 0.00 0.00 0.00 0.00 0.00
0 0 0 0 0 0 0 0 0 0 0 0 0 0 0
1.00 1.25 0.49 -0.44 0.97 -0.45 -0.95 0.03 0.00 0.00 0.00 0.00 0.00 0.00 0.00
0 0 0 0 0 0 0 0 0 0 0 0 0 0 0
1.00 0.89 0.21 -0.63 0.54 -0.81 -1.08 -0.07 0.00 0.00 0.00 0.00 0.00 0.00 0.00
0 0 0 0 0 0 0 0 0 0 0 0 0 0 0
1.00 -3.13 -4.09 -4.48 -6.03 -7.12 -4.07 -1.75 0.00 0.00 0.00 0.00 0.00 0.00 0.00
0 0 0 0 0 0 0 0 0 0 0 0 0 0 0
1.00 -7.18 -7.03 -5.95 -10.51 -10.34 -5.04 -2.76 0.00 0.00 0.00 0.00 0.00 0.00 0.00
0 0 0 0 0 0 0 0 0 0 0 0 0 0 0
1.00 -3.59 -3.28 -2.92 -5.16 -5.12 -2.56 -1.36 0.00 0.00 0.00 0.00 0.00 0.00 0.00
0 0 0 0 0 0 0 0 0 0 0 0 0 0 0
1.00 -3.30 -3.28 -2.79 -4.74 -4.78 -2.28 -1.27 0.00 0.00 0.00 0.00 0.00 0.00 0.00
0 0 0 0 0 0 0 0 0 0 0 0 0 0 0
