1.00 -2.93 -3.69 -3.85 -3.94 -5.46 -3.45 -1.37 0.00 0.00 0.00 0.00 0.00 0.00 0.00
1.00 -2.77 -2.08 -0.51 -4.10 -3.56 -0.94 -1.02 0.00 0.00 0.00 0.00 0.00 0.00 0.00
1.00 0.99 2.49 3.14 0.16 2.73 2.68 0.65 0.00 0.00 0.00 0.00 0.00 0.00 0.00
0 0 0 0 0 0 0 0 0 0 0 0 0 0 0
1.00 4.45 5.12 4.88 5.89 7.87 4.63 2.00 0.00 0.00 0.00 0.00 0.00 0.00 0.00
0 0 0 0 0 0 0 0 0 0 0 0 0 0 0
1.00 4.45 5.12 4.88 5.89 7.87 4.63 2.00 0.00 0.00 0.00 0.00 0.00 0.00 0.00
0 0 0 0 0 0 0 0 0 0 0 0 0 0 0
1.00 5.78 5.75 5.23 9.55 9.83 5.02 2.51 0.00 0.00 0.00 0.00 0.00 0.00 0.00
0 0 0 0 0 0 0 0 0 0 0 0 0 0 0
1.00 3.86 3.93 3.68 6.58 6.99 3.54 1.80 0.00 0.00 0.00 0.00 0.00 0.00 0.00
0 0 0 0 0 0 0 0 0 0 0 0 0 0 0
1.00 2.96 2.40 1.55 5.59 4.52 1.46 1.12 0.00 0.00 0.00 0.00 0.00 0.00 0.00
0 0 0 0 0 0 0 0 0 0 0 0 0 0 0
1.00 1.08 0.14 -0.55 2.09 0.50 -0.68 0.10 0.00 0.00 0.00 0.00 0.00 0.00 0.00
0 0 0 0 0 0 0 0 0 0 0 0 0 0 0
1.00 4.66 4.29 3.75 8.19 7.79 3.60 1.89 0.00 0.00 0.00 0.00 0.00 0.00 0.00
0 0 0 0 0 0 0 0 0 0 0 0 0 0 0
1.00 3.34 3.04 2.35 5.43 5.02 2.17 1.23 0.00 0.00 0.00 0.00 0.00 0.00 0.00
0 0 0 0 0 0 0 0 0 0 0 0 0 0 0
1.00 1.60 1.16 0.26 1.34 0.50 -0.48 0.22 0.00 0.00 0.00 0.00 0.00 0.00 0.00
0 0 0 0 0 0 0 0 0 0 0 0 0 0 0
1.00 -1.18 -2.17 -2.78 -3.40 -4.76 -3.05 -1.02 0.00 0.00 0.00 0.00 0.00 0.00 0.00
0 0 0 0 0 0 0 0 0 0 0 0 0 0 0
