1.00 0.25 2.78 4.15 -0.49 1.70 2.43 0.27 0.00 0.00 0.00 0.00 0.00 0.00 0.00
1.00 3.32 4.27 4.28 1.93 3.64 2.94 0.95 0.00 0.00 0.00 0.00 0.00 0.00 0.00
1.00 2.96 3.46 3.71 1.84 3.32 2.84 0.92 0.00 0.00 0.00 0.00 0.00 0.00 0.00
0 0 0 0 0 0 0 0 0 0 0 0 0 0 0
1.00 2.53 2.64 2.44 1.86 2.73 1.94 0.93 0.00 0.00 0.00 0.00 0.00 0.00 0.00
0 0 0 0 0 0 0 0 0 0 0 0 0 0 0
1.00 2.53 2.64 2.44 1.86 2.73 1.94 0.93 0.00 0.00 0.00 0.00 0.00 0.00 0.00
0 0 0 0 0 0 0 0 0 0 0 0 0 0 0
1.00 1.86 1.55 1.26 1.46 1.57 1.00 0.66 0.00 0.00 0.00 0.00 0.00 0.00 0.00
0 0 0 0 0 0 0 0 0 0 0 0 0 0 0
1.00 1.97 2.34 2.44 1.54 2.37 1.84 0.82 0.00 0.00 0.00 0.00 0.00 0.00 0.00
0 0 0 0 0 0 0 0 0 0 0 0 0 0 0
1.00 1.04 0.89 0.49 0.83 1.02 0.39 0.38 0.00 0.00 0.00 0.00 0.00 0.00 0.00
0 0 0 0 0 0 0 0 0 0 0 0 0 0 0
1.00 -0.58 -1.20 -1.42 -0.35 -1.12 -1.12 -0.34 0.00 0.00 0.00 0.00 0.00 0.00 0.00
0 0 0 0 0 0 0 0 0 0 0 0 0 0 0
1.00 -1.62 -2.26 -2.80 -1.45 -2.56 -2.33 -0.80 0.00 0.00 0.00 0.00 0.00 0.00 0.00
0 0 0 0 0 0 0 0 0 0 0 0 0 0 0
1.00 -2.87 -3.76 -4.62 -2.06 -3.93 -3.44 -1.15 0.00 0.00 0.00 0.00 0.00 0.00 0.00
0 0 0 0 0 0 0 0 0 0 0 0 0 0 0
1.00 -0.69 -1.52 -2.18 -0.66 -1.78 -1.49 -0.53 0.00 0.00 0.00 0.00 0.00 0.00 0.00
0 0 0 0 0 0 0 0 0 0 0 0 0 0 0
1.00 -1.56 -2.52 -2.78 -1.18 -2.23 -1.98 -0.66 0.00 0.00 0.00 0.00 0.00 0.00 0.00
0 0 0 0 0 0 0 0 0 0 0 0 0 0 0
