1.00 -1.17 -1.06 -0.81 -0.76 -0.91 -0.47 -0.31 0.00 0.00 0.00 0.00 0.00 0.00 0.00
1.00 -0.96 -0.55 -0.12 -0.68 -0.28 0.03 -0.17 0.00 0.00 0.00 0.00 0.00 0.00 0.00
1.00 0.75 0.90 0.75 0.54 0.82 0.44 0.24 0.00 0.00 0.00 0.00 0.00 0.00 0.00
0 0 0 0 0 0 0 0 0 0 0 0 0 0 0
1.00 0.64 0.82 0.70 0.45 0.73 0.40 0.22 0.00 0.00 0.00 0.00 0.00 0.00 0.00
0 0 0 0 0 0 0 0 0 0 0 0 0 0 0
1.00 0.64 0.82 0.70 0.45 0.73 0.40 0.22 0.00 0.00 0.00 0.00 0.00 0.00 0.00
0 0 0 0 0 0 0 0 0 0 0 0 0 0 0
1.00 1.68 1.01 0.51 1.20 0.83 0.35 0.33 0.00 0.00 0.00 0.00 0.00 0.00 0.00
0 0 0 0 0 0 0 0 0 0 0 0 0 0 0
1.00 1.01 0.54 0.48 0.62 0.31 0.23 0.22 0.00 0.00 0.00 0.00 0.00 0.00 0.00
0 0 0 0 0 0 0 0 0 0 0 0 0 0 0
1.00 1.06 0.40 -0.23 0.47 -0.09 -0.16 0.02 0.00 0.00 0.00 0.00 0.00 0.00 0.00
0 0 0 0 0 0 0 0 0 0 0 0 0 0 0
1.00 0.50 -0.01 -0.28 0.21 -0.27 -0.22 -0.07 0.00 0.00 0.00 0.00 0.00 0.00 0.00
0 0 0 0 0 0 0 0 0 0 0 0 0 0 0
1.00 0.45 0.16 0.16 0.42 0.18 0.09 0.02 0.00 0.00 0.00 0.00 0.00 0.00 0.00
0 0 0 0 0 0 0 0 0 0 0 0 0 0 0
1.00 0.23 0.45 0.48 0.27 0.47 0.16 0.08 0.00 0.00 0.00 0.00 0.00 0.00 0.00
0 0 0 0 0 0 0 0 0 0 0 0 0 0 0
1.00 0.12 0.05 0.04 0.21 0.25 0.06 0.07 0.00 0.00 0.00 0.00 0.00 0.00 0.00
0 0 0 0 0 0 0 0 0 0 0 0 0 0 0
1.00 -0.65 -0.46 -0.48 -0.28 -0.23 -0.19 -0.06 0.00 0.00 0.00 0.00 0.00 0.00 0.00
0 0 0 0 0 0 0 0 0 0 0 0 0 0 0
