1.00 0.08 0.26 -0.03 -0.06 0.09 -0.20 0.04 0.00 0.00 0.00 0.00 0.00 0.00 0.00
1.00 1.12 0.42 0.03 0.45 -0.08 -0.37 0.03 0.00 0.00 0.00 0.00 0.00 0.00 0.00
1.00 1.45 0.72 0.47 0.83 0.17 0.23 0.07 0.00 0.00 0.00 0.00 0.00 0.00 0.00
0 0 0 0 0 0 0 0 0 0 0 0 0 0 0
1.00 1.58 0.98 0.70 1.03 0.50 0.36 0.24 0.00 0.00 0.00 0.00 0.00 0.00 0.00
0 0 0 0 0 0 0 0 0 0 0 0 0 0 0
1.00 1.58 0.98 0.70 1.03 0.50 0.36 0.24 0.00 0.00 0.00 0.00 0.00 0.00 0.00
0 0 0 0 0 0 0 0 0 0 0 0 0 0 0
1.00 1.16 0.68 0.34 0.91 0.57 0.24 0.19 0.00 0.00 0.00 0.00 0.00 0.00 0.00
0 0 0 0 0 0 0 0 0 0 0 0 0 0 0
1.00 0.94 0.59 0.04 0.64 0.32 0.08 0.12 0.00 0.00 0.00 0.00 0.00 0.00 0.00
0 0 0 0 0 0 0 0 0 0 0 0 0 0 0
1.00 -0.21 -0.10 0.15 0.18 0.39 0.15 0.02 0.00 0.00 0.00 0.00 0.00 0.00 0.00
0 0 0 0 0 0 0 0 0 0 0 0 0 0 0
1.00 -0.64 -0.24 -0.03 -0.05 0.42 0.16 0.02 0.00 0.00 0.00 0.00 0.00 0.00 0.00
0 0 0 0 0 0 0 0 0 0 0 0 0 0 0
1.00 -1.23 -0.88 -0.24 -0.75 -0.26 -0.09 -0.15 0.00 0.00 0.00 0.00 0.00 0.00 0.00
0 0 0 0 0 0 0 0 0 0 0 0 0 0 0
1.00 -0.50 -0.41 -0.29 -0.49 -0.30 0.06 -0.08 0.00 0.00 0.00 0.00 0.00 0.00 0.00
0 0 0 0 0 0 0 0 0 0 0 0 0 0 0
1.00 -1.05 -0.60 -0.38 -0.71 -0.41 -0.14 -0.17 0.00 0.00 0.00 0.00 0.00 0.00 0.00
0 0 0 0 0 0 0 0 0 0 0 0 0 0 0
1.00 -0.89 -0.51 -0.33 -0.61 -0.36 -0.12 -0.15 0.00 0.00 0.00 0.00 0.00 0.00 0.00
0 0 0 0 0 0 0 0 0 0 0 0 0 0 0
