1.00 -3.77 -4.02 -3.54 -5.26 -6.06 -3.06 -1.59 0.00 0.00 0.00 0.00 0.00 0.00 0.00
1.00 -2.79 -1.56 -0.04 -4.62 -3.17 -0.43 -0.92 0.00 0.00 0.00 0.00 0.00 0.00 0.00
1.00 0.94 2.34 2.85 -0.17 2.34 2.17 0.63 0.00 0.00 0.00 0.00 0.00 0.00 0.00
0 0 0 0 0 0 0 0 0 0 0 0 0 0 0
1.00 3.49 3.91 3.62 4.65 5.73 2.96 1.52 0.00 0.00 0.00 0.00 0.00 0.00 0.00
0 0 0 0 0 0 0 0 0 0 0 0 0 0 0
1.00 3.49 3.91 3.62 4.65 5.73 2.96 1.52 0.00 0.00 0.00 0.00 0.00 0.00 0.00
0 0 0 0 0 0 0 0 0 0 0 0 0 0 0
1.00 4.29 3.97 3.57 6.82 6.79 3.26 1.73 0.00 0.00 0.00 0.00 0.00 0.00 0.00
0 0 0 0 0 0 0 0 0 0 0 0 0 0 0
1.00 4.34 3.89 3.09 7.52 6.58 2.95 1.74 0.00 0.00 0.00 0.00 0.00 0.00 0.00
0 0 0 0 0 0 0 0 0 0 0 0 0 0 0
1.00 3.83 3.88 3.34 6.96 6.87 3.21 1.72 0.00 0.00 0.00 0.00 0.00 0.00 0.00
0 0 0 0 0 0 0 0 0 0 0 0 0 0 0
1.00 2.23 1.72 0.80 3.93 3.16 0.66 0.74 0.00 0.00 0.00 0.00 0.00 0.00 0.00
0 0 0 0 0 0 0 0 0 0 0 0 0 0 0
1.00 -0.76 -1.52 -2.23 -1.86 -3.39 -2.27 -0.75 0.00 0.00 0.00 0.00 0.00 0.00 0.00
0 0 0 0 0 0 0 0 0 0 0 0 0 0 0
1.00 -4.38 -5.39 -5.42 -7.99 -9.17 -5.09 -2.28 0.00 0.00 0.00 0.00 0.00 0.00 0.00
0 0 0 0 0 0 0 0 0 0 0 0 0 0 0
1.00 -2.48 -3.22 -3.13 -4.75 -5.34 -2.78 -1.32 0.00 0.00 0.00 0.00 0.00 0.00 0.00
0 0 0 0 0 0 0 0 0 0 0 0 0 0 0
1.00 -4.13 -4.06 -3.66 -6.20 -6.38 -3.00 -1.67 0.00 0.00 0.00 0.00 0.00 0.00 0.00
0 0 0 0 0 0 0 0 0 0 0 0 0 0 0
