1.00 -2.37 -3.01 -3.23 -2.99 -4.12 -2.92 -1.12 0.00 0.00 0.00 0.00 0.00 0.00 0.00
1.00 -2.88 -2.99 -2.29 -3.69 -4.31 -1.95 -1.17 0.00 0.00 0.00 0.00 0.00 0.00 0.00
1.00 -0.46 0.96 2.24 -1.46 0.69 1.50 0.16 0.00 0.00 0.00 0.00 0.00 0.00 0.00
0 0 0 0 0 0 0 0 0 0 0 0 0 0 0
1.00 3.82 4.62 4.65 4.63 6.26 3.94 1.68 0.00 0.00 0.00 0.00 0.00 0.00 0.00
0 0 0 0 0 0 0 0 0 0 0 0 0 0 0
1.00 3.82 4.62 4.65 4.63 6.26 3.94 1.68 0.00 0.00 0.00 0.00 0.00 0.00 0.00
0 0 0 0 0 0 0 0 0 0 0 0 0 0 0
1.00 5.94 5.81 5.07 8.96 9.35 4.66 2.46 0.00 0.00 0.00 0.00 0.00 0.00 0.00
0 0 0 0 0 0 0 0 0 0 0 0 0 0 0
1.00 3.96 4.24 4.00 6.41 7.02 3.69 1.79 0.00 0.00 0.00 0.00 0.00 0.00 0.00
0 0 0 0 0 0 0 0 0 0 0 0 0 0 0
1.00 3.75 3.55 3.30 6.40 6.10 3.04 1.60 0.00 0.00 0.00 0.00 0.00 0.00 0.00
0 0 0 0 0 0 0 0 0 0 0 0 0 0 0
1.00 2.75 2.36 1.92 4.70 4.15 1.72 1.15 0.00 0.00 0.00 0.00 0.00 0.00 0.00
0 0 0 0 0 0 0 0 0 0 0 0 0 0 0
1.00 0.73 0.23 -0.53 1.52 0.26 -0.58 0.07 0.00 0.00 0.00 0.00 0.00 0.00 0.00
0 0 0 0 0 0 0 0 0 0 0 0 0 0 0
1.00 -1.90 -2.75 -3.18 -3.66 -5.02 -3.18 -1.22 0.00 0.00 0.00 0.00 0.00 0.00 0.00
0 0 0 0 0 0 0 0 0 0 0 0 0 0 0
1.00 0.94 0.11 -0.53 -0.03 -1.25 -0.98 -0.12 0.00 0.00 0.00 0.00 0.00 0.00 0.00
0 0 0 0 0 0 0 0 0 0 0 0 0 0 0
1.00 -1.59 -2.35 -2.68 -4.02 -4.57 -2.64 -1.05 0.00 0.00 0.00 0.00 0.00 0.00 0.00
0 0 0 0 0 0 0 0 0 0 0 0 0 0 0
