1.00 -0.63 -0.53 -0.35 -0.26 -0.35 -0.15 -0.11 0.00 0.00 0.00 0.00 0.00 0.00 0.00
1.00 0.76 0.42 0.23 0.07 -0.03 0.01 0.07 0.00 0.00 0.00 0.00 0.00 0.00 0.00
1.00 1.70 0.86 0.44 0.63 0.14 0.04 0.20 0.00 0.00 0.00 0.00 0.00 0.00 0.00
0 0 0 0 0 0 0 0 0 0 0 0 0 0 0
1.00 1.70 1.07 0.71 1.08 0.25 0.20 0.22 0.00 0.00 0.00 0.00 0.00 0.00 0.00
0 0 0 0 0 0 0 0 0 0 0 0 0 0 0
1.00 1.70 1.07 0.71 1.08 0.25 0.20 0.22 0.00 0.00 0.00 0.00 0.00 0.00 0.00
0 0 0 0 0 0 0 0 0 0 0 0 0 0 0
1.00 1.49 0.70 0.46 0.70 0.12 0.13 0.15 0.00 0.00 0.00 0.00 0.00 0.00 0.00
0 0 0 0 0 0 0 0 0 0 0 0 0 0 0
1.00 0.86 0.50 0.17 0.35 0.07 -0.01 0.07 0.00 0.00 0.00 0.00 0.00 0.00 0.00
0 0 0 0 0 0 0 0 0 0 0 0 0 0 0
1.00 -0.01 0.03 0.00 -0.12 0.04 0.02 -0.02 0.00 0.00 0.00 0.00 0.00 0.00 0.00
0 0 0 0 0 0 0 0 0 0 0 0 0 0 0
1.00 -0.42 -0.32 -0.21 -0.16 -0.01 -0.05 -0.06 0.00 0.00 0.00 0.00 0.00 0.00 0.00
0 0 0 0 0 0 0 0 0 0 0 0 0 0 0
1.00 -1.08 -0.57 -0.40 -0.53 -0.18 -0.18 -0.12 0.00 0.00 0.00 0.00 0.00 0.00 0.00
0 0 0 0 0 0 0 0 0 0 0 0 0 0 0
1.00 0.03 -0.26 -0.28 0.14 -0.12 -0.04 -0.07 0.00 0.00 0.00 0.00 0.00 0.00 0.00
0 0 0 0 0 0 0 0 0 0 0 0 0 0 0
1.00 -0.43 -0.21 -0.33 -0.08 -0.05 0.08 -0.06 0.00 0.00 0.00 0.00 0.00 0.00 0.00
0 0 0 0 0 0 0 0 0 0 0 0 0 0 0
1.00 -0.84 -0.49 -0.38 -0.51 -0.09 -0.05 -0.16 0.00 0.00 0.00 0.00 0.00 0.00 0.00
0 0 0 0 0 0 0 0 0 0 0 0 0 0 0
