1.00 -1.12 0.42 1.58 -2.89 -0.48 1.07 -0.20 0.00 0.00 0.00 0.00 0.00 0.00 0.00
1.00 2.29 3.25 3.43 2.09 3.99 2.64 1.07 0.00 0.00 0.00 0.00 0.00 0.00 0.00
1.00 3.77 3.77 3.64 5.00 5.82 3.14 1.57 0.00 0.00 0.00 0.00 0.00 0.00 0.00
0 0 0 0 0 0 0 0 0 0 0 0 0 0 0
1.00 3.98 3.68 3.28 6.38 6.12 2.93 1.61 0.00 0.00 0.00 0.00 0.00 0.00 0.00
0 0 0 0 0 0 0 0 0 0 0 0 0 0 0
1.00 3.98 3.68 3.28 6.38 6.12 2.93 1.61 0.00 0.00 0.00 0.00 0.00 0.00 0.00
0 0 0 0 0 0 0 0 0 0 0 0 0 0 0
1.00 3.73 3.24 2.35 6.35 5.39 2.17 1.44 0.00 0.00 0.00 0.00 0.00 0.00 0.00
0 0 0 0 0 0 0 0 0 0 0 0 0 0 0
1.00 3.61 3.44 2.97 6.34 6.13 2.79 1.55 0.00 0.00 0.00 0.00 0.00 0.00 0.00
0 0 0 0 0 0 0 0 0 0 0 0 0 0 0
1.00 1.49 1.05 0.35 2.87 1.58 0.20 0.42 0.00 0.00 0.00 0.00 0.00 0.00 0.00
0 0 0 0 0 0 0 0 0 0 0 0 0 0 0
1.00 -1.40 -2.19 -2.67 -2.87 -4.21 -2.83 -0.96 0.00 0.00 0.00 0.00 0.00 0.00 0.00
0 0 0 0 0 0 0 0 0 0 0 0 0 0 0
1.00 -5.04 -5.88 -6.22 -8.57 -9.73 -5.58 -2.49 0.00 0.00 0.00 0.00 0.00 0.00 0.00
0 0 0 0 0 0 0 0 0 0 0 0 0 0 0
1.00 -2.60 -3.40 -3.54 -4.70 -5.25 -3.00 -1.34 0.00 0.00 0.00 0.00 0.00 0.00 0.00
0 0 0 0 0 0 0 0 0 0 0 0 0 0 0
1.00 -4.00 -3.75 -3.22 -5.62 -5.68 -2.78 -1.52 0.00 0.00 0.00 0.00 0.00 0.00 0.00
0 0 0 0 0 0 0 0 0 0 0 0 0 0 0
1.00 -3.81 -3.53 -2.93 -4.95 -5.09 -2.45 -1.38 0.00 0.00 0.00 0.00 0.00 0.00 0.00
0 0 0 0 0 0 0 0 0 0 0 0 0 0 0
