1.00 -1.19 -0.62 -0.22 -0.80 -0.22 0.07 -0.16 0.00 0.00 0.00 0.00 0.00 0.00 0.00
1.00 -0.61 -0.22 -0.02 -0.57 -0.05 0.06 -0.14 0.00 0.00 0.00 0.00 0.00 0.00 0.00
1.00 0.88 0.37 0.12 0.29 -0.04 -0.14 0.06 0.00 0.00 0.00 0.00 0.00 0.00 0.00
0 0 0 0 0 0 0 0 0 0 0 0 0 0 0
1.00 0.61 0.21 0.02 0.14 -0.09 -0.15 0.03 0.00 0.00 0.00 0.00 0.00 0.00 0.00
0 0 0 0 0 0 0 0 0 0 0 0 0 0 0
1.00 0.61 0.21 0.02 0.14 -0.09 -0.15 0.03 0.00 0.00 0.00 0.00 0.00 0.00 0.00
0 0 0 0 0 0 0 0 0 0 0 0 0 0 0
1.00 1.38 0.71 0.38 0.86 0.17 0.05 0.11 0.00 0.00 0.00 0.00 0.00 0.00 0.00
0 0 0 0 0 0 0 0 0 0 0 0 0 0 0
1.00 1.76 1.18 0.77 1.38 0.78 0.34 0.31 0.00 0.00 0.00 0.00 0.00 0.00 0.00
0 0 0 0 0 0 0 0 0 0 0 0 0 0 0
1.00 1.67 1.02 0.32 1.32 0.49 0.10 0.28 0.00 0.00 0.00 0.00 0.00 0.00 0.00
0 0 0 0 0 0 0 0 0 0 0 0 0 0 0
1.00 0.96 0.38 -0.01 0.77 0.16 -0.00 0.04 0.00 0.00 0.00 0.00 0.00 0.00 0.00
0 0 0 0 0 0 0 0 0 0 0 0 0 0 0
1.00 -0.20 -0.26 -0.28 -0.21 0.05 0.06 -0.02 0.00 0.00 0.00 0.00 0.00 0.00 0.00
0 0 0 0 0 0 0 0 0 0 0 0 0 0 0
1.00 -1.07 -0.56 -0.08 -0.46 0.12 0.08 -0.10 0.00 0.00 0.00 0.00 0.00 0.00 0.00
0 0 0 0 0 0 0 0 0 0 0 0 0 0 0
1.00 -0.04 0.16 0.23 0.16 0.45 0.18 0.08 0.00 0.00 0.00 0.00 0.00 0.00 0.00
0 0 0 0 0 0 0 0 0 0 0 0 0 0 0
1.00 -0.54 -0.27 -0.07 -0.20 0.14 0.13 0.02 0.00 0.00 0.00 0.00 0.00 0.00 0.00
0 0 0 0 0 0 0 0 0 0 0 0 0 0 0
