1.00 -2.59 -2.63 -2.01 -3.40 -3.99 -1.76 -1.05 0.00 0.00 0.00 0.00 0.00 0.00 0.00
1.00 -0.59 0.59 1.58 -1.53 0.34 0.97 -0.06 0.00 0.00 0.00 0.00 0.00 0.00 0.00
1.00 3.25 4.21 4.39 3.72 5.84 3.99 1.45 0.00 0.00 0.00 0.00 0.00 0.00 0.00
0 0 0 0 0 0 0 0 0 0 0 0 0 0 0
1.00 6.04 6.35 5.74 9.05 10.08 5.23 2.60 0.00 0.00 0.00 0.00 0.00 0.00 0.00
0 0 0 0 0 0 0 0 0 0 0 0 0 0 0
1.00 6.04 6.35 5.74 9.05 10.08 5.23 2.60 0.00 0.00 0.00 0.00 0.00 0.00 0.00
0 0 0 0 0 0 0 0 0 0 0 0 0 0 0
1.00 3.99 4.43 4.50 6.57 7.40 4.08 1.93 0.00 0.00 0.00 0.00 0.00 0.00 0.00
0 0 0 0 0 0 0 0 0 0 0 0 0 0 0
1.00 4.00 3.95 3.71 6.73 6.90 3.59 1.82 0.00 0.00 0.00 0.00 0.00 0.00 0.00
0 0 0 0 0 0 0 0 0 0 0 0 0 0 0
1.00 3.04 2.72 2.34 5.41 5.01 2.13 1.27 0.00 0.00 0.00 0.00 0.00 0.00 0.00
0 0 0 0 0 0 0 0 0 0 0 0 0 0 0
1.00 1.21 0.56 -0.23 2.31 1.20 -0.08 0.34 0.00 0.00 0.00 0.00 0.00 0.00 0.00
0 0 0 0 0 0 0 0 0 0 0 0 0 0 0
1.00 -1.80 -2.82 -3.53 -3.63 -5.82 -3.78 -1.27 0.00 0.00 0.00 0.00 0.00 0.00 0.00
0 0 0 0 0 0 0 0 0 0 0 0 0 0 0
1.00 0.30 -0.18 -0.52 -1.19 -2.04 -1.15 -0.26 0.00 0.00 0.00 0.00 0.00 0.00 0.00
0 0 0 0 0 0 0 0 0 0 0 0 0 0 0
1.00 -1.61 -2.16 -2.29 -4.38 -4.89 -2.62 -1.09 0.00 0.00 0.00 0.00 0.00 0.00 0.00
0 0 0 0 0 0 0 0 0 0 0 0 0 0 0
1.00 -3.90 -4.32 -3.91 -6.50 -6.92 -3.48 -1.75 0.00 0.00 0.00 0.00 0.00 0.00 0.00
0 0 0 0 0 0 0 0 0 0 0 0 0 0 0
