1.00 -1.19 -1.61 -1.65 -1.30 -2.22 -1.22 -0.51 0.00 0.00 0.00 0.00 0.00 0.00 0.00
1.00 0.12 1.10 2.11 -0.29 1.21 1.48 0.20 0.00 0.00 0.00 0.00 0.00 0.00 0.00
1.00 4.25 5.68 6.23 4.84 7.58 5.12 1.92 0.00 0.00 0.00 0.00 0.00 0.00 0.00
0 0 0 0 0 0 0 0 0 0 0 0 0 0 0
1.00 2.83 3.79 4.16 3.43 5.53 3.70 1.40 0.00 0.00 0.00 0.00 0.00 0.00 0.00
0 0 0 0 0 0 0 0 0 0 0 0 0 0 0
1.00 2.83 3.79 4.16 3.43 5.53 3.70 1.40 0.00 0.00 0.00 0.00 0.00 0.00 0.00
0 0 0 0 0 0 0 0 0 0 0 0 0 0 0
1.00 4.08 4.17 4.00 6.35 6.86 3.57 1.72 0.00 0.00 0.00 0.00 0.00 0.00 0.00
0 0 0 0 0 0 0 0 0 0 0 0 0 0 0
1.00 4.04 3.75 3.10 6.78 6.27 2.76 1.64 0.00 0.00 0.00 0.00 0.00 0.00 0.00
0 0 0 0 0 0 0 0 0 0 0 0 0 0 0
1.00 3.03 2.25 1.22 5.22 3.88 1.13 1.06 0.00 0.00 0.00 0.00 0.00 0.00 0.00
0 0 0 0 0 0 0 0 0 0 0 0 0 0 0
1.00 3.99 3.91 2.97 6.93 6.21 2.50 1.64 0.00 0.00 0.00 0.00 0.00 0.00 0.00
0 0 0 0 0 0 0 0 0 0 0 0 0 0 0
1.00 1.91 1.55 0.79 2.54 1.69 0.45 0.57 0.00 0.00 0.00 0.00 0.00 0.00 0.00
0 0 0 0 0 0 0 0 0 0 0 0 0 0 0
1.00 -0.65 -1.53 -2.01 -2.40 -3.39 -2.34 -0.76 0.00 0.00 0.00 0.00 0.00 0.00 0.00
0 0 0 0 0 0 0 0 0 0 0 0 0 0 0
1.00 -4.03 -4.96 -5.10 -7.08 -8.26 -4.64 -2.06 0.00 0.00 0.00 0.00 0.00 0.00 0.00
0 0 0 0 0 0 0 0 0 0 0 0 0 0 0
1.00 -6.98 -7.23 -6.42 -10.22 -10.76 -5.42 -2.81 0.00 0.00 0.00 0.00 0.00 0.00 0.00
0 0 0 0 0 0 0 0 0 0 0 0 0 0 0
