1.00 0.52 2.51 3.08 0.13 1.55 1.64 0.31 0.00 0.00 0.00 0.00 0.00 0.00 0.00
1.00 1.83 2.13 2.51 0.63 1.29 1.33 0.43 0.00 0.00 0.00 0.00 0.00 0.00 0.00
1.00 1.53 2.07 2.42 0.78 1.65 1.51 0.58 0.00 0.00 0.00 0.00 0.00 0.00 0.00
0 0 0 0 0 0 0 0 0 0 0 0 0 0 0
1.00 1.57 1.88 2.02 0.88 1.59 1.28 0.61 0.00 0.00 0.00 0.00 0.00 0.00 0.00
0 0 0 0 0 0 0 0 0 0 0 0 0 0 0
1.00 1.57 1.88 2.02 0.88 1.59 1.28 0.61 0.00 0.00 0.00 0.00 0.00 0.00 0.00
0 0 0 0 0 0 0 0 0 0 0 0 0 0 0
1.00 1.13 0.92 0.70 0.63 0.84 0.43 0.41 0.00 0.00 0.00 0.00 0.00 0.00 0.00
0 0 0 0 0 0 0 0 0 0 0 0 0 0 0
1.00 1.01 0.83 0.84 0.59 0.70 0.57 0.35 0.00 0.00 0.00 0.00 0.00 0.00 0.00
0 0 0 0 0 0 0 0 0 0 0 0 0 0 0
1.00 0.08 -0.11 -0.28 0.12 -0.16 -0.30 -0.01 0.00 0.00 0.00 0.00 0.00 0.00 0.00
0 0 0 0 0 0 0 0 0 0 0 0 0 0 0
1.00 -0.56 -0.79 -0.92 -0.43 -0.78 -0.61 -0.26 0.00 0.00 0.00 0.00 0.00 0.00 0.00
0 0 0 0 0 0 0 0 0 0 0 0 0 0 0
1.00 -1.00 -1.27 -1.58 -0.66 -1.19 -0.94 -0.39 0.00 0.00 0.00 0.00 0.00 0.00 0.00
0 0 0 0 0 0 0 0 0 0 0 0 0 0 0
1.00 -1.36 -1.95 -2.71 -0.63 -1.65 -1.69 -0.60 0.00 0.00 0.00 0.00 0.00 0.00 0.00
0 0 0 0 0 0 0 0 0 0 0 0 0 0 0
1.00 -0.46 -0.62 -0.87 -0.23 -0.69 -0.72 -0.22 0.00 0.00 0.00 0.00 0.00 0.00 0.00
0 0 0 0 0 0 0 0 0 0 0 0 0 0 0
1.00 -0.93 -1.25 -1.50 -0.36 -0.85 -0.90 -0.33 0.00 0.00 0.00 0.00 0.00 0.00 0.00
0 0 0 0 0 0 0 0 0 0 0 0 0 0 0
