1.00 0.77 0.11 0.14 0.50 -0.05 -0.05 0.03 0.00 0.00 0.00 0.00 0.00 0.00 0.00
1.00 1.40 0.82 0.20 0.98 0.33 -0.13 0.24 0.00 0.00 0.00 0.00 0.00 0.00 0.00
1.00 1.15 0.71 0.17 0.84 0.29 -0.13 0.22 0.00 0.00 0.00 0.00 0.00 0.00 0.00
0 0 0 0 0 0 0 0 0 0 0 0 0 0 0
1.00 0.99 0.48 0.04 0.76 0.16 0.04 0.02 0.00 0.00 0.00 0.00 0.00 0.00 0.00
0 0 0 0 0 0 0 0 0 0 0 0 0 0 0
1.00 0.99 0.48 0.04 0.76 0.16 0.04 0.02 0.00 0.00 0.00 0.00 0.00 0.00 0.00
0 0 0 0 0 0 0 0 0 0 0 0 0 0 0
1.00 0.23 -0.12 -0.10 0.07 -0.02 0.01 -0.02 0.00 0.00 0.00 0.00 0.00 0.00 0.00
0 0 0 0 0 0 0 0 0 0 0 0 0 0 0
1.00 -0.61 -0.23 0.18 -0.45 0.18 0.29 -0.01 0.00 0.00 0.00 0.00 0.00 0.00 0.00
0 0 0 0 0 0 0 0 0 0 0 0 0 0 0
1.00 0.13 0.09 0.16 0.12 0.21 0.11 0.05 0.00 0.00 0.00 0.00 0.00 0.00 0.00
0 0 0 0 0 0 0 0 0 0 0 0 0 0 0
1.00 -0.33 -0.13 0.33 -0.19 0.17 0.27 -0.05 0.00 0.00 0.00 0.00 0.00 0.00 0.00
0 0 0 0 0 0 0 0 0 0 0 0 0 0 0
1.00 -1.09 -0.39 -0.29 -0.67 -0.14 -0.01 -0.05 0.00 0.00 0.00 0.00 0.00 0.00 0.00
0 0 0 0 0 0 0 0 0 0 0 0 0 0 0
1.00 -1.60 -0.75 -0.29 -0.93 -0.40 -0.13 -0.13 0.00 0.00 0.00 0.00 0.00 0.00 0.00
0 0 0 0 0 0 0 0 0 0 0 0 0 0 0
1.00 -0.71 -0.27 -0.03 -0.55 -0.18 -0.15 -0.12 0.00 0.00 0.00 0.00 0.00 0.00 0.00
0 0 0 0 0 0 0 0 0 0 0 0 0 0 0
1.00 -0.80 -0.39 -0.12 -0.44 -0.22 -0.01 -0.05 0.00 0.00 0.00 0.00 0.00 0.00 0.00
0 0 0 0 0 0 0 0 0 0 0 0 0 0 0
