1.00 -1.38 -0.77 -0.43 -0.93 -0.38 -0.11 -0.17 0.00 0.00 0.00 0.00 0.00 0.00 0.00
1.00 -0.74 -0.11 0.29 -0.61 -0.16 0.23 -0.08 0.00 0.00 0.00 0.00 0.00 0.00 0.00
1.00 1.03 0.81 0.66 0.70 0.48 0.30 0.25 0.00 0.00 0.00 0.00 0.00 0.00 0.00
0 0 0 0 0 0 0 0 0 0 0 0 0 0 0
1.00 2.03 1.25 0.52 1.32 0.68 0.09 0.28 0.00 0.00 0.00 0.00 0.00 0.00 0.00
0 0 0 0 0 0 0 0 0 0 0 0 0 0 0
1.00 2.03 1.25 0.52 1.32 0.68 0.09 0.28 0.00 0.00 0.00 0.00 0.00 0.00 0.00
0 0 0 0 0 0 0 0 0 0 0 0 0 0 0
1.00 1.71 0.60 -0.10 1.22 0.30 -0.04 0.14 0.00 0.00 0.00 0.00 0.00 0.00 0.00
0 0 0 0 0 0 0 0 0 0 0 0 0 0 0
1.00 1.02 0.38 -0.39 0.79 0.01 -0.32 0.05 0.00 0.00 0.00 0.00 0.00 0.00 0.00
0 0 0 0 0 0 0 0 0 0 0 0 0 0 0
1.00 0.52 -0.06 -0.34 0.50 -0.21 -0.20 -0.07 0.00 0.00 0.00 0.00 0.00 0.00 0.00
0 0 0 0 0 0 0 0 0 0 0 0 0 0 0
1.00 0.04 -0.21 -0.16 -0.03 -0.03 -0.03 -0.04 0.00 0.00 0.00 0.00 0.00 0.00 0.00
0 0 0 0 0 0 0 0 0 0 0 0 0 0 0
1.00 -0.19 -0.30 -0.17 -0.19 -0.09 -0.04 -0.06 0.00 0.00 0.00 0.00 0.00 0.00 0.00
0 0 0 0 0 0 0 0 0 0 0 0 0 0 0
1.00 -0.72 -0.24 0.15 -0.44 0.03 0.17 -0.05 0.00 0.00 0.00 0.00 0.00 0.00 0.00
0 0 0 0 0 0 0 0 0 0 0 0 0 0 0
1.00 -0.07 0.13 0.21 0.06 0.24 0.10 0.08 0.00 0.00 0.00 0.00 0.00 0.00 0.00
0 0 0 0 0 0 0 0 0 0 0 0 0 0 0
1.00 -0.37 0.05 0.24 -0.21 0.03 0.07 -0.07 0.00 0.00 0.00 0.00 0.00 0.00 0.00
0 0 0 0 0 0 0 0 0 0 0 0 0 0 0
