1.00 1.32 2.75 3.20 0.40 1.75 1.70 0.45 0.00 0.00 0.00 0.00 0.00 0.00 0.00
1.00 1.74 2.34 2.84 0.88 1.64 1.49 0.44 0.00 0.00 0.00 0.00 0.00 0.00 0.00
1.00 1.56 2.11 2.58 0.70 1.53 1.47 0.49 0.00 0.00 0.00 0.00 0.00 0.00 0.00
0 0 0 0 0 0 0 0 0 0 0 0 0 0 0
1.00 1.27 1.75 1.97 0.62 1.47 1.20 0.54 0.00 0.00 0.00 0.00 0.00 0.00 0.00
0 0 0 0 0 0 0 0 0 0 0 0 0 0 0
1.00 1.27 1.75 1.97 0.62 1.47 1.20 0.54 0.00 0.00 0.00 0.00 0.00 0.00 0.00
0 0 0 0 0 0 0 0 0 0 0 0 0 0 0
1.00 0.86 1.15 1.15 0.48 0.87 0.73 0.37 0.00 0.00 0.00 0.00 0.00 0.00 0.00
0 0 0 0 0 0 0 0 0 0 0 0 0 0 0
1.00 0.38 0.27 0.12 0.33 0.13 0.04 0.17 0.00 0.00 0.00 0.00 0.00 0.00 0.00
0 0 0 0 0 0 0 0 0 0 0 0 0 0 0
1.00 -0.35 -0.66 -1.18 -0.31 -0.60 -0.66 -0.14 0.00 0.00 0.00 0.00 0.00 0.00 0.00
0 0 0 0 0 0 0 0 0 0 0 0 0 0 0
1.00 -0.81 -1.51 -1.75 -0.55 -1.14 -1.16 -0.38 0.00 0.00 0.00 0.00 0.00 0.00 0.00
0 0 0 0 0 0 0 0 0 0 0 0 0 0 0
1.00 0.19 -0.01 0.07 0.04 -0.11 0.03 -0.04 0.00 0.00 0.00 0.00 0.00 0.00 0.00
0 0 0 0 0 0 0 0 0 0 0 0 0 0 0
1.00 -0.20 -0.27 -0.78 -0.17 -0.41 -0.53 -0.15 0.00 0.00 0.00 0.00 0.00 0.00 0.00
0 0 0 0 0 0 0 0 0 0 0 0 0 0 0
1.00 -0.81 -1.48 -1.79 -0.57 -1.01 -1.05 -0.43 0.00 0.00 0.00 0.00 0.00 0.00 0.00
0 0 0 0 0 0 0 0 0 0 0 0 0 0 0
1.00 -1.52 -1.98 -2.33 -0.60 -1.51 -1.20 -0.61 0.00 0.00 0.00 0.00 0.00 0.00 0.00
0 0 0 0 0 0 0 0 0 0 0 0 0 0 0
