1.00 1.25 0.47 0.19 0.84 0.22 -0.04 0.17 0.00 0.00 0.00 0.00 0.00 0.00 0.00
1.00 1.70 0.87 0.37 1.17 0.31 0.13 0.23 0.00 0.00 0.00 0.00 0.00 0.00 0.00
1.00 1.45 0.50 0.05 0.83 -0.17 -0.18 0.08 0.00 0.00 0.00 0.00 0.00 0.00 0.00
0 0 0 0 0 0 0 0 0 0 0 0 0 0 0
1.00 1.20 0.31 -0.10 0.77 -0.08 -0.19 0.06 0.00 0.00 0.00 0.00 0.00 0.00 0.00
0 0 0 0 0 0 0 0 0 0 0 0 0 0 0
1.00 1.20 0.31 -0.10 0.77 -0.08 -0.19 0.06 0.00 0.00 0.00 0.00 0.00 0.00 0.00
0 0 0 0 0 0 0 0 0 0 0 0 0 0 0
1.00 0.18 0.16 0.43 0.15 0.62 0.28 0.06 0.00 0.00 0.00 0.00 0.00 0.00 0.00
0 0 0 0 0 0 0 0 0 0 0 0 0 0 0
1.00 -0.25 0.28 0.44 0.08 0.59 0.36 0.13 0.00 0.00 0.00 0.00 0.00 0.00 0.00
0 0 0 0 0 0 0 0 0 0 0 0 0 0 0
1.00 0.44 0.55 0.57 0.59 0.65 0.42 0.18 0.00 0.00 0.00 0.00 0.00 0.00 0.00
0 0 0 0 0 0 0 0 0 0 0 0 0 0 0
1.00 -0.05 0.17 0.19 0.08 0.40 0.15 0.04 0.00 0.00 0.00 0.00 0.00 0.00 0.00
0 0 0 0 0 0 0 0 0 0 0 0 0 0 0
1.00 -0.97 -0.61 -0.41 -0.90 -0.49 -0.21 -0.28 0.00 0.00 0.00 0.00 0.00 0.00 0.00
0 0 0 0 0 0 0 0 0 0 0 0 0 0 0
1.00 -2.07 -1.38 -0.87 -1.49 -1.03 -0.54 -0.40 0.00 0.00 0.00 0.00 0.00 0.00 0.00
0 0 0 0 0 0 0 0 0 0 0 0 0 0 0
1.00 -0.58 -0.55 -0.41 -0.41 -0.35 -0.33 -0.17 0.00 0.00 0.00 0.00 0.00 0.00 0.00
0 0 0 0 0 0 0 0 0 0 0 0 0 0 0
1.00 -0.68 -0.48 -0.36 -0.46 -0.43 -0.23 -0.24 0.00 0.00 0.00 0.00 0.00 0.00 0.00
0 0 0 0 0 0 0 0 0 0 0 0 0 0 0
