1.00 -1.45 -2.49 -3.19 -0.86 -2.10 -2.19 -0.56 0.00 0.00 0.00 0.00 0.00 0.00 0.00
1.00 -1.84 -2.86 -3.61 -1.02 -2.33 -2.50 -0.69 0.00 0.00 0.00 0.00 0.00 0.00 0.00
1.00 -1.87 -1.93 -0.09 -1.21 -1.67 -0.21 -0.53 0.00 0.00 0.00 0.00 0.00 0.00 0.00
0 0 0 0 0 0 0 0 0 0 0 0 0 0 0
1.00 2.06 5.07 6.02 0.85 3.84 3.97 0.97 0.00 0.00 0.00 0.00 0.00 0.00 0.00
0 0 0 0 0 0 0 0 0 0 0 0 0 0 0
1.00 2.06 5.07 6.02 0.85 3.84 3.97 0.97 0.00 0.00 0.00 0.00 0.00 0.00 0.00
0 0 0 0 0 0 0 0 0 0 0 0 0 0 0
1.00 5.29 6.22 6.28 3.33 5.48 4.43 1.59 0.00 0.00 0.00 0.00 0.00 0.00 0.00
0 0 0 0 0 0 0 0 0 0 0 0 0 0 0
1.00 3.06 4.12 4.57 2.11 4.09 3.48 1.09 0.00 0.00 0.00 0.00 0.00 0.00 0.00
0 0 0 0 0 0 0 0 0 0 0 0 0 0 0
1.00 2.87 3.30 3.32 2.20 3.42 2.57 1.04 0.00 0.00 0.00 0.00 0.00 0.00 0.00
0 0 0 0 0 0 0 0 0 0 0 0 0 0 0
1.00 1.83 1.59 1.17 1.29 1.55 0.77 0.55 0.00 0.00 0.00 0.00 0.00 0.00 0.00
0 0 0 0 0 0 0 0 0 0 0 0 0 0 0
1.00 0.34 -0.07 -0.35 0.13 -0.28 -0.34 0.05 0.00 0.00 0.00 0.00 0.00 0.00 0.00
0 0 0 0 0 0 0 0 0 0 0 0 0 0 0
1.00 -0.85 -1.50 -2.13 -0.86 -1.68 -1.60 -0.42 0.00 0.00 0.00 0.00 0.00 0.00 0.00
0 0 0 0 0 0 0 0 0 0 0 0 0 0 0
1.00 0.31 0.05 -0.23 0.08 -0.18 -0.27 -0.02 0.00 0.00 0.00 0.00 0.00 0.00 0.00
0 0 0 0 0 0 0 0 0 0 0 0 0 0 0
1.00 -0.93 -1.36 -1.72 -0.92 -1.67 -1.59 -0.50 0.00 0.00 0.00 0.00 0.00 0.00 0.00
0 0 0 0 0 0 0 0 0 0 0 0 0 0 0
