1.00 0.41 2.15 3.15 -0.07 1.41 1.69 0.28 0.00 0.00 0.00 0.00 0.00 0.00 0.00
1.00 2.08 2.42 2.76 1.12 1.55 1.46 0.55 0.00 0.00 0.00 0.00 0.00 0.00 0.00
1.00 1.48 2.06 2.21 0.75 1.73 1.32 0.58 0.00 0.00 0.00 0.00 0.00 0.00 0.00
0 0 0 0 0 0 0 0 0 0 0 0 0 0 0
1.00 1.32 1.58 1.65 0.71 1.22 1.05 0.47 0.00 0.00 0.00 0.00 0.00 0.00 0.00
0 0 0 0 0 0 0 0 0 0 0 0 0 0 0
1.00 1.32 1.58 1.65 0.71 1.22 1.05 0.47 0.00 0.00 0.00 0.00 0.00 0.00 0.00
0 0 0 0 0 0 0 0 0 0 0 0 0 0 0
1.00 0.88 0.69 0.44 0.51 0.61 0.18 0.29 0.00 0.00 0.00 0.00 0.00 0.00 0.00
0 0 0 0 0 0 0 0 0 0 0 0 0 0 0
1.00 0.80 0.92 0.73 0.44 0.80 0.48 0.33 0.00 0.00 0.00 0.00 0.00 0.00 0.00
0 0 0 0 0 0 0 0 0 0 0 0 0 0 0
1.00 0.24 -0.16 -0.37 0.03 0.02 -0.22 0.04 0.00 0.00 0.00 0.00 0.00 0.00 0.00
0 0 0 0 0 0 0 0 0 0 0 0 0 0 0
1.00 -0.45 -0.88 -1.06 -0.33 -0.95 -0.53 -0.21 0.00 0.00 0.00 0.00 0.00 0.00 0.00
0 0 0 0 0 0 0 0 0 0 0 0 0 0 0
1.00 -0.91 -1.15 -1.21 -0.41 -1.00 -0.74 -0.38 0.00 0.00 0.00 0.00 0.00 0.00 0.00
0 0 0 0 0 0 0 0 0 0 0 0 0 0 0
1.00 -1.06 -1.37 -1.81 -0.63 -1.21 -1.19 -0.44 0.00 0.00 0.00 0.00 0.00 0.00 0.00
0 0 0 0 0 0 0 0 0 0 0 0 0 0 0
1.00 0.05 -0.10 -0.34 -0.13 -0.06 -0.27 -0.10 0.00 0.00 0.00 0.00 0.00 0.00 0.00
0 0 0 0 0 0 0 0 0 0 0 0 0 0 0
1.00 -0.45 -0.86 -1.20 -0.19 -0.78 -0.78 -0.27 0.00 0.00 0.00 0.00 0.00 0.00 0.00
0 0 0 0 0 0 0 0 0 0 0 0 0 0 0
