1.00 -4.18 -3.58 -2.20 -6.20 -6.13 -2.12 -1.69 0.00 0.00 0.00 0.00 0.00 0.00 0.00
1.00 -1.54 0.03 1.45 -3.95 -1.24 0.87 -0.35 0.00 0.00 0.00 0.00 0.00 0.00 0.00
1.00 1.88 2.91 3.51 1.33 3.67 2.90 0.91 0.00 0.00 0.00 0.00 0.00 0.00 0.00
0 0 0 0 0 0 0 0 0 0 0 0 0 0 0
1.00 3.44 3.95 4.04 5.04 6.38 3.73 1.63 0.00 0.00 0.00 0.00 0.00 0.00 0.00
0 0 0 0 0 0 0 0 0 0 0 0 0 0 0
1.00 3.44 3.95 4.04 5.04 6.38 3.73 1.63 0.00 0.00 0.00 0.00 0.00 0.00 0.00
0 0 0 0 0 0 0 0 0 0 0 0 0 0 0
1.00 3.82 3.93 3.62 6.45 6.73 3.39 1.76 0.00 0.00 0.00 0.00 0.00 0.00 0.00
0 0 0 0 0 0 0 0 0 0 0 0 0 0 0
1.00 3.44 2.87 2.13 6.03 5.22 2.05 1.36 0.00 0.00 0.00 0.00 0.00 0.00 0.00
0 0 0 0 0 0 0 0 0 0 0 0 0 0 0
1.00 1.66 0.89 -0.20 2.92 1.31 -0.38 0.38 0.00 0.00 0.00 0.00 0.00 0.00 0.00
0 0 0 0 0 0 0 0 0 0 0 0 0 0 0
1.00 2.81 2.27 1.18 4.10 2.66 0.44 0.75 0.00 0.00 0.00 0.00 0.00 0.00 0.00
0 0 0 0 0 0 0 0 0 0 0 0 0 0 0
1.00 -0.56 -1.65 -2.47 -2.62 -3.76 -2.66 -0.88 0.00 0.00 0.00 0.00 0.00 0.00 0.00
0 0 0 0 0 0 0 0 0 0 0 0 0 0 0
1.00 -4.70 -5.67 -5.65 -7.98 -8.93 -4.82 -2.32 0.00 0.00 0.00 0.00 0.00 0.00 0.00
0 0 0 0 0 0 0 0 0 0 0 0 0 0 0
1.00 -7.32 -7.25 -6.42 -10.41 -10.61 -5.36 -2.80 0.00 0.00 0.00 0.00 0.00 0.00 0.00
0 0 0 0 0 0 0 0 0 0 0 0 0 0 0
1.00 -3.26 -3.15 -2.86 -4.63 -4.86 -2.36 -1.27 0.00 0.00 0.00 0.00 0.00 0.00 0.00
0 0 0 0 0 0 0 0 0 0 0 0 0 0 0
