1.00 -1.10 0.42 1.34 -3.26 -0.83 0.90 -0.30 0.00 0.00 0.00 0.00 0.00 0.00 0.00
1.00 2.11 3.10 3.51 2.04 4.26 3.04 1.08 0.00 0.00 0.00 0.00 0.00 0.00 0.00
1.00 3.92 4.14 3.83 5.87 6.76 3.62 1.70 0.00 0.00 0.00 0.00 0.00 0.00 0.00
0 0 0 0 0 0 0 0 0 0 0 0 0 0 0
1.00 4.23 3.97 3.43 7.29 6.90 3.35 1.90 0.00 0.00 0.00 0.00 0.00 0.00 0.00
0 0 0 0 0 0 0 0 0 0 0 0 0 0 0
1.00 4.23 3.97 3.43 7.29 6.90 3.35 1.90 0.00 0.00 0.00 0.00 0.00 0.00 0.00
0 0 0 0 0 0 0 0 0 0 0 0 0 0 0
1.00 3.78 3.00 2.20 6.78 5.61 2.22 1.51 0.00 0.00 0.00 0.00 0.00 0.00 0.00
0 0 0 0 0 0 0 0 0 0 0 0 0 0 0
1.00 4.99 4.91 4.19 8.98 8.71 3.93 2.24 0.00 0.00 0.00 0.00 0.00 0.00 0.00
0 0 0 0 0 0 0 0 0 0 0 0 0 0 0
1.00 3.11 2.46 1.54 5.08 3.82 1.07 1.08 0.00 0.00 0.00 0.00 0.00 0.00 0.00
0 0 0 0 0 0 0 0 0 0 0 0 0 0 0
1.00 -0.13 -1.04 -1.94 -1.57 -2.94 -2.41 -0.62 0.00 0.00 0.00 0.00 0.00 0.00 0.00
0 0 0 0 0 0 0 0 0 0 0 0 0 0 0
1.00 -4.14 -5.35 -5.57 -7.78 -9.25 -5.21 -2.28 0.00 0.00 0.00 0.00 0.00 0.00 0.00
0 0 0 0 0 0 0 0 0 0 0 0 0 0 0
1.00 -7.58 -7.53 -6.56 -11.44 -11.65 -5.71 -3.12 0.00 0.00 0.00 0.00 0.00 0.00 0.00
0 0 0 0 0 0 0 0 0 0 0 0 0 0 0
1.00 -3.47 -3.25 -2.74 -5.19 -5.07 -2.45 -1.37 0.00 0.00 0.00 0.00 0.00 0.00 0.00
0 0 0 0 0 0 0 0 0 0 0 0 0 0 0
1.00 -3.02 -2.84 -2.42 -4.48 -4.56 -2.32 -1.19 0.00 0.00 0.00 0.00 0.00 0.00 0.00
0 0 0 0 0 0 0 0 0 0 0 0 0 0 0
