1.00 1.93 4.06 5.07 0.76 2.74 2.62 0.81 0.00 0.00 0.00 0.00 0.00 0.00 0.00
1.00 2.05 2.54 2.92 0.84 1.60 1.61 0.52 0.00 0.00 0.00 0.00 0.00 0.00 0.00
1.00 1.53 2.17 2.54 0.65 1.72 1.55 0.58 0.00 0.00 0.00 0.00 0.00 0.00 0.00
0 0 0 0 0 0 0 0 0 0 0 0 0 0 0
1.00 1.44 1.66 1.60 0.87 1.38 1.03 0.56 0.00 0.00 0.00 0.00 0.00 0.00 0.00
0 0 0 0 0 0 0 0 0 0 0 0 0 0 0
1.00 1.44 1.66 1.60 0.87 1.38 1.03 0.56 0.00 0.00 0.00 0.00 0.00 0.00 0.00
0 0 0 0 0 0 0 0 0 0 0 0 0 0 0
1.00 0.84 0.65 0.35 0.51 0.78 0.20 0.35 0.00 0.00 0.00 0.00 0.00 0.00 0.00
0 0 0 0 0 0 0 0 0 0 0 0 0 0 0
1.00 1.03 1.19 1.26 0.66 1.03 0.78 0.46 0.00 0.00 0.00 0.00 0.00 0.00 0.00
0 0 0 0 0 0 0 0 0 0 0 0 0 0 0
1.00 0.52 0.65 0.67 0.16 0.30 0.20 0.17 0.00 0.00 0.00 0.00 0.00 0.00 0.00
0 0 0 0 0 0 0 0 0 0 0 0 0 0 0
1.00 -0.11 -0.18 -0.11 -0.21 -0.32 -0.23 -0.09 0.00 0.00 0.00 0.00 0.00 0.00 0.00
0 0 0 0 0 0 0 0 0 0 0 0 0 0 0
1.00 -0.66 -0.82 -0.93 -0.47 -0.74 -0.52 -0.25 0.00 0.00 0.00 0.00 0.00 0.00 0.00
0 0 0 0 0 0 0 0 0 0 0 0 0 0 0
1.00 -0.85 -1.50 -2.05 -0.53 -1.21 -1.26 -0.41 0.00 0.00 0.00 0.00 0.00 0.00 0.00
0 0 0 0 0 0 0 0 0 0 0 0 0 0 0
1.00 -1.79 -2.56 -3.06 -0.92 -1.95 -1.72 -0.71 0.00 0.00 0.00 0.00 0.00 0.00 0.00
0 0 0 0 0 0 0 0 0 0 0 0 0 0 0
1.00 -0.82 -1.15 -1.41 -0.48 -0.90 -0.89 -0.27 0.00 0.00 0.00 0.00 0.00 0.00 0.00
0 0 0 0 0 0 0 0 0 0 0 0 0 0 0
