1.00 -0.07 0.27 0.25 -0.22 0.19 0.05 0.01 0.00 0.00 0.00 0.00 0.00 0.00 0.00
1.00 0.87 0.70 0.72 0.49 0.54 0.38 0.16 0.00 0.00 0.00 0.00 0.00 0.00 0.00
1.00 1.74 1.24 0.82 1.25 0.82 0.31 0.35 0.00 0.00 0.00 0.00 0.00 0.00 0.00
0 0 0 0 0 0 0 0 0 0 0 0 0 0 0
1.00 1.93 1.32 0.60 1.76 0.92 0.25 0.36 0.00 0.00 0.00 0.00 0.00 0.00 0.00
0 0 0 0 0 0 0 0 0 0 0 0 0 0 0
1.00 1.93 1.32 0.60 1.76 0.92 0.25 0.36 0.00 0.00 0.00 0.00 0.00 0.00 0.00
0 0 0 0 0 0 0 0 0 0 0 0 0 0 0
1.00 1.51 0.83 0.27 1.25 0.58 -0.06 0.20 0.00 0.00 0.00 0.00 0.00 0.00 0.00
0 0 0 0 0 0 0 0 0 0 0 0 0 0 0
1.00 0.36 -0.05 -0.18 0.26 -0.10 0.10 -0.00 0.00 0.00 0.00 0.00 0.00 0.00 0.00
0 0 0 0 0 0 0 0 0 0 0 0 0 0 0
1.00 0.47 0.14 0.00 0.41 0.14 0.09 0.04 0.00 0.00 0.00 0.00 0.00 0.00 0.00
0 0 0 0 0 0 0 0 0 0 0 0 0 0 0
1.00 -0.30 -0.29 -0.11 -0.17 -0.04 -0.09 -0.04 0.00 0.00 0.00 0.00 0.00 0.00 0.00
0 0 0 0 0 0 0 0 0 0 0 0 0 0 0
1.00 -0.48 -0.40 -0.17 -0.32 -0.13 -0.12 -0.07 0.00 0.00 0.00 0.00 0.00 0.00 0.00
0 0 0 0 0 0 0 0 0 0 0 0 0 0 0
1.00 -1.02 -0.55 -0.20 -0.87 -0.37 -0.06 -0.10 0.00 0.00 0.00 0.00 0.00 0.00 0.00
0 0 0 0 0 0 0 0 0 0 0 0 0 0 0
1.00 -1.61 -0.85 -0.32 -1.19 -0.43 -0.05 -0.19 0.00 0.00 0.00 0.00 0.00 0.00 0.00
0 0 0 0 0 0 0 0 0 0 0 0 0 0 0
1.00 -0.78 -0.47 -0.36 -0.59 -0.43 -0.19 -0.13 0.00 0.00 0.00 0.00 0.00 0.00 0.00
0 0 0 0 0 0 0 0 0 0 0 0 0 0 0
