1.00 1.90 1.06 0.66 0.84 0.03 0.09 0.18 0.00 0.00 0.00 0.00 0.00 0.00 0.00
1.00 1.43 0.98 0.76 0.65 0.25 0.18 0.16 0.00 0.00 0.00 0.00 0.00 0.00 0.00
1.00 1.83 1.32 1.08 1.12 0.58 0.42 0.33 0.00 0.00 0.00 0.00 0.00 0.00 0.00
0 0 0 0 0 0 0 0 0 0 0 0 0 0 0
1.00 1.71 1.14 0.67 1.09 0.50 0.15 0.30 0.00 0.00 0.00 0.00 0.00 0.00 0.00
0 0 0 0 0 0 0 0 0 0 0 0 0 0 0
1.00 1.71 1.14 0.67 1.09 0.50 0.15 0.30 0.00 0.00 0.00 0.00 0.00 0.00 0.00
0 0 0 0 0 0 0 0 0 0 0 0 0 0 0
1.00 0.80 0.33 -0.05 0.46 0.07 0.00 0.10 0.00 0.00 0.00 0.00 0.00 0.00 0.00
0 0 0 0 0 0 0 0 0 0 0 0 0 0 0
1.00 -0.64 -0.66 -0.57 -0.54 -0.31 -0.22 -0.14 0.00 0.00 0.00 0.00 0.00 0.00 0.00
0 0 0 0 0 0 0 0 0 0 0 0 0 0 0
1.00 -0.23 -0.32 -0.40 -0.31 -0.36 -0.20 -0.11 0.00 0.00 0.00 0.00 0.00 0.00 0.00
0 0 0 0 0 0 0 0 0 0 0 0 0 0 0
1.00 -0.84 -0.57 -0.39 -0.58 -0.48 -0.11 -0.23 0.00 0.00 0.00 0.00 0.00 0.00 0.00
0 0 0 0 0 0 0 0 0 0 0 0 0 0 0
1.00 -1.00 -0.68 -0.52 -0.49 -0.14 -0.16 -0.11 0.00 0.00 0.00 0.00 0.00 0.00 0.00
0 0 0 0 0 0 0 0 0 0 0 0 0 0 0
1.00 -1.51 -0.79 -0.43 -0.59 -0.15 -0.13 -0.16 0.00 0.00 0.00 0.00 0.00 0.00 0.00
0 0 0 0 0 0 0 0 0 0 0 0 0 0 0
1.00 -0.59 -0.31 -0.07 -0.13 0.01 0.07 -0.02 0.00 0.00 0.00 0.00 0.00 0.00 0.00
0 0 0 0 0 0 0 0 0 0 0 0 0 0 0
1.00 -0.85 -0.58 -0.28 -0.39 -0.07 -0.04 -0.04 0.00 0.00 0.00 0.00 0.00 0.00 0.00
0 0 0 0 0 0 0 0 0 0 0 0 0 0 0
