1.00 2.39 4.34 4.99 0.87 3.03 2.69 0.85 0.00 0.00 0.00 0.00 0.00 0.00 0.00
1.00 1.69 2.16 2.63 0.76 1.65 1.45 0.49 0.00 0.00 0.00 0.00 0.00 0.00 0.00
1.00 1.33 2.01 2.39 0.82 1.58 1.55 0.57 0.00 0.00 0.00 0.00 0.00 0.00 0.00
0 0 0 0 0 0 0 0 0 0 0 0 0 0 0
1.00 1.34 1.68 2.02 0.79 1.53 1.12 0.53 0.00 0.00 0.00 0.00 0.00 0.00 0.00
0 0 0 0 0 0 0 0 0 0 0 0 0 0 0
1.00 1.34 1.68 2.02 0.79 1.53 1.12 0.53 0.00 0.00 0.00 0.00 0.00 0.00 0.00
0 0 0 0 0 0 0 0 0 0 0 0 0 0 0
1.00 0.89 0.90 0.64 0.61 0.77 0.26 0.31 0.00 0.00 0.00 0.00 0.00 0.00 0.00
0 0 0 0 0 0 0 0 0 0 0 0 0 0 0
1.00 0.14 -0.43 -0.95 -0.16 -0.57 -0.49 -0.11 0.00 0.00 0.00 0.00 0.00 0.00 0.00
0 0 0 0 0 0 0 0 0 0 0 0 0 0 0
1.00 0.25 0.11 -0.10 0.10 0.07 -0.01 0.24 0.00 0.00 0.00 0.00 0.00 0.00 0.00
0 0 0 0 0 0 0 0 0 0 0 0 0 0 0
1.00 -0.62 -0.95 -1.08 -0.39 -0.86 -0.67 -0.18 0.00 0.00 0.00 0.00 0.00 0.00 0.00
0 0 0 0 0 0 0 0 0 0 0 0 0 0 0
1.00 -1.05 -1.29 -1.71 -0.77 -1.33 -1.10 -0.41 0.00 0.00 0.00 0.00 0.00 0.00 0.00
0 0 0 0 0 0 0 0 0 0 0 0 0 0 0
1.00 -1.69 -2.45 -3.12 -1.01 -1.99 -1.86 -0.84 0.00 0.00 0.00 0.00 0.00 0.00 0.00
0 0 0 0 0 0 0 0 0 0 0 0 0 0 0
1.00 -0.73 -1.25 -1.49 -0.49 -1.00 -0.87 -0.42 0.00 0.00 0.00 0.00 0.00 0.00 0.00
0 0 0 0 0 0 0 0 0 0 0 0 0 0 0
1.00 -1.09 -1.55 -1.63 -0.68 -1.10 -1.02 -0.43 0.00 0.00 0.00 0.00 0.00 0.00 0.00
0 0 0 0 0 0 0 0 0 0 0 0 0 0 0
