1.00 -3.65 -3.48 -2.10 -5.38 -5.55 -2.09 -1.45 0.00 0.00 0.00 0.00 0.00 0.00 0.00
1.00 -0.98 0.70 1.80 -2.61 -0.20 1.40 -0.15 0.00 0.00 0.00 0.00 0.00 0.00 0.00
1.00 2.95 3.87 4.07 3.10 5.47 3.59 1.45 0.00 0.00 0.00 0.00 0.00 0.00 0.00
0 0 0 0 0 0 0 0 0 0 0 0 0 0 0
1.00 4.75 4.92 4.42 7.44 8.05 4.06 2.12 0.00 0.00 0.00 0.00 0.00 0.00 0.00
0 0 0 0 0 0 0 0 0 0 0 0 0 0 0
1.00 4.75 4.92 4.42 7.44 8.05 4.06 2.12 0.00 0.00 0.00 0.00 0.00 0.00 0.00
0 0 0 0 0 0 0 0 0 0 0 0 0 0 0
1.00 5.31 4.82 4.15 9.06 8.67 4.08 2.21 0.00 0.00 0.00 0.00 0.00 0.00 0.00
0 0 0 0 0 0 0 0 0 0 0 0 0 0 0
1.00 3.93 3.73 3.44 7.05 6.96 3.50 1.78 0.00 0.00 0.00 0.00 0.00 0.00 0.00
0 0 0 0 0 0 0 0 0 0 0 0 0 0 0
1.00 2.86 2.35 1.73 5.55 4.87 1.94 1.25 0.00 0.00 0.00 0.00 0.00 0.00 0.00
0 0 0 0 0 0 0 0 0 0 0 0 0 0 0
1.00 -1.93 -3.16 -4.24 -4.00 -6.46 -4.66 -1.53 0.00 0.00 0.00 0.00 0.00 0.00 0.00
0 0 0 0 0 0 0 0 0 0 0 0 0 0 0
1.00 3.20 2.50 1.32 4.14 2.78 0.48 0.83 0.00 0.00 0.00 0.00 0.00 0.00 0.00
0 0 0 0 0 0 0 0 0 0 0 0 0 0 0
1.00 0.08 -1.05 -1.97 -1.68 -2.89 -2.21 -0.56 0.00 0.00 0.00 0.00 0.00 0.00 0.00
0 0 0 0 0 0 0 0 0 0 0 0 0 0 0
1.00 -3.33 -4.08 -3.93 -5.63 -6.41 -3.43 -1.65 0.00 0.00 0.00 0.00 0.00 0.00 0.00
0 0 0 0 0 0 0 0 0 0 0 0 0 0 0
1.00 -4.63 -4.42 -3.85 -6.66 -6.70 -3.37 -1.80 0.00 0.00 0.00 0.00 0.00 0.00 0.00
0 0 0 0 0 0 0 0 0 0 0 0 0 0 0
