1.00 1.61 0.66 0.40 1.16 0.47 0.08 0.17 0.00 0.00 0.00 0.00 0.00 0.00 0.00
1.00 1.34 0.75 0.12 1.06 0.42 -0.04 0.25 0.00 0.00 0.00 0.00 0.00 0.00 0.00
1.00 0.94 0.29 -0.13 0.52 0.02 -0.00 0.06 0.00 0.00 0.00 0.00 0.00 0.00 0.00
0 0 0 0 0 0 0 0 0 0 0 0 0 0 0
1.00 0.71 0.19 -0.15 0.35 -0.04 -0.02 0.04 0.00 0.00 0.00 0.00 0.00 0.00 0.00
0 0 0 0 0 0 0 0 0 0 0 0 0 0 0
1.00 0.71 0.19 -0.15 0.35 -0.04 -0.02 0.04 0.00 0.00 0.00 0.00 0.00 0.00 0.00
0 0 0 0 0 0 0 0 0 0 0 0 0 0 0
1.00 -0.16 -0.26 -0.11 -0.00 -0.12 -0.10 -0.12 0.00 0.00 0.00 0.00 0.00 0.00 0.00
0 0 0 0 0 0 0 0 0 0 0 0 0 0 0
1.00 -1.04 -0.40 0.03 -0.54 -0.08 0.11 -0.13 0.00 0.00 0.00 0.00 0.00 0.00 0.00
0 0 0 0 0 0 0 0 0 0 0 0 0 0 0
1.00 0.29 0.15 0.30 0.34 0.35 0.08 0.05 0.00 0.00 0.00 0.00 0.00 0.00 0.00
0 0 0 0 0 0 0 0 0 0 0 0 0 0 0
1.00 -0.15 0.04 0.01 0.04 0.23 0.06 0.00 0.00 0.00 0.00 0.00 0.00 0.00 0.00
0 0 0 0 0 0 0 0 0 0 0 0 0 0 0
1.00 -1.04 -0.72 -0.34 -0.91 -0.63 -0.28 -0.25 0.00 0.00 0.00 0.00 0.00 0.00 0.00
0 0 0 0 0 0 0 0 0 0 0 0 0 0 0
1.00 -1.52 -0.67 -0.26 -1.13 -0.63 -0.13 -0.19 0.00 0.00 0.00 0.00 0.00 0.00 0.00
0 0 0 0 0 0 0 0 0 0 0 0 0 0 0
1.00 -1.47 -0.62 -0.25 -1.09 -0.42 -0.18 -0.20 0.00 0.00 0.00 0.00 0.00 0.00 0.00
0 0 0 0 0 0 0 0 0 0 0 0 0 0 0
1.00 -0.79 -0.33 -0.08 -0.50 -0.33 -0.13 -0.08 0.00 0.00 0.00 0.00 0.00 0.00 0.00
0 0 0 0 0 0 0 0 0 0 0 0 0 0 0
