1.00 2.64 4.31 5.11 2.73 5.59 3.97 1.34 0.00 0.00 0.00 0.00 0.00 0.00 0.00
1.00 1.49 2.74 3.13 0.69 2.87 2.58 0.75 0.00 0.00 0.00 0.00 0.00 0.00 0.00
1.00 3.22 3.72 3.57 4.27 5.45 3.13 1.44 0.00 0.00 0.00 0.00 0.00 0.00 0.00
0 0 0 0 0 0 0 0 0 0 0 0 0 0 0
1.00 3.66 3.76 3.51 5.87 6.25 3.15 1.59 0.00 0.00 0.00 0.00 0.00 0.00 0.00
0 0 0 0 0 0 0 0 0 0 0 0 0 0 0
1.00 3.66 3.76 3.51 5.87 6.25 3.15 1.59 0.00 0.00 0.00 0.00 0.00 0.00 0.00
0 0 0 0 0 0 0 0 0 0 0 0 0 0 0
1.00 3.63 3.18 2.73 6.14 5.71 2.58 1.56 0.00 0.00 0.00 0.00 0.00 0.00 0.00
0 0 0 0 0 0 0 0 0 0 0 0 0 0 0
1.00 2.38 1.62 0.58 4.78 3.21 0.63 0.87 0.00 0.00 0.00 0.00 0.00 0.00 0.00
0 0 0 0 0 0 0 0 0 0 0 0 0 0 0
1.00 0.94 0.10 -0.93 0.64 -0.93 -1.36 -0.08 0.00 0.00 0.00 0.00 0.00 0.00 0.00
0 0 0 0 0 0 0 0 0 0 0 0 0 0 0
1.00 0.62 -0.14 -1.09 0.23 -1.26 -1.47 -0.17 0.00 0.00 0.00 0.00 0.00 0.00 0.00
0 0 0 0 0 0 0 0 0 0 0 0 0 0 0
1.00 -3.45 -4.79 -5.23 -6.61 -8.01 -4.76 -1.98 0.00 0.00 0.00 0.00 0.00 0.00 0.00
0 0 0 0 0 0 0 0 0 0 0 0 0 0 0
1.00 -7.43 -7.45 -6.41 -10.83 -11.11 -5.31 -3.03 0.00 0.00 0.00 0.00 0.00 0.00 0.00
0 0 0 0 0 0 0 0 0 0 0 0 0 0 0
1.00 -3.60 -3.19 -2.80 -4.93 -4.84 -2.45 -1.32 0.00 0.00 0.00 0.00 0.00 0.00 0.00
0 0 0 0 0 0 0 0 0 0 0 0 0 0 0
1.00 -2.97 -2.96 -2.48 -4.21 -4.46 -2.15 -1.19 0.00 0.00 0.00 0.00 0.00 0.00 0.00
0 0 0 0 0 0 0 0 0 0 0 0 0 0 0
