1.00 1.68 0.76 0.42 1.11 0.35 -0.02 0.17 0.00 0.00 0.00 0.00 0.00 0.00 0.00
1.00 1.53 0.83 0.20 1.23 0.07 -0.09 0.11 0.00 0.00 0.00 0.00 0.00 0.00 0.00
1.00 1.48 0.62 -0.23 1.14 0.27 -0.15 0.09 0.00 0.00 0.00 0.00 0.00 0.00 0.00
0 0 0 0 0 0 0 0 0 0 0 0 0 0 0
1.00 0.60 -0.02 -0.03 0.36 -0.04 0.03 -0.07 0.00 0.00 0.00 0.00 0.00 0.00 0.00
0 0 0 0 0 0 0 0 0 0 0 0 0 0 0
1.00 0.60 -0.02 -0.03 0.36 -0.04 0.03 -0.07 0.00 0.00 0.00 0.00 0.00 0.00 0.00
0 0 0 0 0 0 0 0 0 0 0 0 0 0 0
1.00 -0.13 -0.13 0.36 -0.10 0.16 0.36 0.03 0.00 0.00 0.00 0.00 0.00 0.00 0.00
0 0 0 0 0 0 0 0 0 0 0 0 0 0 0
1.00 -0.46 0.25 0.40 -0.01 0.64 0.35 0.21 0.00 0.00 0.00 0.00 0.00 0.00 0.00
0 0 0 0 0 0 0 0 0 0 0 0 0 0 0
1.00 0.22 0.49 0.59 0.45 0.66 0.31 0.26 0.00 0.00 0.00 0.00 0.00 0.00 0.00
0 0 0 0 0 0 0 0 0 0 0 0 0 0 0
1.00 -0.37 -0.16 0.03 -0.14 0.07 -0.09 -0.04 0.00 0.00 0.00 0.00 0.00 0.00 0.00
0 0 0 0 0 0 0 0 0 0 0 0 0 0 0
1.00 -1.27 -0.72 -0.35 -0.93 -0.43 -0.23 -0.16 0.00 0.00 0.00 0.00 0.00 0.00 0.00
0 0 0 0 0 0 0 0 0 0 0 0 0 0 0
1.00 -1.92 -1.08 -0.77 -1.55 -1.02 -0.35 -0.35 0.00 0.00 0.00 0.00 0.00 0.00 0.00
0 0 0 0 0 0 0 0 0 0 0 0 0 0 0
1.00 -1.11 -0.51 -0.38 -0.98 -0.43 -0.12 -0.17 0.00 0.00 0.00 0.00 0.00 0.00 0.00
0 0 0 0 0 0 0 0 0 0 0 0 0 0 0
1.00 -1.30 -0.75 -0.41 -0.95 -0.57 -0.25 -0.21 0.00 0.00 0.00 0.00 0.00 0.00 0.00
0 0 0 0 0 0 0 0 0 0 0 0 0 0 0
