1.00 1.20 2.32 2.85 0.38 1.57 1.47 0.40 0.00 0.00 0.00 0.00 0.00 0.00 0.00
1.00 1.58 2.14 2.68 0.66 1.54 1.60 0.53 0.00 0.00 0.00 0.00 0.00 0.00 0.00
1.00 1.60 2.15 2.42 0.95 1.79 1.43 0.58 0.00 0.00 0.00 0.00 0.00 0.00 0.00
0 0 0 0 0 0 0 0 0 0 0 0 0 0 0
1.00 1.26 1.56 1.42 0.79 1.28 0.83 0.52 0.00 0.00 0.00 0.00 0.00 0.00 0.00
0 0 0 0 0 0 0 0 0 0 0 0 0 0 0
1.00 1.26 1.56 1.42 0.79 1.28 0.83 0.52 0.00 0.00 0.00 0.00 0.00 0.00 0.00
0 0 0 0 0 0 0 0 0 0 0 0 0 0 0
1.00 0.60 0.29 -0.13 0.36 0.25 -0.03 0.19 0.00 0.00 0.00 0.00 0.00 0.00 0.00
0 0 0 0 0 0 0 0 0 0 0 0 0 0 0
1.00 0.41 0.23 -0.13 0.36 0.12 -0.01 0.13 0.00 0.00 0.00 0.00 0.00 0.00 0.00
0 0 0 0 0 0 0 0 0 0 0 0 0 0 0
1.00 -0.50 -0.49 -0.79 -0.39 -0.55 -0.43 -0.22 0.00 0.00 0.00 0.00 0.00 0.00 0.00
0 0 0 0 0 0 0 0 0 0 0 0 0 0 0
1.00 -0.73 -1.19 -1.53 -0.61 -1.06 -0.99 -0.38 0.00 0.00 0.00 0.00 0.00 0.00 0.00
0 0 0 0 0 0 0 0 0 0 0 0 0 0 0
1.00 -1.08 -1.70 -1.83 -0.71 -1.47 -1.16 -0.49 0.00 0.00 0.00 0.00 0.00 0.00 0.00
0 0 0 0 0 0 0 0 0 0 0 0 0 0 0
1.00 -0.03 -0.15 -0.42 -0.08 -0.15 -0.45 -0.12 0.00 0.00 0.00 0.00 0.00 0.00 0.00
0 0 0 0 0 0 0 0 0 0 0 0 0 0 0
1.00 -0.55 -0.89 -1.29 -0.21 -0.83 -0.86 -0.23 0.00 0.00 0.00 0.00 0.00 0.00 0.00
0 0 0 0 0 0 0 0 0 0 0 0 0 0 0
1.00 -1.01 -1.59 -2.08 -0.61 -1.32 -1.15 -0.42 0.00 0.00 0.00 0.00 0.00 0.00 0.00
0 0 0 0 0 0 0 0 0 0 0 0 0 0 0
