1.00 2.07 3.39 4.22 2.03 4.43 3.24 1.04 0.00 0.00 0.00 0.00 0.00 0.00 0.00
1.00 1.23 2.31 2.67 0.22 2.29 2.16 0.56 0.00 0.00 0.00 0.00 0.00 0.00 0.00
1.00 2.93 3.59 3.59 3.72 5.27 3.14 1.37 0.00 0.00 0.00 0.00 0.00 0.00 0.00
0 0 0 0 0 0 0 0 0 0 0 0 0 0 0
1.00 3.58 3.79 3.64 5.88 6.19 3.20 1.62 0.00 0.00 0.00 0.00 0.00 0.00 0.00
0 0 0 0 0 0 0 0 0 0 0 0 0 0 0
1.00 3.58 3.79 3.64 5.88 6.19 3.20 1.62 0.00 0.00 0.00 0.00 0.00 0.00 0.00
0 0 0 0 0 0 0 0 0 0 0 0 0 0 0
1.00 3.55 3.27 2.66 6.01 5.54 2.59 1.50 0.00 0.00 0.00 0.00 0.00 0.00 0.00
0 0 0 0 0 0 0 0 0 0 0 0 0 0 0
1.00 2.51 1.79 0.85 4.49 3.39 0.81 0.92 0.00 0.00 0.00 0.00 0.00 0.00 0.00
0 0 0 0 0 0 0 0 0 0 0 0 0 0 0
1.00 2.26 1.45 0.46 2.28 1.21 -0.37 0.43 0.00 0.00 0.00 0.00 0.00 0.00 0.00
0 0 0 0 0 0 0 0 0 0 0 0 0 0 0
1.00 -1.03 -2.18 -2.85 -2.86 -4.20 -2.70 -0.96 0.00 0.00 0.00 0.00 0.00 0.00 0.00
0 0 0 0 0 0 0 0 0 0 0 0 0 0 0
1.00 -1.13 -2.23 -2.85 -2.94 -4.22 -2.67 -0.98 0.00 0.00 0.00 0.00 0.00 0.00 0.00
0 0 0 0 0 0 0 0 0 0 0 0 0 0 0
1.00 -4.82 -5.07 -4.53 -6.94 -7.50 -3.79 -1.97 0.00 0.00 0.00 0.00 0.00 0.00 0.00
0 0 0 0 0 0 0 0 0 0 0 0 0 0 0
1.00 -5.69 -5.31 -4.45 -7.63 -7.73 -3.81 -2.06 0.00 0.00 0.00 0.00 0.00 0.00 0.00
0 0 0 0 0 0 0 0 0 0 0 0 0 0 0
1.00 -2.53 -2.44 -2.10 -3.43 -3.57 -1.69 -0.95 0.00 0.00 0.00 0.00 0.00 0.00 0.00
0 0 0 0 0 0 0 0 0 0 0 0 0 0 0
