1.00 2.76 3.62 3.88 1.30 2.58 2.22 0.90 0.00 0.00 0.00 0.00 0.00 0.00 0.00
1.00 0.92 1.78 2.41 0.37 1.34 1.49 0.42 0.00 0.00 0.00 0.00 0.00 0.00 0.00
1.00 1.44 2.31 2.54 0.93 2.01 1.70 0.70 0.00 0.00 0.00 0.00 0.00 0.00 0.00
0 0 0 0 0 0 0 0 0 0 0 0 0 0 0
1.00 1.53 1.72 1.89 1.01 1.50 1.28 0.71 0.00 0.00 0.00 0.00 0.00 0.00 0.00
0 0 0 0 0 0 0 0 0 0 0 0 0 0 0
1.00 1.53 1.72 1.89 1.01 1.50 1.28 0.71 0.00 0.00 0.00 0.00 0.00 0.00 0.00
0 0 0 0 0 0 0 0 0 0 0 0 0 0 0
1.00 1.04 0.87 0.74 0.63 0.79 0.55 0.37 0.00 0.00 0.00 0.00 0.00 0.00 0.00
0 0 0 0 0 0 0 0 0 0 0 0 0 0 0
1.00 0.12 -0.45 -0.98 -0.01 -0.32 -0.77 -0.05 0.00 0.00 0.00 0.00 0.00 0.00 0.00
0 0 0 0 0 0 0 0 0 0 0 0 0 0 0
1.00 0.33 0.36 0.57 0.16 0.26 0.29 0.08 0.00 0.00 0.00 0.00 0.00 0.00 0.00
0 0 0 0 0 0 0 0 0 0 0 0 0 0 0
1.00 -0.02 -0.01 -0.13 -0.12 -0.07 -0.22 -0.02 0.00 0.00 0.00 0.00 0.00 0.00 0.00
0 0 0 0 0 0 0 0 0 0 0 0 0 0 0
1.00 -0.65 -0.84 -1.13 -0.44 -1.10 -0.70 -0.26 0.00 0.00 0.00 0.00 0.00 0.00 0.00
0 0 0 0 0 0 0 0 0 0 0 0 0 0 0
1.00 -1.07 -1.75 -2.25 -0.72 -1.46 -1.52 -0.57 0.00 0.00 0.00 0.00 0.00 0.00 0.00
0 0 0 0 0 0 0 0 0 0 0 0 0 0 0
1.00 -1.83 -2.79 -3.46 -1.07 -2.22 -1.99 -0.79 0.00 0.00 0.00 0.00 0.00 0.00 0.00
0 0 0 0 0 0 0 0 0 0 0 0 0 0 0
1.00 -1.04 -1.43 -1.75 -0.47 -1.11 -1.07 -0.49 0.00 0.00 0.00 0.00 0.00 0.00 0.00
0 0 0 0 0 0 0 0 0 0 0 0 0 0 0
