1.00 -1.55 -2.73 -3.50 -0.75 -2.30 -2.27 -0.59 0.00 0.00 0.00 0.00 0.00 0.00 0.00
1.00 -2.17 -3.11 -3.18 -1.17 -2.50 -2.19 -0.80 0.00 0.00 0.00 0.00 0.00 0.00 0.00
1.00 -1.05 0.75 2.78 -0.74 0.03 1.51 -0.03 0.00 0.00 0.00 0.00 0.00 0.00 0.00
0 0 0 0 0 0 0 0 0 0 0 0 0 0 0
1.00 3.29 4.95 5.24 1.68 3.85 3.46 1.08 0.00 0.00 0.00 0.00 0.00 0.00 0.00
0 0 0 0 0 0 0 0 0 0 0 0 0 0 0
1.00 3.29 4.95 5.24 1.68 3.85 3.46 1.08 0.00 0.00 0.00 0.00 0.00 0.00 0.00
0 0 0 0 0 0 0 0 0 0 0 0 0 0 0
1.00 4.46 5.24 5.29 2.66 4.64 3.67 1.40 0.00 0.00 0.00 0.00 0.00 0.00 0.00
0 0 0 0 0 0 0 0 0 0 0 0 0 0 0
1.00 2.71 3.36 3.64 1.82 3.22 2.76 1.01 0.00 0.00 0.00 0.00 0.00 0.00 0.00
0 0 0 0 0 0 0 0 0 0 0 0 0 0 0
1.00 2.30 2.75 2.75 1.68 2.78 2.02 0.92 0.00 0.00 0.00 0.00 0.00 0.00 0.00
0 0 0 0 0 0 0 0 0 0 0 0 0 0 0
1.00 1.36 1.31 1.12 1.06 1.34 0.80 0.44 0.00 0.00 0.00 0.00 0.00 0.00 0.00
0 0 0 0 0 0 0 0 0 0 0 0 0 0 0
1.00 0.22 -0.21 -0.58 0.05 -0.30 -0.57 -0.07 0.00 0.00 0.00 0.00 0.00 0.00 0.00
0 0 0 0 0 0 0 0 0 0 0 0 0 0 0
1.00 -0.88 -1.50 -2.07 -0.73 -1.72 -1.56 -0.47 0.00 0.00 0.00 0.00 0.00 0.00 0.00
0 0 0 0 0 0 0 0 0 0 0 0 0 0 0
1.00 0.72 0.74 0.36 0.19 0.41 0.18 0.14 0.00 0.00 0.00 0.00 0.00 0.00 0.00
0 0 0 0 0 0 0 0 0 0 0 0 0 0 0
1.00 -0.28 -0.72 -1.26 -0.51 -1.01 -1.09 -0.29 0.00 0.00 0.00 0.00 0.00 0.00 0.00
0 0 0 0 0 0 0 0 0 0 0 0 0 0 0
