1.00 0.07 -0.26 -0.40 -0.17 -0.41 -0.24 -0.06 0.00 0.00 0.00 0.00 0.00 0.00 0.00
1.00 0.59 0.60 0.77 0.10 -0.02 0.50 0.18 0.00 0.00 0.00 0.00 0.00 0.00 0.00
1.00 1.35 1.32 1.11 0.50 0.66 0.67 0.42 0.00 0.00 0.00 0.00 0.00 0.00 0.00
0 0 0 0 0 0 0 0 0 0 0 0 0 0 0
1.00 1.36 1.19 0.81 0.79 0.63 0.50 0.35 0.00 0.00 0.00 0.00 0.00 0.00 0.00
0 0 0 0 0 0 0 0 0 0 0 0 0 0 0
1.00 1.36 1.19 0.81 0.79 0.63 0.50 0.35 0.00 0.00 0.00 0.00 0.00 0.00 0.00
0 0 0 0 0 0 0 0 0 0 0 0 0 0 0
1.00 0.94 0.59 0.27 0.44 0.38 0.21 0.16 0.00 0.00 0.00 0.00 0.00 0.00 0.00
0 0 0 0 0 0 0 0 0 0 0 0 0 0 0
1.00 0.61 0.35 0.29 0.17 0.18 0.12 0.10 0.00 0.00 0.00 0.00 0.00 0.00 0.00
0 0 0 0 0 0 0 0 0 0 0 0 0 0 0
1.00 -0.03 0.15 0.09 0.01 0.32 0.03 0.06 0.00 0.00 0.00 0.00 0.00 0.00 0.00
0 0 0 0 0 0 0 0 0 0 0 0 0 0 0
1.00 -0.43 -0.36 -0.50 0.21 0.12 -0.29 -0.13 0.00 0.00 0.00 0.00 0.00 0.00 0.00
0 0 0 0 0 0 0 0 0 0 0 0 0 0 0
1.00 -0.66 -0.59 -0.69 0.09 -0.05 -0.43 -0.20 0.00 0.00 0.00 0.00 0.00 0.00 0.00
0 0 0 0 0 0 0 0 0 0 0 0 0 0 0
1.00 0.41 0.55 0.23 0.56 0.74 0.16 0.16 0.00 0.00 0.00 0.00 0.00 0.00 0.00
0 0 0 0 0 0 0 0 0 0 0 0 0 0 0
1.00 0.04 -0.10 -0.15 0.37 0.09 -0.07 -0.01 0.00 0.00 0.00 0.00 0.00 0.00 0.00
0 0 0 0 0 0 0 0 0 0 0 0 0 0 0
1.00 -0.99 -1.16 -1.23 -0.61 -0.83 -0.71 -0.34 0.00 0.00 0.00 0.00 0.00 0.00 0.00
0 0 0 0 0 0 0 0 0 0 0 0 0 0 0
