1.00 -1.38 -2.08 -2.48 -1.52 -2.74 -2.30 -0.65 0.00 0.00 0.00 0.00 0.00 0.00 0.00
1.00 -1.42 -1.68 -1.02 -1.76 -2.36 -0.97 -0.66 0.00 0.00 0.00 0.00 0.00 0.00 0.00
1.00 0.80 2.25 3.33 0.44 2.54 2.81 0.62 0.00 0.00 0.00 0.00 0.00 0.00 0.00
0 0 0 0 0 0 0 0 0 0 0 0 0 0 0
1.00 5.09 6.13 6.15 6.30 8.90 5.51 2.33 0.00 0.00 0.00 0.00 0.00 0.00 0.00
0 0 0 0 0 0 0 0 0 0 0 0 0 0 0
1.00 5.09 6.13 6.15 6.30 8.90 5.51 2.33 0.00 0.00 0.00 0.00 0.00 0.00 0.00
0 0 0 0 0 0 0 0 0 0 0 0 0 0 0
1.00 3.12 3.61 3.85 3.84 5.76 3.65 1.46 0.00 0.00 0.00 0.00 0.00 0.00 0.00
0 0 0 0 0 0 0 0 0 0 0 0 0 0 0
1.00 3.69 4.05 4.01 5.92 6.56 3.67 1.73 0.00 0.00 0.00 0.00 0.00 0.00 0.00
0 0 0 0 0 0 0 0 0 0 0 0 0 0 0
1.00 3.61 3.46 3.03 5.92 5.84 2.90 1.62 0.00 0.00 0.00 0.00 0.00 0.00 0.00
0 0 0 0 0 0 0 0 0 0 0 0 0 0 0
1.00 2.59 2.17 1.55 4.44 3.96 1.65 1.09 0.00 0.00 0.00 0.00 0.00 0.00 0.00
0 0 0 0 0 0 0 0 0 0 0 0 0 0 0
1.00 0.57 -0.39 -1.30 1.32 -0.65 -1.34 -0.14 0.00 0.00 0.00 0.00 0.00 0.00 0.00
0 0 0 0 0 0 0 0 0 0 0 0 0 0 0
1.00 2.03 1.33 0.56 2.46 1.26 -0.08 0.46 0.00 0.00 0.00 0.00 0.00 0.00 0.00
0 0 0 0 0 0 0 0 0 0 0 0 0 0 0
1.00 -1.61 -2.50 -3.40 -4.09 -5.29 -3.54 -1.19 0.00 0.00 0.00 0.00 0.00 0.00 0.00
0 0 0 0 0 0 0 0 0 0 0 0 0 0 0
1.00 -5.67 -6.40 -6.05 -8.95 -10.03 -5.44 -2.63 0.00 0.00 0.00 0.00 0.00 0.00 0.00
0 0 0 0 0 0 0 0 0 0 0 0 0 0 0
