1.00 -2.45 -1.17 0.07 -4.66 -3.15 -0.46 -0.90 0.00 0.00 0.00 0.00 0.00 0.00 0.00
1.00 1.16 2.22 2.81 -0.20 2.08 2.28 0.48 0.00 0.00 0.00 0.00 0.00 0.00 0.00
1.00 3.41 4.00 4.05 4.46 6.27 3.64 1.52 0.00 0.00 0.00 0.00 0.00 0.00 0.00
0 0 0 0 0 0 0 0 0 0 0 0 0 0 0
1.00 4.57 4.47 4.05 7.21 7.59 3.81 2.00 0.00 0.00 0.00 0.00 0.00 0.00 0.00
0 0 0 0 0 0 0 0 0 0 0 0 0 0 0
1.00 4.57 4.47 4.05 7.21 7.59 3.81 2.00 0.00 0.00 0.00 0.00 0.00 0.00 0.00
0 0 0 0 0 0 0 0 0 0 0 0 0 0 0
1.00 4.35 4.18 3.21 7.73 7.25 3.16 1.94 0.00 0.00 0.00 0.00 0.00 0.00 0.00
0 0 0 0 0 0 0 0 0 0 0 0 0 0 0
1.00 5.64 5.59 5.15 9.68 9.96 4.85 2.49 0.00 0.00 0.00 0.00 0.00 0.00 0.00
0 0 0 0 0 0 0 0 0 0 0 0 0 0 0
1.00 3.87 3.31 2.23 6.08 5.08 1.80 1.33 0.00 0.00 0.00 0.00 0.00 0.00 0.00
0 0 0 0 0 0 0 0 0 0 0 0 0 0 0
1.00 0.45 -0.47 -1.78 -0.79 -2.50 -2.39 -0.44 0.00 0.00 0.00 0.00 0.00 0.00 0.00
0 0 0 0 0 0 0 0 0 0 0 0 0 0 0
1.00 -4.26 -5.53 -5.87 -7.64 -9.35 -5.40 -2.37 0.00 0.00 0.00 0.00 0.00 0.00 0.00
0 0 0 0 0 0 0 0 0 0 0 0 0 0 0
1.00 -7.82 -7.78 -6.69 -10.90 -11.67 -5.94 -3.07 0.00 0.00 0.00 0.00 0.00 0.00 0.00
0 0 0 0 0 0 0 0 0 0 0 0 0 0 0
1.00 -3.45 -3.38 -2.87 -4.81 -5.03 -2.59 -1.35 0.00 0.00 0.00 0.00 0.00 0.00 0.00
0 0 0 0 0 0 0 0 0 0 0 0 0 0 0
1.00 -3.07 -2.90 -2.61 -4.21 -4.48 -2.30 -1.17 0.00 0.00 0.00 0.00 0.00 0.00 0.00
0 0 0 0 0 0 0 0 0 0 0 0 0 0 0
