1.00 -0.27 -0.20 -0.38 -0.25 -0.31 -0.30 -0.05 0.00 0.00 0.00 0.00 0.00 0.00 0.00
1.00 -1.12 -0.77 -0.65 -0.79 -0.67 -0.28 -0.22 0.00 0.00 0.00 0.00 0.00 0.00 0.00
1.00 -1.07 -0.92 -0.58 -0.74 -0.82 -0.48 -0.28 0.00 0.00 0.00 0.00 0.00 0.00 0.00
0 0 0 0 0 0 0 0 0 0 0 0 0 0 0
1.00 -1.05 -0.85 -0.60 -0.78 -0.56 -0.46 -0.25 0.00 0.00 0.00 0.00 0.00 0.00 0.00
0 0 0 0 0 0 0 0 0 0 0 0 0 0 0
1.00 -1.05 -0.85 -0.60 -0.78 -0.56 -0.46 -0.25 0.00 0.00 0.00 0.00 0.00 0.00 0.00
0 0 0 0 0 0 0 0 0 0 0 0 0 0 0
1.00 -1.06 -0.80 -0.31 -0.89 -0.60 -0.26 -0.24 0.00 0.00 0.00 0.00 0.00 0.00 0.00
0 0 0 0 0 0 0 0 0 0 0 0 0 0 0
1.00 -0.71 -0.38 -0.27 -0.53 -0.17 -0.14 -0.15 0.00 0.00 0.00 0.00 0.00 0.00 0.00
0 0 0 0 0 0 0 0 0 0 0 0 0 0 0
1.00 -0.54 -0.32 -0.17 -0.46 -0.26 -0.22 -0.05 0.00 0.00 0.00 0.00 0.00 0.00 0.00
0 0 0 0 0 0 0 0 0 0 0 0 0 0 0
1.00 -0.33 -0.16 -0.08 -0.14 -0.09 -0.02 -0.05 0.00 0.00 0.00 0.00 0.00 0.00 0.00
0 0 0 0 0 0 0 0 0 0 0 0 0 0 0
1.00 -0.05 -0.04 0.06 -0.18 -0.07 0.11 -0.04 0.00 0.00 0.00 0.00 0.00 0.00 0.00
0 0 0 0 0 0 0 0 0 0 0 0 0 0 0
1.00 0.14 0.03 0.04 0.09 -0.04 -0.02 -0.01 0.00 0.00 0.00 0.00 0.00 0.00 0.00
0 0 0 0 0 0 0 0 0 0 0 0 0 0 0
1.00 0.20 0.09 0.04 0.15 0.03 0.01 0.03 0.00 0.00 0.00 0.00 0.00 0.00 0.00
0 0 0 0 0 0 0 0 0 0 0 0 0 0 0
1.00 0.08 0.02 0.01 0.07 0.03 0.03 0.05 0.00 0.00 0.00 0.00 0.00 0.00 0.00
0 0 0 0 0 0 0 0 0 0 0 0 0 0 0
