1.00 -2.04 -2.68 -2.94 -2.67 -3.93 -2.68 -1.00 0.00 0.00 0.00 0.00 0.00 0.00 0.00
1.00 -2.46 -3.04 -3.65 -3.24 -4.72 -3.15 -1.20 0.00 0.00 0.00 0.00 0.00 0.00 0.00
1.00 -2.72 -2.78 -1.66 -3.56 -4.46 -1.68 -1.16 0.00 0.00 0.00 0.00 0.00 0.00 0.00
0 0 0 0 0 0 0 0 0 0 0 0 0 0 0
1.00 -0.33 1.16 2.13 -1.54 0.70 1.43 0.05 0.00 0.00 0.00 0.00 0.00 0.00 0.00
0 0 0 0 0 0 0 0 0 0 0 0 0 0 0
1.00 -0.33 1.16 2.13 -1.54 0.70 1.43 0.05 0.00 0.00 0.00 0.00 0.00 0.00 0.00
0 0 0 0 0 0 0 0 0 0 0 0 0 0 0
1.00 3.45 4.49 4.66 4.15 6.46 4.28 1.66 0.00 0.00 0.00 0.00 0.00 0.00 0.00
0 0 0 0 0 0 0 0 0 0 0 0 0 0 0
1.00 6.21 6.17 5.88 9.48 10.77 5.83 2.82 0.00 0.00 0.00 0.00 0.00 0.00 0.00
0 0 0 0 0 0 0 0 0 0 0 0 0 0 0
1.00 3.88 3.95 3.86 6.37 7.10 3.89 1.83 0.00 0.00 0.00 0.00 0.00 0.00 0.00
0 0 0 0 0 0 0 0 0 0 0 0 0 0 0
1.00 3.56 3.14 2.82 6.21 6.17 2.81 1.61 0.00 0.00 0.00 0.00 0.00 0.00 0.00
0 0 0 0 0 0 0 0 0 0 0 0 0 0 0
1.00 2.40 1.91 1.14 4.43 3.54 1.24 1.03 0.00 0.00 0.00 0.00 0.00 0.00 0.00
0 0 0 0 0 0 0 0 0 0 0 0 0 0 0
1.00 0.52 -0.12 -0.96 1.39 -0.12 -1.08 0.00 0.00 0.00 0.00 0.00 0.00 0.00 0.00
0 0 0 0 0 0 0 0 0 0 0 0 0 0 0
1.00 3.48 2.90 2.11 5.36 4.26 1.45 1.19 0.00 0.00 0.00 0.00 0.00 0.00 0.00
0 0 0 0 0 0 0 0 0 0 0 0 0 0 0
1.00 0.71 -0.12 -1.22 -0.83 -2.46 -2.08 -0.38 0.00 0.00 0.00 0.00 0.00 0.00 0.00
0 0 0 0 0 0 0 0 0 0 0 0 0 0 0
