1.00 -0.13 1.49 2.27 -1.89 0.90 1.82 0.14 0.00 0.00 0.00 0.00 0.00 0.00 0.00
1.00 3.17 3.92 3.97 3.75 5.64 3.55 1.48 0.00 0.00 0.00 0.00 0.00 0.00 0.00
1.00 4.44 4.56 4.22 6.89 7.60 4.01 1.99 0.00 0.00 0.00 0.00 0.00 0.00 0.00
0 0 0 0 0 0 0 0 0 0 0 0 0 0 0
1.00 5.04 4.64 3.94 8.53 8.10 3.80 2.17 0.00 0.00 0.00 0.00 0.00 0.00 0.00
0 0 0 0 0 0 0 0 0 0 0 0 0 0 0
1.00 5.04 4.64 3.94 8.53 8.10 3.80 2.17 0.00 0.00 0.00 0.00 0.00 0.00 0.00
0 0 0 0 0 0 0 0 0 0 0 0 0 0 0
1.00 5.64 5.59 5.24 9.47 9.94 5.03 2.57 0.00 0.00 0.00 0.00 0.00 0.00 0.00
0 0 0 0 0 0 0 0 0 0 0 0 0 0 0
1.00 4.66 4.31 3.48 7.75 7.32 3.36 1.89 0.00 0.00 0.00 0.00 0.00 0.00 0.00
0 0 0 0 0 0 0 0 0 0 0 0 0 0 0
1.00 4.32 4.01 3.26 7.25 6.86 3.16 1.77 0.00 0.00 0.00 0.00 0.00 0.00 0.00
0 0 0 0 0 0 0 0 0 0 0 0 0 0 0
1.00 2.04 1.57 0.44 2.73 1.49 -0.17 0.51 0.00 0.00 0.00 0.00 0.00 0.00 0.00
0 0 0 0 0 0 0 0 0 0 0 0 0 0 0
1.00 -5.90 -7.17 -7.14 -10.16 -11.93 -6.65 -3.02 0.00 0.00 0.00 0.00 0.00 0.00 0.00
0 0 0 0 0 0 0 0 0 0 0 0 0 0 0
1.00 -8.73 -8.56 -7.76 -12.57 -13.19 -6.98 -3.53 0.00 0.00 0.00 0.00 0.00 0.00 0.00
0 0 0 0 0 0 0 0 0 0 0 0 0 0 0
1.00 -4.10 -4.22 -3.68 -6.11 -6.43 -3.30 -1.68 0.00 0.00 0.00 0.00 0.00 0.00 0.00
0 0 0 0 0 0 0 0 0 0 0 0 0 0 0
1.00 -3.65 -3.45 -3.05 -5.14 -5.68 -2.67 -1.48 0.00 0.00 0.00 0.00 0.00 0.00 0.00
0 0 0 0 0 0 0 0 0 0 0 0 0 0 0
