1.00 -0.04 1.32 2.05 -0.25 0.46 0.78 0.03 0.00 0.00 0.00 0.00 0.00 0.00 0.00
1.00 1.32 1.57 1.71 0.33 1.02 0.89 0.25 0.00 0.00 0.00 0.00 0.00 0.00 0.00
1.00 0.94 1.34 1.58 0.48 0.89 1.04 0.34 0.00 0.00 0.00 0.00 0.00 0.00 0.00
0 0 0 0 0 0 0 0 0 0 0 0 0 0 0
1.00 0.92 1.17 1.41 0.54 1.18 1.05 0.51 0.00 0.00 0.00 0.00 0.00 0.00 0.00
0 0 0 0 0 0 0 0 0 0 0 0 0 0 0
1.00 0.92 1.17 1.41 0.54 1.18 1.05 0.51 0.00 0.00 0.00 0.00 0.00 0.00 0.00
0 0 0 0 0 0 0 0 0 0 0 0 0 0 0
1.00 0.97 1.07 0.92 0.56 1.05 0.62 0.42 0.00 0.00 0.00 0.00 0.00 0.00 0.00
0 0 0 0 0 0 0 0 0 0 0 0 0 0 0
1.00 0.75 0.88 0.70 0.48 0.96 0.67 0.37 0.00 0.00 0.00 0.00 0.00 0.00 0.00
0 0 0 0 0 0 0 0 0 0 0 0 0 0 0
1.00 0.03 -0.24 -0.34 0.04 -0.35 -0.30 -0.06 0.00 0.00 0.00 0.00 0.00 0.00 0.00
0 0 0 0 0 0 0 0 0 0 0 0 0 0 0
1.00 -0.59 -1.09 -1.64 -0.38 -0.94 -1.05 -0.34 0.00 0.00 0.00 0.00 0.00 0.00 0.00
0 0 0 0 0 0 0 0 0 0 0 0 0 0 0
1.00 -0.78 -1.35 -1.91 -0.46 -1.13 -1.21 -0.41 0.00 0.00 0.00 0.00 0.00 0.00 0.00
0 0 0 0 0 0 0 0 0 0 0 0 0 0 0
1.00 -0.27 -0.72 -0.98 -0.14 -0.73 -0.70 -0.23 0.00 0.00 0.00 0.00 0.00 0.00 0.00
0 0 0 0 0 0 0 0 0 0 0 0 0 0 0
1.00 -0.75 -1.12 -1.15 -0.37 -0.88 -0.79 -0.32 0.00 0.00 0.00 0.00 0.00 0.00 0.00
0 0 0 0 0 0 0 0 0 0 0 0 0 0 0
1.00 -0.90 -1.28 -1.37 -0.46 -0.98 -0.84 -0.38 0.00 0.00 0.00 0.00 0.00 0.00 0.00
0 0 0 0 0 0 0 0 0 0 0 0 0 0 0
