1.00 -0.20 1.15 2.29 -0.36 0.50 1.01 0.02 0.00 0.00 0.00 0.00 0.00 0.00 0.00
1.00 1.29 1.90 2.07 0.27 1.15 0.95 0.36 0.00 0.00 0.00 0.00 0.00 0.00 0.00
1.00 1.09 1.67 1.97 0.42 1.22 1.14 0.40 0.00 0.00 0.00 0.00 0.00 0.00 0.00
0 0 0 0 0 0 0 0 0 0 0 0 0 0 0
1.00 1.10 1.35 1.40 0.64 1.22 0.99 0.45 0.00 0.00 0.00 0.00 0.00 0.00 0.00
0 0 0 0 0 0 0 0 0 0 0 0 0 0 0
1.00 1.10 1.35 1.40 0.64 1.22 0.99 0.45 0.00 0.00 0.00 0.00 0.00 0.00 0.00
0 0 0 0 0 0 0 0 0 0 0 0 0 0 0
1.00 0.87 0.71 0.46 0.57 0.66 0.41 0.34 0.00 0.00 0.00 0.00 0.00 0.00 0.00
0 0 0 0 0 0 0 0 0 0 0 0 0 0 0
1.00 0.67 1.01 0.93 0.36 1.04 0.67 0.35 0.00 0.00 0.00 0.00 0.00 0.00 0.00
0 0 0 0 0 0 0 0 0 0 0 0 0 0 0
1.00 0.11 0.15 -0.01 0.07 0.11 0.10 0.16 0.00 0.00 0.00 0.00 0.00 0.00 0.00
0 0 0 0 0 0 0 0 0 0 0 0 0 0 0
1.00 -0.28 -0.61 -0.66 -0.13 -0.54 -0.44 -0.14 0.00 0.00 0.00 0.00 0.00 0.00 0.00
0 0 0 0 0 0 0 0 0 0 0 0 0 0 0
1.00 -0.54 -0.81 -1.12 -0.34 -0.77 -0.69 -0.25 0.00 0.00 0.00 0.00 0.00 0.00 0.00
0 0 0 0 0 0 0 0 0 0 0 0 0 0 0
1.00 -0.99 -1.58 -1.87 -0.59 -1.22 -1.13 -0.45 0.00 0.00 0.00 0.00 0.00 0.00 0.00
0 0 0 0 0 0 0 0 0 0 0 0 0 0 0
1.00 -0.28 -0.37 -0.68 -0.32 -0.43 -0.46 -0.15 0.00 0.00 0.00 0.00 0.00 0.00 0.00
0 0 0 0 0 0 0 0 0 0 0 0 0 0 0
1.00 -0.69 -1.20 -1.61 -0.28 -1.00 -0.78 -0.29 0.00 0.00 0.00 0.00 0.00 0.00 0.00
0 0 0 0 0 0 0 0 0 0 0 0 0 0 0
