1.00 -1.38 -1.92 -2.10 -1.65 -2.66 -1.99 -0.70 0.00 0.00 0.00 0.00 0.00 0.00 0.00
1.00 -1.55 -2.30 -2.72 -1.99 -3.12 -2.39 -0.88 0.00 0.00 0.00 0.00 0.00 0.00 0.00
1.00 -2.03 -2.76 -2.84 -2.30 -3.63 -2.51 -1.03 0.00 0.00 0.00 0.00 0.00 0.00 0.00
0 0 0 0 0 0 0 0 0 0 0 0 0 0 0
1.00 -1.57 -0.73 0.63 -1.97 -1.41 0.34 -0.43 0.00 0.00 0.00 0.00 0.00 0.00 0.00
0 0 0 0 0 0 0 0 0 0 0 0 0 0 0
1.00 -1.57 -0.73 0.63 -1.97 -1.41 0.34 -0.43 0.00 0.00 0.00 0.00 0.00 0.00 0.00
0 0 0 0 0 0 0 0 0 0 0 0 0 0 0
1.00 2.27 3.71 4.27 1.89 4.50 3.54 1.29 0.00 0.00 0.00 0.00 0.00 0.00 0.00
0 0 0 0 0 0 0 0 0 0 0 0 0 0 0
1.00 5.71 6.13 5.75 7.47 9.26 5.33 2.52 0.00 0.00 0.00 0.00 0.00 0.00 0.00
0 0 0 0 0 0 0 0 0 0 0 0 0 0 0
1.00 3.41 3.92 3.94 4.99 6.47 3.52 1.65 0.00 0.00 0.00 0.00 0.00 0.00 0.00
0 0 0 0 0 0 0 0 0 0 0 0 0 0 0
1.00 3.76 3.91 3.85 6.38 6.99 3.67 1.75 0.00 0.00 0.00 0.00 0.00 0.00 0.00
0 0 0 0 0 0 0 0 0 0 0 0 0 0 0
1.00 3.44 3.12 2.56 6.07 5.86 2.75 1.41 0.00 0.00 0.00 0.00 0.00 0.00 0.00
0 0 0 0 0 0 0 0 0 0 0 0 0 0 0
1.00 1.80 1.23 0.53 3.47 2.59 0.59 0.61 0.00 0.00 0.00 0.00 0.00 0.00 0.00
0 0 0 0 0 0 0 0 0 0 0 0 0 0 0
1.00 -0.85 -1.84 -2.82 -1.61 -3.75 -3.02 -0.89 0.00 0.00 0.00 0.00 0.00 0.00 0.00
0 0 0 0 0 0 0 0 0 0 0 0 0 0 0
1.00 0.96 -0.23 -1.13 -0.70 -2.14 -2.04 -0.46 0.00 0.00 0.00 0.00 0.00 0.00 0.00
0 0 0 0 0 0 0 0 0 0 0 0 0 0 0
