1.00 -0.81 0.14 1.86 -0.65 -0.09 0.75 -0.21 0.00 0.00 0.00 0.00 0.00 0.00 0.00
1.00 1.38 2.18 2.39 0.38 1.29 1.24 0.35 0.00 0.00 0.00 0.00 0.00 0.00 0.00
1.00 1.09 1.66 1.86 0.39 1.08 1.13 0.43 0.00 0.00 0.00 0.00 0.00 0.00 0.00
0 0 0 0 0 0 0 0 0 0 0 0 0 0 0
1.00 1.14 1.66 1.93 0.81 1.41 1.25 0.53 0.00 0.00 0.00 0.00 0.00 0.00 0.00
0 0 0 0 0 0 0 0 0 0 0 0 0 0 0
1.00 1.14 1.66 1.93 0.81 1.41 1.25 0.53 0.00 0.00 0.00 0.00 0.00 0.00 0.00
0 0 0 0 0 0 0 0 0 0 0 0 0 0 0
1.00 1.18 1.34 1.17 0.75 1.29 0.75 0.53 0.00 0.00 0.00 0.00 0.00 0.00 0.00
0 0 0 0 0 0 0 0 0 0 0 0 0 0 0
1.00 0.81 0.83 0.54 0.38 0.74 0.24 0.23 0.00 0.00 0.00 0.00 0.00 0.00 0.00
0 0 0 0 0 0 0 0 0 0 0 0 0 0 0
1.00 -0.04 -0.13 -0.55 -0.17 -0.22 -0.32 -0.07 0.00 0.00 0.00 0.00 0.00 0.00 0.00
0 0 0 0 0 0 0 0 0 0 0 0 0 0 0
1.00 -0.85 -1.50 -1.83 -0.48 -1.15 -1.00 -0.37 0.00 0.00 0.00 0.00 0.00 0.00 0.00
0 0 0 0 0 0 0 0 0 0 0 0 0 0 0
1.00 -0.11 -0.00 -0.51 -0.22 -0.28 -0.36 -0.08 0.00 0.00 0.00 0.00 0.00 0.00 0.00
0 0 0 0 0 0 0 0 0 0 0 0 0 0 0
1.00 -0.59 -1.36 -1.67 -0.43 -1.08 -1.22 -0.39 0.00 0.00 0.00 0.00 0.00 0.00 0.00
0 0 0 0 0 0 0 0 0 0 0 0 0 0 0
1.00 -1.25 -1.93 -2.35 -0.59 -1.52 -1.36 -0.54 0.00 0.00 0.00 0.00 0.00 0.00 0.00
0 0 0 0 0 0 0 0 0 0 0 0 0 0 0
1.00 -1.66 -2.35 -2.67 -0.73 -1.69 -1.46 -0.63 0.00 0.00 0.00 0.00 0.00 0.00 0.00
0 0 0 0 0 0 0 0 0 0 0 0 0 0 0
