1.00 1.36 2.05 2.30 1.06 1.78 1.33 0.52 0.00 0.00 0.00 0.00 0.00 0.00 0.00
1.00 0.92 1.44 1.27 0.50 0.85 0.37 0.33 0.00 0.00 0.00 0.00 0.00 0.00 0.00
1.00 0.24 0.58 0.67 0.04 0.36 0.09 0.16 0.00 0.00 0.00 0.00 0.00 0.00 0.00
0 0 0 0 0 0 0 0 0 0 0 0 0 0 0
1.00 -0.29 -0.02 -0.01 -0.15 -0.12 -0.25 -0.02 0.00 0.00 0.00 0.00 0.00 0.00 0.00
0 0 0 0 0 0 0 0 0 0 0 0 0 0 0
1.00 -0.29 -0.02 -0.01 -0.15 -0.12 -0.25 -0.02 0.00 0.00 0.00 0.00 0.00 0.00 0.00
0 0 0 0 0 0 0 0 0 0 0 0 0 0 0
1.00 -1.08 -1.07 -1.05 -0.56 -0.88 -0.63 -0.31 0.00 0.00 0.00 0.00 0.00 0.00 0.00
0 0 0 0 0 0 0 0 0 0 0 0 0 0 0
1.00 -0.21 -0.08 -0.01 -0.06 -0.11 -0.06 -0.06 0.00 0.00 0.00 0.00 0.00 0.00 0.00
0 0 0 0 0 0 0 0 0 0 0 0 0 0 0
1.00 -0.40 -0.31 -0.23 -0.26 -0.15 -0.22 -0.07 0.00 0.00 0.00 0.00 0.00 0.00 0.00
0 0 0 0 0 0 0 0 0 0 0 0 0 0 0
1.00 -0.45 -0.60 -0.43 -0.29 -0.65 -0.37 -0.23 0.00 0.00 0.00 0.00 0.00 0.00 0.00
0 0 0 0 0 0 0 0 0 0 0 0 0 0 0
1.00 -0.51 -0.56 -0.50 -0.38 -0.32 -0.29 -0.11 0.00 0.00 0.00 0.00 0.00 0.00 0.00
0 0 0 0 0 0 0 0 0 0 0 0 0 0 0
1.00 -0.55 -0.74 -0.91 -0.34 -0.57 -0.35 -0.18 0.00 0.00 0.00 0.00 0.00 0.00 0.00
0 0 0 0 0 0 0 0 0 0 0 0 0 0 0
1.00 -0.56 -0.82 -1.12 -0.21 -0.57 -0.46 -0.15 0.00 0.00 0.00 0.00 0.00 0.00 0.00
0 0 0 0 0 0 0 0 0 0 0 0 0 0 0
1.00 -0.43 -0.54 -0.65 -0.13 -0.24 -0.30 -0.12 0.00 0.00 0.00 0.00 0.00 0.00 0.00
0 0 0 0 0 0 0 0 0 0 0 0 0 0 0
