1.00 1.79 2.53 2.73 0.81 2.07 1.69 0.72 0.00 0.00 0.00 0.00 0.00 0.00 0.00
1.00 1.16 1.72 1.73 0.55 1.54 1.07 0.54 0.00 0.00 0.00 0.00 0.00 0.00 0.00
1.00 0.84 1.00 0.92 0.54 1.13 0.66 0.36 0.00 0.00 0.00 0.00 0.00 0.00 0.00
0 0 0 0 0 0 0 0 0 0 0 0 0 0 0
1.00 0.54 0.31 0.23 0.31 0.17 0.15 0.16 0.00 0.00 0.00 0.00 0.00 0.00 0.00
0 0 0 0 0 0 0 0 0 0 0 0 0 0 0
1.00 0.54 0.31 0.23 0.31 0.17 0.15 0.16 0.00 0.00 0.00 0.00 0.00 0.00 0.00
0 0 0 0 0 0 0 0 0 0 0 0 0 0 0
1.00 0.19 -0.20 -0.62 0.09 -0.29 -0.37 -0.01 0.00 0.00 0.00 0.00 0.00 0.00 0.00
0 0 0 0 0 0 0 0 0 0 0 0 0 0 0
1.00 0.32 0.55 0.42 0.27 0.58 0.40 0.15 0.00 0.00 0.00 0.00 0.00 0.00 0.00
0 0 0 0 0 0 0 0 0 0 0 0 0 0 0
1.00 -0.03 0.04 -0.02 -0.13 0.03 -0.14 -0.01 0.00 0.00 0.00 0.00 0.00 0.00 0.00
0 0 0 0 0 0 0 0 0 0 0 0 0 0 0
1.00 -0.30 -0.37 -0.59 -0.30 -0.31 -0.38 -0.13 0.00 0.00 0.00 0.00 0.00 0.00 0.00
0 0 0 0 0 0 0 0 0 0 0 0 0 0 0
1.00 -0.37 -0.44 -0.65 -0.32 -0.35 -0.40 -0.15 0.00 0.00 0.00 0.00 0.00 0.00 0.00
0 0 0 0 0 0 0 0 0 0 0 0 0 0 0
1.00 -0.61 -1.18 -1.60 -0.32 -1.02 -1.04 -0.35 0.00 0.00 0.00 0.00 0.00 0.00 0.00
0 0 0 0 0 0 0 0 0 0 0 0 0 0 0
1.00 -1.13 -1.83 -2.07 -0.50 -1.37 -1.28 -0.48 0.00 0.00 0.00 0.00 0.00 0.00 0.00
0 0 0 0 0 0 0 0 0 0 0 0 0 0 0
1.00 -0.77 -1.10 -1.28 -0.24 -0.82 -0.68 -0.31 0.00 0.00 0.00 0.00 0.00 0.00 0.00
0 0 0 0 0 0 0 0 0 0 0 0 0 0 0
