1.00 -0.23 1.21 2.10 -1.70 0.69 1.42 0.09 0.00 0.00 0.00 0.00 0.00 0.00 0.00
1.00 2.96 3.74 3.77 3.06 4.88 3.25 1.30 0.00 0.00 0.00 0.00 0.00 0.00 0.00
1.00 4.38 4.54 4.11 6.25 6.86 3.51 1.85 0.00 0.00 0.00 0.00 0.00 0.00 0.00
0 0 0 0 0 0 0 0 0 0 0 0 0 0 0
1.00 4.76 4.51 3.69 7.42 7.37 3.43 1.97 0.00 0.00 0.00 0.00 0.00 0.00 0.00
0 0 0 0 0 0 0 0 0 0 0 0 0 0 0
1.00 4.76 4.51 3.69 7.42 7.37 3.43 1.97 0.00 0.00 0.00 0.00 0.00 0.00 0.00
0 0 0 0 0 0 0 0 0 0 0 0 0 0 0
1.00 4.75 4.90 4.47 7.68 8.21 4.31 2.13 0.00 0.00 0.00 0.00 0.00 0.00 0.00
0 0 0 0 0 0 0 0 0 0 0 0 0 0 0
1.00 3.58 3.47 2.91 5.89 5.82 2.69 1.46 0.00 0.00 0.00 0.00 0.00 0.00 0.00
0 0 0 0 0 0 0 0 0 0 0 0 0 0 0
1.00 1.26 0.86 0.26 1.82 1.05 -0.19 0.30 0.00 0.00 0.00 0.00 0.00 0.00 0.00
0 0 0 0 0 0 0 0 0 0 0 0 0 0 0
1.00 -1.89 -2.85 -3.53 -3.89 -5.52 -3.64 -1.25 0.00 0.00 0.00 0.00 0.00 0.00 0.00
0 0 0 0 0 0 0 0 0 0 0 0 0 0 0
1.00 -6.17 -7.26 -7.18 -9.33 -11.06 -6.15 -2.83 0.00 0.00 0.00 0.00 0.00 0.00 0.00
0 0 0 0 0 0 0 0 0 0 0 0 0 0 0
1.00 -3.90 -4.08 -3.56 -5.22 -5.81 -2.97 -1.51 0.00 0.00 0.00 0.00 0.00 0.00 0.00
0 0 0 0 0 0 0 0 0 0 0 0 0 0 0
1.00 -3.89 -3.61 -3.26 -4.81 -5.18 -2.65 -1.39 0.00 0.00 0.00 0.00 0.00 0.00 0.00
0 0 0 0 0 0 0 0 0 0 0 0 0 0 0
1.00 -3.35 -3.33 -2.83 -4.00 -4.42 -2.23 -1.24 0.00 0.00 0.00 0.00 0.00 0.00 0.00
0 0 0 0 0 0 0 0 0 0 0 0 0 0 0
