1.00 0.72 1.93 2.60 -0.81 1.43 1.92 0.41 0.00 0.00 0.00 0.00 0.00 0.00 0.00
1.00 2.98 3.49 3.46 3.05 4.59 2.93 1.27 0.00 0.00 0.00 0.00 0.00 0.00 0.00
1.00 3.65 3.71 3.29 5.14 5.82 2.95 1.53 0.00 0.00 0.00 0.00 0.00 0.00 0.00
0 0 0 0 0 0 0 0 0 0 0 0 0 0 0
1.00 3.59 3.32 2.70 5.69 5.48 2.50 1.46 0.00 0.00 0.00 0.00 0.00 0.00 0.00
0 0 0 0 0 0 0 0 0 0 0 0 0 0 0
1.00 3.59 3.32 2.70 5.69 5.48 2.50 1.46 0.00 0.00 0.00 0.00 0.00 0.00 0.00
0 0 0 0 0 0 0 0 0 0 0 0 0 0 0
1.00 2.84 2.39 1.64 4.90 4.21 1.61 1.15 0.00 0.00 0.00 0.00 0.00 0.00 0.00
0 0 0 0 0 0 0 0 0 0 0 0 0 0 0
1.00 4.46 4.52 3.99 7.43 7.69 3.66 1.93 0.00 0.00 0.00 0.00 0.00 0.00 0.00
0 0 0 0 0 0 0 0 0 0 0 0 0 0 0
1.00 2.84 2.60 1.91 4.18 3.65 1.27 1.02 0.00 0.00 0.00 0.00 0.00 0.00 0.00
0 0 0 0 0 0 0 0 0 0 0 0 0 0 0
1.00 0.32 -0.44 -1.33 -1.01 -2.22 -2.05 -0.39 0.00 0.00 0.00 0.00 0.00 0.00 0.00
0 0 0 0 0 0 0 0 0 0 0 0 0 0 0
1.00 -3.80 -5.09 -5.59 -6.82 -8.55 -5.08 -2.14 0.00 0.00 0.00 0.00 0.00 0.00 0.00
0 0 0 0 0 0 0 0 0 0 0 0 0 0 0
1.00 -8.21 -8.41 -7.27 -10.71 -11.91 -5.95 -3.26 0.00 0.00 0.00 0.00 0.00 0.00 0.00
0 0 0 0 0 0 0 0 0 0 0 0 0 0 0
1.00 -4.09 -3.79 -3.30 -5.25 -5.41 -2.69 -1.53 0.00 0.00 0.00 0.00 0.00 0.00 0.00
0 0 0 0 0 0 0 0 0 0 0 0 0 0 0
1.00 -3.46 -3.35 -2.91 -4.44 -4.52 -2.30 -1.30 0.00 0.00 0.00 0.00 0.00 0.00 0.00
0 0 0 0 0 0 0 0 0 0 0 0 0 0 0
