1.00 -1.43 -1.85 -1.49 -0.60 -1.31 -0.92 -0.47 0.00 0.00 0.00 0.00 0.00 0.00 0.00
1.00 -0.45 0.73 1.98 -0.34 0.30 0.95 0.00 0.00 0.00 0.00 0.00 0.00 0.00 0.00
1.00 1.58 2.17 2.33 0.52 1.35 1.17 0.42 0.00 0.00 0.00 0.00 0.00 0.00 0.00
0 0 0 0 0 0 0 0 0 0 0 0 0 0 0
1.00 1.24 1.64 1.73 0.56 1.13 0.92 0.36 0.00 0.00 0.00 0.00 0.00 0.00 0.00
0 0 0 0 0 0 0 0 0 0 0 0 0 0 0
1.00 1.24 1.64 1.73 0.56 1.13 0.92 0.36 0.00 0.00 0.00 0.00 0.00 0.00 0.00
0 0 0 0 0 0 0 0 0 0 0 0 0 0 0
1.00 1.15 1.41 1.44 0.66 1.17 1.01 0.44 0.00 0.00 0.00 0.00 0.00 0.00 0.00
0 0 0 0 0 0 0 0 0 0 0 0 0 0 0
1.00 0.97 1.05 0.76 0.57 0.96 0.63 0.44 0.00 0.00 0.00 0.00 0.00 0.00 0.00
0 0 0 0 0 0 0 0 0 0 0 0 0 0 0
1.00 0.81 0.70 0.36 0.66 0.72 0.24 0.29 0.00 0.00 0.00 0.00 0.00 0.00 0.00
0 0 0 0 0 0 0 0 0 0 0 0 0 0 0
1.00 -0.71 -0.93 -1.20 -0.55 -0.80 -0.77 -0.28 0.00 0.00 0.00 0.00 0.00 0.00 0.00
0 0 0 0 0 0 0 0 0 0 0 0 0 0 0
1.00 -0.88 -1.40 -1.97 -0.52 -1.37 -1.20 -0.40 0.00 0.00 0.00 0.00 0.00 0.00 0.00
0 0 0 0 0 0 0 0 0 0 0 0 0 0 0
1.00 -0.04 0.01 -0.22 -0.22 -0.23 -0.17 -0.08 0.00 0.00 0.00 0.00 0.00 0.00 0.00
0 0 0 0 0 0 0 0 0 0 0 0 0 0 0
1.00 -0.03 0.04 -0.16 -0.21 -0.18 -0.13 -0.07 0.00 0.00 0.00 0.00 0.00 0.00 0.00
0 0 0 0 0 0 0 0 0 0 0 0 0 0 0
1.00 -0.39 -0.84 -1.09 -0.27 -0.74 -0.70 -0.24 0.00 0.00 0.00 0.00 0.00 0.00 0.00
0 0 0 0 0 0 0 0 0 0 0 0 0 0 0
