1.00 0.28 0.15 -0.06 0.32 0.09 -0.14 0.04 0.00 0.00 0.00 0.00 0.00 0.00 0.00
1.00 -0.78 -0.76 -0.46 -0.59 -0.52 -0.26 -0.22 0.00 0.00 0.00 0.00 0.00 0.00 0.00
1.00 -1.07 -0.72 -0.57 -0.72 -0.35 -0.36 -0.20 0.00 0.00 0.00 0.00 0.00 0.00 0.00
0 0 0 0 0 0 0 0 0 0 0 0 0 0 0
1.00 -1.09 -0.76 -0.63 -0.61 -0.71 -0.45 -0.25 0.00 0.00 0.00 0.00 0.00 0.00 0.00
0 0 0 0 0 0 0 0 0 0 0 0 0 0 0
1.00 -1.09 -0.76 -0.63 -0.61 -0.71 -0.45 -0.25 0.00 0.00 0.00 0.00 0.00 0.00 0.00
0 0 0 0 0 0 0 0 0 0 0 0 0 0 0
1.00 -0.99 -0.63 -0.35 -0.72 -0.60 -0.26 -0.19 0.00 0.00 0.00 0.00 0.00 0.00 0.00
0 0 0 0 0 0 0 0 0 0 0 0 0 0 0
1.00 -0.62 -0.28 -0.06 -0.31 -0.25 -0.05 -0.08 0.00 0.00 0.00 0.00 0.00 0.00 0.00
0 0 0 0 0 0 0 0 0 0 0 0 0 0 0
1.00 -0.38 -0.28 -0.19 -0.27 -0.28 -0.02 -0.09 0.00 0.00 0.00 0.00 0.00 0.00 0.00
0 0 0 0 0 0 0 0 0 0 0 0 0 0 0
1.00 -0.35 -0.27 -0.15 -0.26 -0.11 -0.11 -0.07 0.00 0.00 0.00 0.00 0.00 0.00 0.00
0 0 0 0 0 0 0 0 0 0 0 0 0 0 0
1.00 -0.02 -0.17 -0.16 -0.13 -0.24 -0.16 -0.04 0.00 0.00 0.00 0.00 0.00 0.00 0.00
0 0 0 0 0 0 0 0 0 0 0 0 0 0 0
1.00 0.02 0.08 -0.04 -0.03 -0.09 0.03 0.03 0.00 0.00 0.00 0.00 0.00 0.00 0.00
0 0 0 0 0 0 0 0 0 0 0 0 0 0 0
1.00 -0.11 -0.01 -0.09 -0.04 -0.06 -0.05 -0.01 0.00 0.00 0.00 0.00 0.00 0.00 0.00
0 0 0 0 0 0 0 0 0 0 0 0 0 0 0
1.00 0.10 -0.03 -0.05 0.12 -0.03 -0.07 -0.01 0.00 0.00 0.00 0.00 0.00 0.00 0.00
0 0 0 0 0 0 0 0 0 0 0 0 0 0 0
