1.00 1.24 2.78 3.51 0.28 2.80 2.61 0.70 0.00 0.00 0.00 0.00 0.00 0.00 0.00
1.00 4.13 4.89 4.82 5.01 7.05 4.26 1.88 0.00 0.00 0.00 0.00 0.00 0.00 0.00
1.00 5.66 5.54 5.21 8.31 9.10 4.91 2.38 0.00 0.00 0.00 0.00 0.00 0.00 0.00
0 0 0 0 0 0 0 0 0 0 0 0 0 0 0
1.00 3.99 4.37 4.28 6.75 7.82 4.39 1.96 0.00 0.00 0.00 0.00 0.00 0.00 0.00
0 0 0 0 0 0 0 0 0 0 0 0 0 0 0
1.00 3.99 4.37 4.28 6.75 7.82 4.39 1.96 0.00 0.00 0.00 0.00 0.00 0.00 0.00
0 0 0 0 0 0 0 0 0 0 0 0 0 0 0
1.00 3.51 3.72 3.47 6.42 6.95 3.65 1.74 0.00 0.00 0.00 0.00 0.00 0.00 0.00
0 0 0 0 0 0 0 0 0 0 0 0 0 0 0
1.00 2.43 2.26 1.70 4.62 4.37 1.78 1.14 0.00 0.00 0.00 0.00 0.00 0.00 0.00
0 0 0 0 0 0 0 0 0 0 0 0 0 0 0
1.00 0.23 -0.32 -0.94 0.18 -1.33 -1.30 -0.20 0.00 0.00 0.00 0.00 0.00 0.00 0.00
0 0 0 0 0 0 0 0 0 0 0 0 0 0 0
1.00 -3.16 -4.17 -4.74 -6.33 -8.13 -5.05 -1.95 0.00 0.00 0.00 0.00 0.00 0.00 0.00
0 0 0 0 0 0 0 0 0 0 0 0 0 0 0
1.00 -2.80 -3.91 -4.40 -5.43 -6.96 -4.07 -1.70 0.00 0.00 0.00 0.00 0.00 0.00 0.00
0 0 0 0 0 0 0 0 0 0 0 0 0 0 0
1.00 -6.13 -6.14 -5.26 -8.11 -8.82 -4.40 -2.36 0.00 0.00 0.00 0.00 0.00 0.00 0.00
0 0 0 0 0 0 0 0 0 0 0 0 0 0 0
1.00 -6.22 -5.75 -4.91 -8.04 -8.27 -4.10 -2.26 0.00 0.00 0.00 0.00 0.00 0.00 0.00
0 0 0 0 0 0 0 0 0 0 0 0 0 0 0
1.00 -2.92 -2.60 -2.35 -3.69 -3.98 -2.02 -1.08 0.00 0.00 0.00 0.00 0.00 0.00 0.00
0 0 0 0 0 0 0 0 0 0 0 0 0 0 0
