1.00 -0.85 -0.60 -0.40 -0.64 -0.39 -0.14 -0.20 0.00 0.00 0.00 0.00 0.00 0.00 0.00
1.00 -0.78 -0.46 -0.43 -0.52 -0.38 -0.13 -0.16 0.00 0.00 0.00 0.00 0.00 0.00 0.00
1.00 -0.54 -0.39 -0.19 -0.36 -0.17 -0.03 -0.04 0.00 0.00 0.00 0.00 0.00 0.00 0.00
0 0 0 0 0 0 0 0 0 0 0 0 0 0 0
1.00 -0.58 -0.27 -0.20 -0.37 -0.27 -0.12 -0.03 0.00 0.00 0.00 0.00 0.00 0.00 0.00
0 0 0 0 0 0 0 0 0 0 0 0 0 0 0
1.00 -0.58 -0.27 -0.20 -0.37 -0.27 -0.12 -0.03 0.00 0.00 0.00 0.00 0.00 0.00 0.00
0 0 0 0 0 0 0 0 0 0 0 0 0 0 0
1.00 -0.38 -0.12 -0.10 -0.24 -0.03 -0.05 0.02 0.00 0.00 0.00 0.00 0.00 0.00 0.00
0 0 0 0 0 0 0 0 0 0 0 0 0 0 0
1.00 -0.12 -0.26 -0.12 -0.10 -0.20 -0.11 -0.14 0.00 0.00 0.00 0.00 0.00 0.00 0.00
0 0 0 0 0 0 0 0 0 0 0 0 0 0 0
1.00 -0.11 -0.03 0.00 -0.15 -0.06 -0.00 -0.03 0.00 0.00 0.00 0.00 0.00 0.00 0.00
0 0 0 0 0 0 0 0 0 0 0 0 0 0 0
1.00 -0.03 -0.03 -0.03 0.05 -0.03 -0.05 0.00 0.00 0.00 0.00 0.00 0.00 0.00 0.00
0 0 0 0 0 0 0 0 0 0 0 0 0 0 0
1.00 0.06 0.02 0.10 0.10 0.04 0.03 0.03 0.00 0.00 0.00 0.00 0.00 0.00 0.00
0 0 0 0 0 0 0 0 0 0 0 0 0 0 0
1.00 0.03 -0.04 -0.03 0.15 -0.07 0.01 0.03 0.00 0.00 0.00 0.00 0.00 0.00 0.00
0 0 0 0 0 0 0 0 0 0 0 0 0 0 0
1.00 -0.01 -0.06 0.02 -0.13 0.02 -0.07 -0.01 0.00 0.00 0.00 0.00 0.00 0.00 0.00
0 0 0 0 0 0 0 0 0 0 0 0 0 0 0
1.00 0.01 -0.04 -0.11 -0.00 0.02 -0.10 -0.06 0.00 0.00 0.00 0.00 0.00 0.00 0.00
0 0 0 0 0 0 0 0 0 0 0 0 0 0 0
