1.00 -0.77 0.85 1.81 -3.06 -0.40 1.15 -0.17 0.00 0.00 0.00 0.00 0.00 0.00 0.00
1.00 2.43 3.21 3.50 2.00 4.32 3.08 1.12 0.00 0.00 0.00 0.00 0.00 0.00 0.00
1.00 3.89 4.01 3.72 5.57 6.52 3.48 1.72 0.00 0.00 0.00 0.00 0.00 0.00 0.00
0 0 0 0 0 0 0 0 0 0 0 0 0 0 0
1.00 3.89 3.83 3.11 6.64 6.68 3.06 1.78 0.00 0.00 0.00 0.00 0.00 0.00 0.00
0 0 0 0 0 0 0 0 0 0 0 0 0 0 0
1.00 3.89 3.83 3.11 6.64 6.68 3.06 1.78 0.00 0.00 0.00 0.00 0.00 0.00 0.00
0 0 0 0 0 0 0 0 0 0 0 0 0 0 0
1.00 3.58 2.93 2.22 6.31 5.23 2.01 1.34 0.00 0.00 0.00 0.00 0.00 0.00 0.00
0 0 0 0 0 0 0 0 0 0 0 0 0 0 0
1.00 4.99 5.01 4.24 8.45 8.55 4.00 2.23 0.00 0.00 0.00 0.00 0.00 0.00 0.00
0 0 0 0 0 0 0 0 0 0 0 0 0 0 0
1.00 3.29 2.81 1.93 4.73 3.79 1.19 1.13 0.00 0.00 0.00 0.00 0.00 0.00 0.00
0 0 0 0 0 0 0 0 0 0 0 0 0 0 0
1.00 0.21 -0.77 -1.91 -1.47 -3.16 -2.67 -0.56 0.00 0.00 0.00 0.00 0.00 0.00 0.00
0 0 0 0 0 0 0 0 0 0 0 0 0 0 0
1.00 -4.29 -5.76 -6.08 -7.66 -9.60 -5.36 -2.45 0.00 0.00 0.00 0.00 0.00 0.00 0.00
0 0 0 0 0 0 0 0 0 0 0 0 0 0 0
1.00 -8.19 -7.95 -6.83 -10.87 -11.56 -5.80 -3.17 0.00 0.00 0.00 0.00 0.00 0.00 0.00
0 0 0 0 0 0 0 0 0 0 0 0 0 0 0
1.00 -3.52 -3.59 -3.09 -4.91 -5.29 -2.55 -1.46 0.00 0.00 0.00 0.00 0.00 0.00 0.00
0 0 0 0 0 0 0 0 0 0 0 0 0 0 0
1.00 -3.20 -2.97 -2.69 -4.18 -4.33 -2.05 -1.20 0.00 0.00 0.00 0.00 0.00 0.00 0.00
0 0 0 0 0 0 0 0 0 0 0 0 0 0 0
