1.00 -2.59 -2.50 -1.35 -2.98 -3.67 -1.39 -0.94 0.00 0.00 0.00 0.00 0.00 0.00 0.00
1.00 -0.29 1.22 2.22 -1.16 0.63 1.37 0.11 0.00 0.00 0.00 0.00 0.00 0.00 0.00
1.00 3.51 4.30 4.20 3.63 5.81 3.62 1.50 0.00 0.00 0.00 0.00 0.00 0.00 0.00
0 0 0 0 0 0 0 0 0 0 0 0 0 0 0
1.00 5.62 5.62 4.92 7.81 8.84 4.68 2.36 0.00 0.00 0.00 0.00 0.00 0.00 0.00
0 0 0 0 0 0 0 0 0 0 0 0 0 0 0
1.00 5.62 5.62 4.92 7.81 8.84 4.68 2.36 0.00 0.00 0.00 0.00 0.00 0.00 0.00
0 0 0 0 0 0 0 0 0 0 0 0 0 0 0
1.00 2.53 2.99 3.05 2.99 4.53 2.98 1.16 0.00 0.00 0.00 0.00 0.00 0.00 0.00
0 0 0 0 0 0 0 0 0 0 0 0 0 0 0
1.00 2.97 3.25 3.37 4.75 5.83 3.30 1.47 0.00 0.00 0.00 0.00 0.00 0.00 0.00
0 0 0 0 0 0 0 0 0 0 0 0 0 0 0
1.00 2.82 2.87 2.62 5.15 5.40 2.64 1.38 0.00 0.00 0.00 0.00 0.00 0.00 0.00
0 0 0 0 0 0 0 0 0 0 0 0 0 0 0
1.00 2.10 1.83 1.34 4.08 3.79 1.60 0.97 0.00 0.00 0.00 0.00 0.00 0.00 0.00
0 0 0 0 0 0 0 0 0 0 0 0 0 0 0
1.00 0.40 -0.13 -0.82 1.19 -0.15 -0.85 -0.00 0.00 0.00 0.00 0.00 0.00 0.00 0.00
0 0 0 0 0 0 0 0 0 0 0 0 0 0 0
1.00 -2.27 -3.30 -3.86 -4.48 -6.51 -4.18 -1.49 0.00 0.00 0.00 0.00 0.00 0.00 0.00
0 0 0 0 0 0 0 0 0 0 0 0 0 0 0
1.00 -0.75 -1.32 -1.44 -2.41 -3.27 -1.92 -0.73 0.00 0.00 0.00 0.00 0.00 0.00 0.00
0 0 0 0 0 0 0 0 0 0 0 0 0 0 0
1.00 -2.74 -2.75 -2.47 -5.06 -5.10 -2.71 -1.31 0.00 0.00 0.00 0.00 0.00 0.00 0.00
0 0 0 0 0 0 0 0 0 0 0 0 0 0 0
