1.00 -1.31 -1.91 -2.24 -1.24 -2.52 -1.70 -0.64 0.00 0.00 0.00 0.00 0.00 0.00 0.00
1.00 -1.41 -1.43 -0.81 -1.43 -2.00 -0.62 -0.53 0.00 0.00 0.00 0.00 0.00 0.00 0.00
1.00 0.77 2.18 2.96 0.37 2.17 2.11 0.52 0.00 0.00 0.00 0.00 0.00 0.00 0.00
0 0 0 0 0 0 0 0 0 0 0 0 0 0 0
1.00 4.79 5.64 5.42 5.11 7.73 4.56 1.98 0.00 0.00 0.00 0.00 0.00 0.00 0.00
0 0 0 0 0 0 0 0 0 0 0 0 0 0 0
1.00 4.79 5.64 5.42 5.11 7.73 4.56 1.98 0.00 0.00 0.00 0.00 0.00 0.00 0.00
0 0 0 0 0 0 0 0 0 0 0 0 0 0 0
1.00 4.30 4.68 4.23 6.44 7.50 3.93 1.93 0.00 0.00 0.00 0.00 0.00 0.00 0.00
0 0 0 0 0 0 0 0 0 0 0 0 0 0 0
1.00 3.39 3.72 3.35 5.14 6.03 3.15 1.55 0.00 0.00 0.00 0.00 0.00 0.00 0.00
0 0 0 0 0 0 0 0 0 0 0 0 0 0 0
1.00 3.25 2.98 2.42 5.17 5.21 2.42 1.41 0.00 0.00 0.00 0.00 0.00 0.00 0.00
0 0 0 0 0 0 0 0 0 0 0 0 0 0 0
1.00 2.13 1.64 1.05 3.69 3.05 0.94 0.74 0.00 0.00 0.00 0.00 0.00 0.00 0.00
0 0 0 0 0 0 0 0 0 0 0 0 0 0 0
1.00 0.53 -0.03 -0.42 1.17 0.17 -0.32 0.04 0.00 0.00 0.00 0.00 0.00 0.00 0.00
0 0 0 0 0 0 0 0 0 0 0 0 0 0 0
1.00 3.44 3.38 2.50 5.06 4.81 1.97 1.31 0.00 0.00 0.00 0.00 0.00 0.00 0.00
0 0 0 0 0 0 0 0 0 0 0 0 0 0 0
1.00 1.44 0.95 0.21 0.96 -0.00 -0.53 0.18 0.00 0.00 0.00 0.00 0.00 0.00 0.00
0 0 0 0 0 0 0 0 0 0 0 0 0 0 0
1.00 -1.57 -2.38 -3.07 -4.27 -5.48 -3.31 -1.24 0.00 0.00 0.00 0.00 0.00 0.00 0.00
0 0 0 0 0 0 0 0 0 0 0 0 0 0 0
