1.00 -1.01 -0.77 0.25 -0.43 -0.62 -0.03 -0.24 0.00 0.00 0.00 0.00 0.00 0.00 0.00
1.00 0.50 1.71 2.16 0.07 1.03 1.01 0.22 0.00 0.00 0.00 0.00 0.00 0.00 0.00
1.00 1.21 1.70 1.84 0.46 1.03 1.04 0.36 0.00 0.00 0.00 0.00 0.00 0.00 0.00
0 0 0 0 0 0 0 0 0 0 0 0 0 0 0
1.00 1.19 1.61 1.80 0.52 1.05 1.09 0.41 0.00 0.00 0.00 0.00 0.00 0.00 0.00
0 0 0 0 0 0 0 0 0 0 0 0 0 0 0
1.00 1.19 1.61 1.80 0.52 1.05 1.09 0.41 0.00 0.00 0.00 0.00 0.00 0.00 0.00
0 0 0 0 0 0 0 0 0 0 0 0 0 0 0
1.00 1.38 1.77 1.66 0.82 1.45 1.10 0.53 0.00 0.00 0.00 0.00 0.00 0.00 0.00
0 0 0 0 0 0 0 0 0 0 0 0 0 0 0
1.00 1.17 1.42 1.47 0.86 1.22 1.00 0.54 0.00 0.00 0.00 0.00 0.00 0.00 0.00
0 0 0 0 0 0 0 0 0 0 0 0 0 0 0
1.00 0.71 0.72 0.64 0.49 0.62 0.50 0.27 0.00 0.00 0.00 0.00 0.00 0.00 0.00
0 0 0 0 0 0 0 0 0 0 0 0 0 0 0
1.00 0.19 -0.01 -0.12 0.12 0.13 -0.17 0.11 0.00 0.00 0.00 0.00 0.00 0.00 0.00
0 0 0 0 0 0 0 0 0 0 0 0 0 0 0
1.00 -0.34 -0.77 -0.86 -0.27 -0.64 -0.53 -0.17 0.00 0.00 0.00 0.00 0.00 0.00 0.00
0 0 0 0 0 0 0 0 0 0 0 0 0 0 0
1.00 -0.82 -1.20 -1.51 -0.46 -1.05 -0.99 -0.41 0.00 0.00 0.00 0.00 0.00 0.00 0.00
0 0 0 0 0 0 0 0 0 0 0 0 0 0 0
1.00 -0.27 -0.18 -0.05 -0.37 -0.28 -0.14 -0.11 0.00 0.00 0.00 0.00 0.00 0.00 0.00
0 0 0 0 0 0 0 0 0 0 0 0 0 0 0
1.00 -0.16 -0.20 -0.45 -0.05 -0.37 -0.31 -0.10 0.00 0.00 0.00 0.00 0.00 0.00 0.00
0 0 0 0 0 0 0 0 0 0 0 0 0 0 0
