1.00 0.63 0.36 0.29 0.39 0.33 0.04 0.13 0.00 0.00 0.00 0.00 0.00 0.00 0.00
1.00 -0.59 -0.58 -0.54 -0.36 -0.46 -0.30 -0.17 0.00 0.00 0.00 0.00 0.00 0.00 0.00
1.00 -1.08 -0.58 -0.34 -0.74 -0.53 -0.25 -0.22 0.00 0.00 0.00 0.00 0.00 0.00 0.00
0 0 0 0 0 0 0 0 0 0 0 0 0 0 0
1.00 -0.88 -0.72 -0.35 -0.59 -0.60 -0.29 -0.21 0.00 0.00 0.00 0.00 0.00 0.00 0.00
0 0 0 0 0 0 0 0 0 0 0 0 0 0 0
1.00 -0.88 -0.72 -0.35 -0.59 -0.60 -0.29 -0.21 0.00 0.00 0.00 0.00 0.00 0.00 0.00
0 0 0 0 0 0 0 0 0 0 0 0 0 0 0
1.00 -0.91 -0.62 -0.53 -0.62 -0.54 -0.34 -0.22 0.00 0.00 0.00 0.00 0.00 0.00 0.00
0 0 0 0 0 0 0 0 0 0 0 0 0 0 0
1.00 -0.47 -0.37 -0.32 -0.27 -0.28 -0.26 -0.15 0.00 0.00 0.00 0.00 0.00 0.00 0.00
0 0 0 0 0 0 0 0 0 0 0 0 0 0 0
1.00 -0.46 -0.34 -0.26 -0.21 -0.25 -0.20 -0.06 0.00 0.00 0.00 0.00 0.00 0.00 0.00
0 0 0 0 0 0 0 0 0 0 0 0 0 0 0
1.00 -0.18 -0.23 -0.10 -0.09 -0.22 -0.05 -0.06 0.00 0.00 0.00 0.00 0.00 0.00 0.00
0 0 0 0 0 0 0 0 0 0 0 0 0 0 0
1.00 0.01 0.08 -0.00 -0.12 -0.06 -0.09 -0.01 0.00 0.00 0.00 0.00 0.00 0.00 0.00
0 0 0 0 0 0 0 0 0 0 0 0 0 0 0
1.00 0.01 -0.12 -0.11 -0.18 -0.12 -0.03 -0.03 0.00 0.00 0.00 0.00 0.00 0.00 0.00
0 0 0 0 0 0 0 0 0 0 0 0 0 0 0
1.00 0.00 0.00 -0.01 -0.02 -0.02 -0.06 0.01 0.00 0.00 0.00 0.00 0.00 0.00 0.00
0 0 0 0 0 0 0 0 0 0 0 0 0 0 0
1.00 -0.08 -0.15 -0.13 -0.07 0.01 -0.08 -0.03 0.00 0.00 0.00 0.00 0.00 0.00 0.00
0 0 0 0 0 0 0 0 0 0 0 0 0 0 0
