1.00 0.95 0.85 0.52 0.85 0.77 0.13 0.29 0.00 0.00 0.00 0.00 0.00 0.00 0.00
1.00 -0.17 -0.42 -0.41 -0.20 -0.37 -0.32 -0.09 0.00 0.00 0.00 0.00 0.00 0.00 0.00
1.00 -1.15 -0.75 -0.35 -0.84 -0.59 -0.27 -0.17 0.00 0.00 0.00 0.00 0.00 0.00 0.00
0 0 0 0 0 0 0 0 0 0 0 0 0 0 0
1.00 -1.02 -0.69 -0.48 -0.58 -0.53 -0.37 -0.15 0.00 0.00 0.00 0.00 0.00 0.00 0.00
0 0 0 0 0 0 0 0 0 0 0 0 0 0 0
1.00 -1.02 -0.69 -0.48 -0.58 -0.53 -0.37 -0.15 0.00 0.00 0.00 0.00 0.00 0.00 0.00
0 0 0 0 0 0 0 0 0 0 0 0 0 0 0
1.00 -1.10 -0.81 -0.61 -0.84 -0.64 -0.33 -0.24 0.00 0.00 0.00 0.00 0.00 0.00 0.00
0 0 0 0 0 0 0 0 0 0 0 0 0 0 0
1.00 -0.46 -0.38 -0.16 -0.38 -0.04 -0.13 -0.02 0.00 0.00 0.00 0.00 0.00 0.00 0.00
0 0 0 0 0 0 0 0 0 0 0 0 0 0 0
1.00 -0.36 -0.28 -0.33 -0.22 -0.39 -0.25 -0.13 0.00 0.00 0.00 0.00 0.00 0.00 0.00
0 0 0 0 0 0 0 0 0 0 0 0 0 0 0
1.00 -0.48 -0.42 -0.21 -0.46 -0.30 -0.27 -0.12 0.00 0.00 0.00 0.00 0.00 0.00 0.00
0 0 0 0 0 0 0 0 0 0 0 0 0 0 0
1.00 -0.37 -0.21 -0.17 -0.15 -0.23 -0.04 -0.09 0.00 0.00 0.00 0.00 0.00 0.00 0.00
0 0 0 0 0 0 0 0 0 0 0 0 0 0 0
1.00 -0.25 -0.07 -0.13 -0.15 -0.12 -0.07 -0.05 0.00 0.00 0.00 0.00 0.00 0.00 0.00
0 0 0 0 0 0 0 0 0 0 0 0 0 0 0
1.00 -0.38 -0.16 -0.16 -0.10 -0.09 -0.09 -0.00 0.00 0.00 0.00 0.00 0.00 0.00 0.00
0 0 0 0 0 0 0 0 0 0 0 0 0 0 0
1.00 -0.04 -0.08 -0.08 -0.06 -0.04 0.04 0.00 0.00 0.00 0.00 0.00 0.00 0.00 0.00
0 0 0 0 0 0 0 0 0 0 0 0 0 0 0
