1.00 1.15 0.99 1.04 1.10 0.95 0.43 0.29 0.00 0.00 0.00 0.00 0.00 0.00 0.00
1.00 0.77 0.71 0.48 0.75 0.71 0.18 0.19 0.00 0.00 0.00 0.00 0.00 0.00 0.00
1.00 -0.58 -0.51 -0.58 -0.31 -0.50 -0.45 -0.09 0.00 0.00 0.00 0.00 0.00 0.00 0.00
0 0 0 0 0 0 0 0 0 0 0 0 0 0 0
1.00 -2.04 -1.90 -1.58 -1.56 -1.74 -1.03 -0.52 0.00 0.00 0.00 0.00 0.00 0.00 0.00
0 0 0 0 0 0 0 0 0 0 0 0 0 0 0
1.00 -2.04 -1.90 -1.58 -1.56 -1.74 -1.03 -0.52 0.00 0.00 0.00 0.00 0.00 0.00 0.00
0 0 0 0 0 0 0 0 0 0 0 0 0 0 0
1.00 -1.26 -1.06 -1.03 -0.92 -0.93 -0.56 -0.33 0.00 0.00 0.00 0.00 0.00 0.00 0.00
0 0 0 0 0 0 0 0 0 0 0 0 0 0 0
1.00 -1.29 -0.91 -0.59 -0.85 -0.85 -0.36 -0.25 0.00 0.00 0.00 0.00 0.00 0.00 0.00
0 0 0 0 0 0 0 0 0 0 0 0 0 0 0
1.00 -0.99 -0.66 -0.48 -0.79 -0.57 -0.30 -0.22 0.00 0.00 0.00 0.00 0.00 0.00 0.00
0 0 0 0 0 0 0 0 0 0 0 0 0 0 0
1.00 -0.78 -0.62 -0.44 -0.56 -0.56 -0.26 -0.14 0.00 0.00 0.00 0.00 0.00 0.00 0.00
0 0 0 0 0 0 0 0 0 0 0 0 0 0 0
1.00 -0.72 -0.46 -0.38 -0.59 -0.46 -0.36 -0.18 0.00 0.00 0.00 0.00 0.00 0.00 0.00
0 0 0 0 0 0 0 0 0 0 0 0 0 0 0
1.00 -0.50 -0.38 -0.29 -0.45 -0.37 -0.11 -0.14 0.00 0.00 0.00 0.00 0.00 0.00 0.00
0 0 0 0 0 0 0 0 0 0 0 0 0 0 0
1.00 -0.35 -0.17 -0.12 -0.21 -0.18 -0.01 -0.09 0.00 0.00 0.00 0.00 0.00 0.00 0.00
0 0 0 0 0 0 0 0 0 0 0 0 0 0 0
1.00 -0.13 -0.08 -0.03 -0.10 -0.08 -0.11 -0.03 0.00 0.00 0.00 0.00 0.00 0.00 0.00
0 0 0 0 0 0 0 0 0 0 0 0 0 0 0
