1.00 0.67 0.44 0.26 0.49 0.23 -0.01 0.12 0.00 0.00 0.00 0.00 0.00 0.00 0.00
1.00 -0.36 -0.50 -0.61 -0.25 -0.52 -0.35 -0.17 0.00 0.00 0.00 0.00 0.00 0.00 0.00
1.00 -1.21 -1.02 -0.77 -1.02 -0.80 -0.52 -0.29 0.00 0.00 0.00 0.00 0.00 0.00 0.00
0 0 0 0 0 0 0 0 0 0 0 0 0 0 0
1.00 -1.13 -0.88 -0.69 -0.88 -0.71 -0.41 -0.23 0.00 0.00 0.00 0.00 0.00 0.00 0.00
0 0 0 0 0 0 0 0 0 0 0 0 0 0 0
1.00 -1.13 -0.88 -0.69 -0.88 -0.71 -0.41 -0.23 0.00 0.00 0.00 0.00 0.00 0.00 0.00
0 0 0 0 0 0 0 0 0 0 0 0 0 0 0
1.00 -1.19 -0.79 -0.68 -0.96 -0.78 -0.38 -0.29 0.00 0.00 0.00 0.00 0.00 0.00 0.00
0 0 0 0 0 0 0 0 0 0 0 0 0 0 0
1.00 -0.48 -0.42 -0.30 -0.40 -0.31 -0.22 -0.02 0.00 0.00 0.00 0.00 0.00 0.00 0.00
0 0 0 0 0 0 0 0 0 0 0 0 0 0 0
1.00 -0.41 -0.33 -0.23 -0.22 -0.31 -0.08 -0.04 0.00 0.00 0.00 0.00 0.00 0.00 0.00
0 0 0 0 0 0 0 0 0 0 0 0 0 0 0
1.00 -0.39 -0.20 -0.05 -0.24 -0.23 -0.06 -0.06 0.00 0.00 0.00 0.00 0.00 0.00 0.00
0 0 0 0 0 0 0 0 0 0 0 0 0 0 0
1.00 -0.23 -0.07 -0.06 -0.15 -0.04 -0.08 -0.03 0.00 0.00 0.00 0.00 0.00 0.00 0.00
0 0 0 0 0 0 0 0 0 0 0 0 0 0 0
1.00 -0.02 0.11 -0.09 -0.07 -0.03 -0.04 0.02 0.00 0.00 0.00 0.00 0.00 0.00 0.00
0 0 0 0 0 0 0 0 0 0 0 0 0 0 0
1.00 -0.05 -0.04 0.09 0.02 0.12 -0.03 -0.04 0.00 0.00 0.00 0.00 0.00 0.00 0.00
0 0 0 0 0 0 0 0 0 0 0 0 0 0 0
1.00 0.01 -0.07 0.02 -0.05 -0.02 0.07 -0.00 0.00 0.00 0.00 0.00 0.00 0.00 0.00
0 0 0 0 0 0 0 0 0 0 0 0 0 0 0
