1.00 -0.93 -0.47 -0.21 -0.38 -0.02 0.01 -0.09 0.00 0.00 0.00 0.00 0.00 0.00 0.00
1.00 -0.18 0.05 0.09 0.00 0.07 0.07 0.01 0.00 0.00 0.00 0.00 0.00 0.00 0.00
1.00 1.11 0.63 0.15 0.55 0.10 -0.11 0.12 0.00 0.00 0.00 0.00 0.00 0.00 0.00
0 0 0 0 0 0 0 0 0 0 0 0 0 0 0
1.00 1.45 0.68 0.28 0.64 -0.06 -0.07 0.12 0.00 0.00 0.00 0.00 0.00 0.00 0.00
0 0 0 0 0 0 0 0 0 0 0 0 0 0 0
1.00 1.45 0.68 0.28 0.64 -0.06 -0.07 0.12 0.00 0.00 0.00 0.00 0.00 0.00 0.00
0 0 0 0 0 0 0 0 0 0 0 0 0 0 0
1.00 1.75 1.30 0.82 1.06 0.39 0.18 0.29 0.00 0.00 0.00 0.00 0.00 0.00 0.00
0 0 0 0 0 0 0 0 0 0 0 0 0 0 0
1.00 1.55 1.02 0.79 0.82 0.43 0.22 0.31 0.00 0.00 0.00 0.00 0.00 0.00 0.00
0 0 0 0 0 0 0 0 0 0 0 0 0 0 0
1.00 0.98 0.68 0.23 0.63 0.23 0.16 0.16 0.00 0.00 0.00 0.00 0.00 0.00 0.00
0 0 0 0 0 0 0 0 0 0 0 0 0 0 0
1.00 0.07 -0.33 -0.23 0.11 -0.09 -0.23 -0.07 0.00 0.00 0.00 0.00 0.00 0.00 0.00
0 0 0 0 0 0 0 0 0 0 0 0 0 0 0
1.00 -0.98 -0.57 -0.34 -0.46 -0.01 0.02 -0.13 0.00 0.00 0.00 0.00 0.00 0.00 0.00
0 0 0 0 0 0 0 0 0 0 0 0 0 0 0
1.00 -0.08 -0.01 -0.04 -0.07 0.22 -0.08 0.04 0.00 0.00 0.00 0.00 0.00 0.00 0.00
0 0 0 0 0 0 0 0 0 0 0 0 0 0 0
1.00 -0.39 -0.25 -0.04 0.09 0.01 0.06 -0.09 0.00 0.00 0.00 0.00 0.00 0.00 0.00
0 0 0 0 0 0 0 0 0 0 0 0 0 0 0
1.00 -0.45 -0.28 -0.05 0.04 -0.02 0.05 -0.09 0.00 0.00 0.00 0.00 0.00 0.00 0.00
0 0 0 0 0 0 0 0 0 0 0 0 0 0 0
