1.00 -1.41 -0.01 1.22 -3.28 -1.30 0.56 -0.38 0.00 0.00 0.00 0.00 0.00 0.00 0.00
1.00 1.83 2.64 2.97 0.79 2.99 2.51 0.73 0.00 0.00 0.00 0.00 0.00 0.00 0.00
1.00 4.52 4.64 4.21 6.76 7.51 3.91 1.98 0.00 0.00 0.00 0.00 0.00 0.00 0.00
0 0 0 0 0 0 0 0 0 0 0 0 0 0 0
1.00 4.20 4.11 3.21 6.86 6.85 3.00 1.82 0.00 0.00 0.00 0.00 0.00 0.00 0.00
0 0 0 0 0 0 0 0 0 0 0 0 0 0 0
1.00 4.20 4.11 3.21 6.86 6.85 3.00 1.82 0.00 0.00 0.00 0.00 0.00 0.00 0.00
0 0 0 0 0 0 0 0 0 0 0 0 0 0 0
1.00 3.22 2.75 1.77 5.24 4.43 1.52 1.24 0.00 0.00 0.00 0.00 0.00 0.00 0.00
0 0 0 0 0 0 0 0 0 0 0 0 0 0 0
1.00 3.17 3.24 2.60 5.05 5.11 2.14 1.33 0.00 0.00 0.00 0.00 0.00 0.00 0.00
0 0 0 0 0 0 0 0 0 0 0 0 0 0 0
1.00 1.25 0.95 0.66 1.40 0.92 0.12 0.32 0.00 0.00 0.00 0.00 0.00 0.00 0.00
0 0 0 0 0 0 0 0 0 0 0 0 0 0 0
1.00 0.76 0.53 0.35 0.87 0.43 -0.08 0.17 0.00 0.00 0.00 0.00 0.00 0.00 0.00
0 0 0 0 0 0 0 0 0 0 0 0 0 0 0
1.00 -1.92 -2.51 -3.00 -3.82 -5.03 -3.01 -1.19 0.00 0.00 0.00 0.00 0.00 0.00 0.00
0 0 0 0 0 0 0 0 0 0 0 0 0 0 0
1.00 -5.77 -6.92 -6.68 -8.85 -10.62 -5.62 -2.71 0.00 0.00 0.00 0.00 0.00 0.00 0.00
0 0 0 0 0 0 0 0 0 0 0 0 0 0 0
1.00 -4.24 -4.37 -4.01 -5.61 -6.19 -3.13 -1.73 0.00 0.00 0.00 0.00 0.00 0.00 0.00
0 0 0 0 0 0 0 0 0 0 0 0 0 0 0
1.00 -4.50 -4.36 -3.65 -5.64 -5.82 -2.90 -1.71 0.00 0.00 0.00 0.00 0.00 0.00 0.00
0 0 0 0 0 0 0 0 0 0 0 0 0 0 0
