1.00 1.51 1.92 1.92 0.63 1.16 0.81 0.41 0.00 0.00 0.00 0.00 0.00 0.00 0.00
1.00 1.14 1.34 1.52 0.71 1.10 0.95 0.36 0.00 0.00 0.00 0.00 0.00 0.00 0.00
1.00 0.93 1.23 1.17 0.53 1.11 0.86 0.39 0.00 0.00 0.00 0.00 0.00 0.00 0.00
0 0 0 0 0 0 0 0 0 0 0 0 0 0 0
1.00 0.90 1.04 1.23 0.64 0.84 0.87 0.34 0.00 0.00 0.00 0.00 0.00 0.00 0.00
0 0 0 0 0 0 0 0 0 0 0 0 0 0 0
1.00 0.90 1.04 1.23 0.64 0.84 0.87 0.34 0.00 0.00 0.00 0.00 0.00 0.00 0.00
0 0 0 0 0 0 0 0 0 0 0 0 0 0 0
1.00 0.61 0.48 0.22 0.53 0.43 0.10 0.20 0.00 0.00 0.00 0.00 0.00 0.00 0.00
0 0 0 0 0 0 0 0 0 0 0 0 0 0 0
1.00 -0.06 -0.21 -0.38 -0.05 -0.16 -0.22 0.00 0.00 0.00 0.00 0.00 0.00 0.00 0.00
0 0 0 0 0 0 0 0 0 0 0 0 0 0 0
1.00 -0.52 -0.79 -1.03 -0.47 -0.66 -0.58 -0.25 0.00 0.00 0.00 0.00 0.00 0.00 0.00
0 0 0 0 0 0 0 0 0 0 0 0 0 0 0
1.00 -0.74 -1.01 -1.23 -0.45 -0.91 -0.79 -0.30 0.00 0.00 0.00 0.00 0.00 0.00 0.00
0 0 0 0 0 0 0 0 0 0 0 0 0 0 0
1.00 -0.06 -0.30 -0.36 0.06 -0.21 -0.10 -0.02 0.00 0.00 0.00 0.00 0.00 0.00 0.00
0 0 0 0 0 0 0 0 0 0 0 0 0 0 0
1.00 -0.58 -0.56 -0.65 -0.23 -0.58 -0.56 -0.23 0.00 0.00 0.00 0.00 0.00 0.00 0.00
0 0 0 0 0 0 0 0 0 0 0 0 0 0 0
1.00 -0.70 -0.88 -1.03 -0.48 -0.71 -0.61 -0.32 0.00 0.00 0.00 0.00 0.00 0.00 0.00
0 0 0 0 0 0 0 0 0 0 0 0 0 0 0
1.00 -1.09 -1.61 -1.86 -0.67 -1.10 -1.08 -0.43 0.00 0.00 0.00 0.00 0.00 0.00 0.00
0 0 0 0 0 0 0 0 0 0 0 0 0 0 0
