1.00 1.43 2.33 2.54 0.61 1.48 1.24 0.51 0.00 0.00 0.00 0.00 0.00 0.00 0.00
1.00 1.49 2.02 2.00 0.67 1.37 1.19 0.50 0.00 0.00 0.00 0.00 0.00 0.00 0.00
1.00 0.67 1.20 1.33 0.24 0.77 0.81 0.25 0.00 0.00 0.00 0.00 0.00 0.00 0.00
0 0 0 0 0 0 0 0 0 0 0 0 0 0 0
1.00 0.75 0.88 0.98 0.33 0.75 0.69 0.28 0.00 0.00 0.00 0.00 0.00 0.00 0.00
0 0 0 0 0 0 0 0 0 0 0 0 0 0 0
1.00 0.75 0.88 0.98 0.33 0.75 0.69 0.28 0.00 0.00 0.00 0.00 0.00 0.00 0.00
0 0 0 0 0 0 0 0 0 0 0 0 0 0 0
1.00 0.43 0.38 0.25 0.30 0.37 0.23 0.18 0.00 0.00 0.00 0.00 0.00 0.00 0.00
0 0 0 0 0 0 0 0 0 0 0 0 0 0 0
1.00 0.04 -0.15 -0.33 0.08 0.02 -0.23 0.08 0.00 0.00 0.00 0.00 0.00 0.00 0.00
0 0 0 0 0 0 0 0 0 0 0 0 0 0 0
1.00 0.29 0.37 0.53 0.10 0.35 0.46 0.15 0.00 0.00 0.00 0.00 0.00 0.00 0.00
0 0 0 0 0 0 0 0 0 0 0 0 0 0 0
1.00 0.12 0.05 -0.19 0.13 -0.02 -0.26 0.05 0.00 0.00 0.00 0.00 0.00 0.00 0.00
0 0 0 0 0 0 0 0 0 0 0 0 0 0 0
1.00 -0.27 -0.47 -0.60 -0.20 -0.53 -0.27 -0.17 0.00 0.00 0.00 0.00 0.00 0.00 0.00
0 0 0 0 0 0 0 0 0 0 0 0 0 0 0
1.00 -0.67 -0.78 -1.12 -0.43 -0.61 -0.66 -0.27 0.00 0.00 0.00 0.00 0.00 0.00 0.00
0 0 0 0 0 0 0 0 0 0 0 0 0 0 0
1.00 -1.00 -1.70 -2.08 -0.58 -1.21 -1.25 -0.50 0.00 0.00 0.00 0.00 0.00 0.00 0.00
0 0 0 0 0 0 0 0 0 0 0 0 0 0 0
1.00 -0.56 -0.72 -0.90 -0.23 -0.66 -0.47 -0.21 0.00 0.00 0.00 0.00 0.00 0.00 0.00
0 0 0 0 0 0 0 0 0 0 0 0 0 0 0
