1.00 0.60 1.84 2.33 0.23 1.06 1.20 0.29 0.00 0.00 0.00 0.00 0.00 0.00 0.00
1.00 1.49 1.65 1.71 0.60 1.03 0.83 0.35 0.00 0.00 0.00 0.00 0.00 0.00 0.00
1.00 0.91 1.27 1.41 0.23 0.91 0.71 0.29 0.00 0.00 0.00 0.00 0.00 0.00 0.00
0 0 0 0 0 0 0 0 0 0 0 0 0 0 0
1.00 0.72 1.04 0.97 0.44 0.83 0.68 0.35 0.00 0.00 0.00 0.00 0.00 0.00 0.00
0 0 0 0 0 0 0 0 0 0 0 0 0 0 0
1.00 0.72 1.04 0.97 0.44 0.83 0.68 0.35 0.00 0.00 0.00 0.00 0.00 0.00 0.00
0 0 0 0 0 0 0 0 0 0 0 0 0 0 0
1.00 0.58 0.74 0.77 0.51 0.74 0.52 0.23 0.00 0.00 0.00 0.00 0.00 0.00 0.00
0 0 0 0 0 0 0 0 0 0 0 0 0 0 0
1.00 0.20 0.31 0.25 0.01 0.34 0.23 0.10 0.00 0.00 0.00 0.00 0.00 0.00 0.00
0 0 0 0 0 0 0 0 0 0 0 0 0 0 0
1.00 -0.09 -0.22 -0.32 0.04 -0.23 -0.19 -0.00 0.00 0.00 0.00 0.00 0.00 0.00 0.00
0 0 0 0 0 0 0 0 0 0 0 0 0 0 0
1.00 -0.41 -0.63 -0.84 -0.17 -0.59 -0.47 -0.21 0.00 0.00 0.00 0.00 0.00 0.00 0.00
0 0 0 0 0 0 0 0 0 0 0 0 0 0 0
1.00 -0.48 -0.94 -1.07 -0.32 -0.68 -0.59 -0.21 0.00 0.00 0.00 0.00 0.00 0.00 0.00
0 0 0 0 0 0 0 0 0 0 0 0 0 0 0
1.00 0.15 0.09 -0.06 -0.07 -0.03 -0.18 0.00 0.00 0.00 0.00 0.00 0.00 0.00 0.00
0 0 0 0 0 0 0 0 0 0 0 0 0 0 0
1.00 -0.30 -0.41 -0.77 -0.18 -0.38 -0.49 -0.19 0.00 0.00 0.00 0.00 0.00 0.00 0.00
0 0 0 0 0 0 0 0 0 0 0 0 0 0 0
1.00 -0.75 -1.35 -1.67 -0.40 -0.99 -0.88 -0.33 0.00 0.00 0.00 0.00 0.00 0.00 0.00
0 0 0 0 0 0 0 0 0 0 0 0 0 0 0
