1.00 -0.78 -0.54 -0.39 -0.72 -0.37 -0.19 -0.14 0.00 0.00 0.00 0.00 0.00 0.00 0.00
1.00 -0.66 -0.32 -0.22 -0.41 -0.54 -0.22 -0.05 0.00 0.00 0.00 0.00 0.00 0.00 0.00
1.00 -0.18 -0.31 -0.08 -0.09 -0.17 -0.09 -0.05 0.00 0.00 0.00 0.00 0.00 0.00 0.00
0 0 0 0 0 0 0 0 0 0 0 0 0 0 0
1.00 -0.33 -0.16 -0.13 -0.15 -0.19 -0.07 -0.02 0.00 0.00 0.00 0.00 0.00 0.00 0.00
0 0 0 0 0 0 0 0 0 0 0 0 0 0 0
1.00 -0.33 -0.16 -0.13 -0.15 -0.19 -0.07 -0.02 0.00 0.00 0.00 0.00 0.00 0.00 0.00
0 0 0 0 0 0 0 0 0 0 0 0 0 0 0
1.00 -0.46 -0.18 0.02 -0.28 -0.07 -0.02 -0.08 0.00 0.00 0.00 0.00 0.00 0.00 0.00
0 0 0 0 0 0 0 0 0 0 0 0 0 0 0
1.00 0.01 -0.18 -0.16 -0.07 -0.26 -0.12 -0.06 0.00 0.00 0.00 0.00 0.00 0.00 0.00
0 0 0 0 0 0 0 0 0 0 0 0 0 0 0
1.00 -0.10 -0.08 -0.26 -0.17 -0.14 -0.21 -0.06 0.00 0.00 0.00 0.00 0.00 0.00 0.00
0 0 0 0 0 0 0 0 0 0 0 0 0 0 0
1.00 -0.10 -0.23 -0.29 -0.08 -0.20 -0.10 -0.08 0.00 0.00 0.00 0.00 0.00 0.00 0.00
0 0 0 0 0 0 0 0 0 0 0 0 0 0 0
1.00 -0.14 -0.11 -0.22 -0.13 -0.02 -0.05 -0.01 0.00 0.00 0.00 0.00 0.00 0.00 0.00
0 0 0 0 0 0 0 0 0 0 0 0 0 0 0
1.00 0.12 -0.03 0.06 0.16 -0.11 0.01 -0.05 0.00 0.00 0.00 0.00 0.00 0.00 0.00
0 0 0 0 0 0 0 0 0 0 0 0 0 0 0
1.00 0.22 -0.01 -0.11 0.05 -0.09 0.04 -0.01 0.00 0.00 0.00 0.00 0.00 0.00 0.00
0 0 0 0 0 0 0 0 0 0 0 0 0 0 0
1.00 0.22 -0.03 0.03 0.03 0.01 0.07 0.04 0.00 0.00 0.00 0.00 0.00 0.00 0.00
0 0 0 0 0 0 0 0 0 0 0 0 0 0 0
