1.00 1.43 1.50 1.38 1.02 1.19 0.68 0.42 0.00 0.00 0.00 0.00 0.00 0.00 0.00
1.00 1.14 0.97 0.80 0.97 0.79 0.38 0.28 0.00 0.00 0.00 0.00 0.00 0.00 0.00
1.00 0.16 0.19 0.12 0.14 0.20 0.13 0.06 0.00 0.00 0.00 0.00 0.00 0.00 0.00
0 0 0 0 0 0 0 0 0 0 0 0 0 0 0
1.00 -0.87 -0.74 -0.81 -0.56 -0.63 -0.37 -0.20 0.00 0.00 0.00 0.00 0.00 0.00 0.00
0 0 0 0 0 0 0 0 0 0 0 0 0 0 0
1.00 -0.87 -0.74 -0.81 -0.56 -0.63 -0.37 -0.20 0.00 0.00 0.00 0.00 0.00 0.00 0.00
0 0 0 0 0 0 0 0 0 0 0 0 0 0 0
1.00 -1.17 -0.99 -0.68 -0.69 -0.77 -0.33 -0.21 0.00 0.00 0.00 0.00 0.00 0.00 0.00
0 0 0 0 0 0 0 0 0 0 0 0 0 0 0
1.00 -1.28 -1.04 -0.75 -0.96 -0.83 -0.50 -0.22 0.00 0.00 0.00 0.00 0.00 0.00 0.00
0 0 0 0 0 0 0 0 0 0 0 0 0 0 0
1.00 -0.77 -0.52 -0.37 -0.58 -0.44 -0.15 -0.13 0.00 0.00 0.00 0.00 0.00 0.00 0.00
0 0 0 0 0 0 0 0 0 0 0 0 0 0 0
1.00 -0.69 -0.47 -0.34 -0.52 -0.39 -0.13 -0.12 0.00 0.00 0.00 0.00 0.00 0.00 0.00
0 0 0 0 0 0 0 0 0 0 0 0 0 0 0
1.00 -0.59 -0.36 -0.29 -0.41 -0.31 -0.12 -0.15 0.00 0.00 0.00 0.00 0.00 0.00 0.00
0 0 0 0 0 0 0 0 0 0 0 0 0 0 0
1.00 -0.44 -0.42 -0.33 -0.36 -0.34 -0.35 -0.15 0.00 0.00 0.00 0.00 0.00 0.00 0.00
0 0 0 0 0 0 0 0 0 0 0 0 0 0 0
1.00 -0.40 -0.17 -0.18 -0.25 -0.07 -0.08 -0.12 0.00 0.00 0.00 0.00 0.00 0.00 0.00
0 0 0 0 0 0 0 0 0 0 0 0 0 0 0
1.00 -0.13 -0.14 -0.10 0.02 -0.03 -0.07 -0.04 0.00 0.00 0.00 0.00 0.00 0.00 0.00
0 0 0 0 0 0 0 0 0 0 0 0 0 0 0
