1.00 -0.39 0.35 1.32 -0.19 0.13 0.64 -0.08 0.00 0.00 0.00 0.00 0.00 0.00 0.00
1.00 0.95 1.81 2.09 0.34 0.88 1.14 0.29 0.00 0.00 0.00 0.00 0.00 0.00 0.00
1.00 1.06 1.38 1.43 0.36 0.93 0.82 0.34 0.00 0.00 0.00 0.00 0.00 0.00 0.00
0 0 0 0 0 0 0 0 0 0 0 0 0 0 0
1.00 0.91 1.30 1.40 0.45 0.97 0.94 0.36 0.00 0.00 0.00 0.00 0.00 0.00 0.00
0 0 0 0 0 0 0 0 0 0 0 0 0 0 0
1.00 0.91 1.30 1.40 0.45 0.97 0.94 0.36 0.00 0.00 0.00 0.00 0.00 0.00 0.00
0 0 0 0 0 0 0 0 0 0 0 0 0 0 0
1.00 0.97 1.07 0.96 0.44 0.99 0.63 0.41 0.00 0.00 0.00 0.00 0.00 0.00 0.00
0 0 0 0 0 0 0 0 0 0 0 0 0 0 0
1.00 0.74 0.91 0.78 0.43 0.84 0.51 0.36 0.00 0.00 0.00 0.00 0.00 0.00 0.00
0 0 0 0 0 0 0 0 0 0 0 0 0 0 0
1.00 0.29 0.09 -0.08 0.15 0.05 0.08 0.11 0.00 0.00 0.00 0.00 0.00 0.00 0.00
0 0 0 0 0 0 0 0 0 0 0 0 0 0 0
1.00 -0.26 -0.65 -0.91 -0.10 -0.58 -0.62 -0.18 0.00 0.00 0.00 0.00 0.00 0.00 0.00
0 0 0 0 0 0 0 0 0 0 0 0 0 0 0
1.00 -0.74 -1.30 -1.60 -0.47 -1.01 -0.95 -0.34 0.00 0.00 0.00 0.00 0.00 0.00 0.00
0 0 0 0 0 0 0 0 0 0 0 0 0 0 0
1.00 0.25 0.12 0.06 0.04 0.05 0.05 0.05 0.00 0.00 0.00 0.00 0.00 0.00 0.00
0 0 0 0 0 0 0 0 0 0 0 0 0 0 0
1.00 -0.11 -0.06 -0.13 -0.03 -0.21 -0.17 -0.07 0.00 0.00 0.00 0.00 0.00 0.00 0.00
0 0 0 0 0 0 0 0 0 0 0 0 0 0 0
1.00 -0.76 -1.19 -1.51 -0.50 -0.93 -0.83 -0.33 0.00 0.00 0.00 0.00 0.00 0.00 0.00
0 0 0 0 0 0 0 0 0 0 0 0 0 0 0
