1.00 -0.67 0.86 1.75 -2.27 -0.12 0.98 -0.05 0.00 0.00 0.00 0.00 0.00 0.00 0.00
1.00 2.21 3.10 3.21 1.77 3.70 2.49 0.91 0.00 0.00 0.00 0.00 0.00 0.00 0.00
1.00 3.42 3.92 3.56 4.56 5.58 3.26 1.52 0.00 0.00 0.00 0.00 0.00 0.00 0.00
0 0 0 0 0 0 0 0 0 0 0 0 0 0 0
1.00 3.77 3.54 3.06 5.70 5.78 2.84 1.57 0.00 0.00 0.00 0.00 0.00 0.00 0.00
0 0 0 0 0 0 0 0 0 0 0 0 0 0 0
1.00 3.77 3.54 3.06 5.70 5.78 2.84 1.57 0.00 0.00 0.00 0.00 0.00 0.00 0.00
0 0 0 0 0 0 0 0 0 0 0 0 0 0 0
1.00 3.07 2.40 1.51 5.08 4.11 1.41 1.18 0.00 0.00 0.00 0.00 0.00 0.00 0.00
0 0 0 0 0 0 0 0 0 0 0 0 0 0 0
1.00 4.04 4.02 3.11 6.37 6.14 2.83 1.68 0.00 0.00 0.00 0.00 0.00 0.00 0.00
0 0 0 0 0 0 0 0 0 0 0 0 0 0 0
1.00 2.22 1.76 0.97 2.78 1.94 0.28 0.64 0.00 0.00 0.00 0.00 0.00 0.00 0.00
0 0 0 0 0 0 0 0 0 0 0 0 0 0 0
1.00 -0.52 -1.15 -1.72 -1.92 -3.02 -2.04 -0.65 0.00 0.00 0.00 0.00 0.00 0.00 0.00
0 0 0 0 0 0 0 0 0 0 0 0 0 0 0
1.00 -3.45 -4.21 -4.19 -5.73 -6.94 -3.84 -1.82 0.00 0.00 0.00 0.00 0.00 0.00 0.00
0 0 0 0 0 0 0 0 0 0 0 0 0 0 0
1.00 -6.31 -6.97 -6.13 -8.33 -9.34 -4.88 -2.60 0.00 0.00 0.00 0.00 0.00 0.00 0.00
0 0 0 0 0 0 0 0 0 0 0 0 0 0 0
1.00 -3.46 -3.17 -2.84 -4.09 -4.31 -2.25 -1.24 0.00 0.00 0.00 0.00 0.00 0.00 0.00
0 0 0 0 0 0 0 0 0 0 0 0 0 0 0
1.00 -2.81 -2.56 -2.37 -3.43 -3.66 -1.94 -1.04 0.00 0.00 0.00 0.00 0.00 0.00 0.00
0 0 0 0 0 0 0 0 0 0 0 0 0 0 0
