1.00 -0.38 0.97 1.97 -0.31 0.44 0.86 0.04 0.00 0.00 0.00 0.00 0.00 0.00 0.00
1.00 1.40 2.05 2.03 0.47 1.32 1.06 0.41 0.00 0.00 0.00 0.00 0.00 0.00 0.00
1.00 1.29 1.67 1.99 0.60 1.29 1.28 0.49 0.00 0.00 0.00 0.00 0.00 0.00 0.00
0 0 0 0 0 0 0 0 0 0 0 0 0 0 0
1.00 1.42 1.82 1.73 0.86 1.50 1.13 0.56 0.00 0.00 0.00 0.00 0.00 0.00 0.00
0 0 0 0 0 0 0 0 0 0 0 0 0 0 0
1.00 1.42 1.82 1.73 0.86 1.50 1.13 0.56 0.00 0.00 0.00 0.00 0.00 0.00 0.00
0 0 0 0 0 0 0 0 0 0 0 0 0 0 0
1.00 1.29 1.68 1.69 0.73 1.42 1.12 0.54 0.00 0.00 0.00 0.00 0.00 0.00 0.00
0 0 0 0 0 0 0 0 0 0 0 0 0 0 0
1.00 1.09 1.41 1.39 0.62 1.22 0.95 0.47 0.00 0.00 0.00 0.00 0.00 0.00 0.00
0 0 0 0 0 0 0 0 0 0 0 0 0 0 0
1.00 0.53 0.46 0.32 0.32 0.45 0.21 0.21 0.00 0.00 0.00 0.00 0.00 0.00 0.00
0 0 0 0 0 0 0 0 0 0 0 0 0 0 0
1.00 -0.07 -0.43 -0.54 -0.07 -0.27 -0.27 -0.08 0.00 0.00 0.00 0.00 0.00 0.00 0.00
0 0 0 0 0 0 0 0 0 0 0 0 0 0 0
1.00 -0.49 -1.00 -1.28 -0.21 -0.84 -0.89 -0.30 0.00 0.00 0.00 0.00 0.00 0.00 0.00
0 0 0 0 0 0 0 0 0 0 0 0 0 0 0
1.00 -1.24 -1.66 -1.87 -0.70 -1.35 -1.18 -0.49 0.00 0.00 0.00 0.00 0.00 0.00 0.00
0 0 0 0 0 0 0 0 0 0 0 0 0 0 0
1.00 -0.31 -0.47 -0.88 -0.18 -0.66 -0.54 -0.24 0.00 0.00 0.00 0.00 0.00 0.00 0.00
0 0 0 0 0 0 0 0 0 0 0 0 0 0 0
1.00 -0.88 -1.23 -1.61 -0.59 -0.96 -0.99 -0.37 0.00 0.00 0.00 0.00 0.00 0.00 0.00
0 0 0 0 0 0 0 0 0 0 0 0 0 0 0
