1.00 -3.17 -1.57 0.12 -4.74 -3.42 -0.39 -1.01 0.00 0.00 0.00 0.00 0.00 0.00 0.00
1.00 0.65 1.98 2.68 -1.04 1.40 1.80 0.41 0.00 0.00 0.00 0.00 0.00 0.00 0.00
1.00 2.95 3.61 3.42 3.18 4.37 2.65 1.27 0.00 0.00 0.00 0.00 0.00 0.00 0.00
0 0 0 0 0 0 0 0 0 0 0 0 0 0 0
1.00 3.54 3.63 3.38 4.72 5.56 2.88 1.46 0.00 0.00 0.00 0.00 0.00 0.00 0.00
0 0 0 0 0 0 0 0 0 0 0 0 0 0 0
1.00 3.54 3.63 3.38 4.72 5.56 2.88 1.46 0.00 0.00 0.00 0.00 0.00 0.00 0.00
0 0 0 0 0 0 0 0 0 0 0 0 0 0 0
1.00 3.65 3.39 2.86 5.71 5.46 2.65 1.44 0.00 0.00 0.00 0.00 0.00 0.00 0.00
0 0 0 0 0 0 0 0 0 0 0 0 0 0 0
1.00 3.00 2.35 1.50 4.97 4.11 1.47 1.19 0.00 0.00 0.00 0.00 0.00 0.00 0.00
0 0 0 0 0 0 0 0 0 0 0 0 0 0 0
1.00 2.52 2.26 1.80 4.37 3.82 1.53 1.01 0.00 0.00 0.00 0.00 0.00 0.00 0.00
0 0 0 0 0 0 0 0 0 0 0 0 0 0 0
1.00 0.49 0.11 -0.59 1.00 -0.24 -0.73 -0.01 0.00 0.00 0.00 0.00 0.00 0.00 0.00
0 0 0 0 0 0 0 0 0 0 0 0 0 0 0
1.00 -5.30 -6.72 -7.14 -8.88 -10.88 -6.44 -2.82 0.00 0.00 0.00 0.00 0.00 0.00 0.00
0 0 0 0 0 0 0 0 0 0 0 0 0 0 0
1.00 -2.67 -3.79 -4.22 -4.61 -5.93 -3.53 -1.50 0.00 0.00 0.00 0.00 0.00 0.00 0.00
0 0 0 0 0 0 0 0 0 0 0 0 0 0 0
1.00 -4.44 -4.17 -3.69 -5.57 -5.72 -3.06 -1.67 0.00 0.00 0.00 0.00 0.00 0.00 0.00
0 0 0 0 0 0 0 0 0 0 0 0 0 0 0
1.00 -4.03 -3.72 -3.26 -5.04 -5.09 -2.69 -1.50 0.00 0.00 0.00 0.00 0.00 0.00 0.00
0 0 0 0 0 0 0 0 0 0 0 0 0 0 0
