1.00 1.36 2.47 2.85 0.45 1.66 1.61 0.49 0.00 0.00 0.00 0.00 0.00 0.00 0.00
1.00 1.67 2.06 1.96 0.71 1.31 1.19 0.52 0.00 0.00 0.00 0.00 0.00 0.00 0.00
1.00 0.77 1.12 1.35 0.24 0.80 0.86 0.32 0.00 0.00 0.00 0.00 0.00 0.00 0.00
0 0 0 0 0 0 0 0 0 0 0 0 0 0 0
1.00 0.64 0.81 0.87 0.36 0.68 0.47 0.26 0.00 0.00 0.00 0.00 0.00 0.00 0.00
0 0 0 0 0 0 0 0 0 0 0 0 0 0 0
1.00 0.64 0.81 0.87 0.36 0.68 0.47 0.26 0.00 0.00 0.00 0.00 0.00 0.00 0.00
0 0 0 0 0 0 0 0 0 0 0 0 0 0 0
1.00 0.27 0.38 0.21 0.16 0.23 0.13 0.13 0.00 0.00 0.00 0.00 0.00 0.00 0.00
0 0 0 0 0 0 0 0 0 0 0 0 0 0 0
1.00 0.21 -0.06 -0.15 0.19 -0.01 0.02 0.02 0.00 0.00 0.00 0.00 0.00 0.00 0.00
0 0 0 0 0 0 0 0 0 0 0 0 0 0 0
1.00 -0.18 -0.44 -0.69 -0.04 -0.28 -0.31 -0.03 0.00 0.00 0.00 0.00 0.00 0.00 0.00
0 0 0 0 0 0 0 0 0 0 0 0 0 0 0
1.00 0.39 0.39 0.25 0.22 0.38 0.14 0.19 0.00 0.00 0.00 0.00 0.00 0.00 0.00
0 0 0 0 0 0 0 0 0 0 0 0 0 0 0
1.00 -0.13 -0.17 -0.37 -0.06 -0.30 -0.23 -0.09 0.00 0.00 0.00 0.00 0.00 0.00 0.00
0 0 0 0 0 0 0 0 0 0 0 0 0 0 0
1.00 -0.50 -0.67 -0.90 -0.31 -0.75 -0.55 -0.26 0.00 0.00 0.00 0.00 0.00 0.00 0.00
0 0 0 0 0 0 0 0 0 0 0 0 0 0 0
1.00 -0.69 -1.32 -1.65 -0.36 -0.98 -1.01 -0.39 0.00 0.00 0.00 0.00 0.00 0.00 0.00
0 0 0 0 0 0 0 0 0 0 0 0 0 0 0
1.00 -1.14 -1.83 -2.19 -0.44 -1.15 -1.24 -0.40 0.00 0.00 0.00 0.00 0.00 0.00 0.00
0 0 0 0 0 0 0 0 0 0 0 0 0 0 0
