1.00 -0.08 -0.02 -0.24 -0.15 -0.01 -0.11 0.06 0.00 0.00 0.00 0.00 0.00 0.00 0.00
1.00 0.50 -0.02 -0.31 0.04 -0.57 -0.40 -0.05 0.00 0.00 0.00 0.00 0.00 0.00 0.00
1.00 0.81 0.47 0.32 0.28 -0.26 -0.01 0.01 0.00 0.00 0.00 0.00 0.00 0.00 0.00
0 0 0 0 0 0 0 0 0 0 0 0 0 0 0
1.00 1.58 1.37 1.06 0.91 0.67 0.38 0.29 0.00 0.00 0.00 0.00 0.00 0.00 0.00
0 0 0 0 0 0 0 0 0 0 0 0 0 0 0
1.00 1.58 1.37 1.06 0.91 0.67 0.38 0.29 0.00 0.00 0.00 0.00 0.00 0.00 0.00
0 0 0 0 0 0 0 0 0 0 0 0 0 0 0
1.00 1.79 1.19 0.88 1.19 0.79 0.44 0.33 0.00 0.00 0.00 0.00 0.00 0.00 0.00
0 0 0 0 0 0 0 0 0 0 0 0 0 0 0
1.00 1.41 0.95 0.45 0.93 0.45 0.16 0.23 0.00 0.00 0.00 0.00 0.00 0.00 0.00
0 0 0 0 0 0 0 0 0 0 0 0 0 0 0
1.00 0.27 0.08 -0.03 0.30 0.26 0.19 0.05 0.00 0.00 0.00 0.00 0.00 0.00 0.00
0 0 0 0 0 0 0 0 0 0 0 0 0 0 0
1.00 -0.56 -0.32 -0.13 -0.15 0.23 0.02 -0.05 0.00 0.00 0.00 0.00 0.00 0.00 0.00
0 0 0 0 0 0 0 0 0 0 0 0 0 0 0
1.00 -0.86 -0.53 -0.26 -0.33 0.12 -0.03 -0.10 0.00 0.00 0.00 0.00 0.00 0.00 0.00
0 0 0 0 0 0 0 0 0 0 0 0 0 0 0
1.00 0.02 0.18 0.19 0.46 0.48 0.26 0.03 0.00 0.00 0.00 0.00 0.00 0.00 0.00
0 0 0 0 0 0 0 0 0 0 0 0 0 0 0
1.00 -0.34 -0.35 -0.41 -0.09 0.01 -0.16 -0.07 0.00 0.00 0.00 0.00 0.00 0.00 0.00
0 0 0 0 0 0 0 0 0 0 0 0 0 0 0
1.00 -1.64 -1.12 -0.92 -0.96 -0.55 -0.40 -0.28 0.00 0.00 0.00 0.00 0.00 0.00 0.00
0 0 0 0 0 0 0 0 0 0 0 0 0 0 0
