1.00 -0.46 -0.43 -0.44 -0.37 -0.20 -0.21 -0.12 0.00 0.00 0.00 0.00 0.00 0.00 0.00
1.00 1.17 1.00 0.64 0.52 0.38 0.25 0.26 0.00 0.00 0.00 0.00 0.00 0.00 0.00
1.00 2.97 2.33 1.79 1.41 0.81 0.79 0.51 0.00 0.00 0.00 0.00 0.00 0.00 0.00
0 0 0 0 0 0 0 0 0 0 0 0 0 0 0
1.00 1.69 1.28 1.24 0.78 0.34 0.45 0.28 0.00 0.00 0.00 0.00 0.00 0.00 0.00
0 0 0 0 0 0 0 0 0 0 0 0 0 0 0
1.00 1.69 1.28 1.24 0.78 0.34 0.45 0.28 0.00 0.00 0.00 0.00 0.00 0.00 0.00
0 0 0 0 0 0 0 0 0 0 0 0 0 0 0
1.00 2.12 1.87 1.37 1.09 0.98 0.79 0.50 0.00 0.00 0.00 0.00 0.00 0.00 0.00
0 0 0 0 0 0 0 0 0 0 0 0 0 0 0
1.00 1.87 1.58 1.20 1.17 1.00 0.56 0.42 0.00 0.00 0.00 0.00 0.00 0.00 0.00
0 0 0 0 0 0 0 0 0 0 0 0 0 0 0
1.00 1.08 0.82 0.52 0.70 0.68 0.42 0.25 0.00 0.00 0.00 0.00 0.00 0.00 0.00
0 0 0 0 0 0 0 0 0 0 0 0 0 0 0
1.00 -0.04 -0.16 -0.03 0.11 0.31 0.24 0.00 0.00 0.00 0.00 0.00 0.00 0.00 0.00
0 0 0 0 0 0 0 0 0 0 0 0 0 0 0
1.00 0.22 0.15 0.07 0.22 0.41 0.17 0.14 0.00 0.00 0.00 0.00 0.00 0.00 0.00
0 0 0 0 0 0 0 0 0 0 0 0 0 0 0
1.00 -0.54 -0.43 -0.50 -0.07 0.15 -0.20 -0.03 0.00 0.00 0.00 0.00 0.00 0.00 0.00
0 0 0 0 0 0 0 0 0 0 0 0 0 0 0
1.00 -1.26 -1.05 -0.83 -0.44 -0.27 -0.52 -0.23 0.00 0.00 0.00 0.00 0.00 0.00 0.00
0 0 0 0 0 0 0 0 0 0 0 0 0 0 0
1.00 -2.33 -1.90 -1.29 -1.01 -0.99 -0.61 -0.53 0.00 0.00 0.00 0.00 0.00 0.00 0.00
0 0 0 0 0 0 0 0 0 0 0 0 0 0 0
