1.00 2.07 3.34 3.77 1.55 3.62 2.76 0.97 0.00 0.00 0.00 0.00 0.00 0.00 0.00
1.00 1.31 2.47 2.93 0.56 2.41 2.07 0.64 0.00 0.00 0.00 0.00 0.00 0.00 0.00
1.00 3.02 3.63 3.39 3.73 4.91 2.84 1.30 0.00 0.00 0.00 0.00 0.00 0.00 0.00
0 0 0 0 0 0 0 0 0 0 0 0 0 0 0
1.00 3.47 3.59 3.11 5.17 5.48 2.84 1.56 0.00 0.00 0.00 0.00 0.00 0.00 0.00
0 0 0 0 0 0 0 0 0 0 0 0 0 0 0
1.00 3.47 3.59 3.11 5.17 5.48 2.84 1.56 0.00 0.00 0.00 0.00 0.00 0.00 0.00
0 0 0 0 0 0 0 0 0 0 0 0 0 0 0
1.00 3.37 2.74 2.07 5.47 4.76 1.87 1.26 0.00 0.00 0.00 0.00 0.00 0.00 0.00
0 0 0 0 0 0 0 0 0 0 0 0 0 0 0
1.00 4.04 4.04 3.42 6.64 6.73 3.01 1.78 0.00 0.00 0.00 0.00 0.00 0.00 0.00
0 0 0 0 0 0 0 0 0 0 0 0 0 0 0
1.00 2.27 1.85 1.26 3.41 2.59 0.86 0.67 0.00 0.00 0.00 0.00 0.00 0.00 0.00
0 0 0 0 0 0 0 0 0 0 0 0 0 0 0
1.00 -0.03 -0.60 -1.00 -0.76 -1.91 -1.47 -0.40 0.00 0.00 0.00 0.00 0.00 0.00 0.00
0 0 0 0 0 0 0 0 0 0 0 0 0 0 0
1.00 -2.88 -3.40 -3.79 -5.14 -6.06 -3.56 -1.54 0.00 0.00 0.00 0.00 0.00 0.00 0.00
0 0 0 0 0 0 0 0 0 0 0 0 0 0 0
1.00 -6.18 -7.07 -6.82 -8.75 -10.03 -5.52 -2.71 0.00 0.00 0.00 0.00 0.00 0.00 0.00
0 0 0 0 0 0 0 0 0 0 0 0 0 0 0
1.00 -3.84 -4.07 -3.49 -4.93 -5.29 -2.79 -1.52 0.00 0.00 0.00 0.00 0.00 0.00 0.00
0 0 0 0 0 0 0 0 0 0 0 0 0 0 0
1.00 -3.62 -3.61 -3.09 -4.36 -4.60 -2.36 -1.28 0.00 0.00 0.00 0.00 0.00 0.00 0.00
0 0 0 0 0 0 0 0 0 0 0 0 0 0 0
