1.00 -0.70 -0.43 -0.40 -0.16 -0.23 -0.22 -0.11 0.00 0.00 0.00 0.00 0.00 0.00 0.00
1.00 -0.69 -0.51 -0.32 -0.54 -0.44 -0.19 -0.20 0.00 0.00 0.00 0.00 0.00 0.00 0.00
1.00 -0.58 -0.57 -0.39 -0.35 -0.38 -0.22 -0.09 0.00 0.00 0.00 0.00 0.00 0.00 0.00
0 0 0 0 0 0 0 0 0 0 0 0 0 0 0
1.00 -0.73 -0.51 -0.50 -0.54 -0.37 -0.16 -0.16 0.00 0.00 0.00 0.00 0.00 0.00 0.00
0 0 0 0 0 0 0 0 0 0 0 0 0 0 0
1.00 -0.73 -0.51 -0.50 -0.54 -0.37 -0.16 -0.16 0.00 0.00 0.00 0.00 0.00 0.00 0.00
0 0 0 0 0 0 0 0 0 0 0 0 0 0 0
1.00 -0.26 -0.24 -0.21 -0.19 -0.22 -0.15 -0.03 0.00 0.00 0.00 0.00 0.00 0.00 0.00
0 0 0 0 0 0 0 0 0 0 0 0 0 0 0
1.00 -0.39 -0.32 -0.12 -0.18 -0.21 0.05 -0.09 0.00 0.00 0.00 0.00 0.00 0.00 0.00
0 0 0 0 0 0 0 0 0 0 0 0 0 0 0
1.00 -0.23 -0.16 -0.15 -0.10 -0.04 0.05 0.02 0.00 0.00 0.00 0.00 0.00 0.00 0.00
0 0 0 0 0 0 0 0 0 0 0 0 0 0 0
1.00 -0.15 -0.11 -0.10 -0.05 -0.00 0.07 0.03 0.00 0.00 0.00 0.00 0.00 0.00 0.00
0 0 0 0 0 0 0 0 0 0 0 0 0 0 0
1.00 -0.02 0.05 -0.04 -0.07 -0.07 -0.03 0.01 0.00 0.00 0.00 0.00 0.00 0.00 0.00
0 0 0 0 0 0 0 0 0 0 0 0 0 0 0
1.00 0.06 0.02 -0.00 0.08 -0.01 0.02 -0.01 0.00 0.00 0.00 0.00 0.00 0.00 0.00
0 0 0 0 0 0 0 0 0 0 0 0 0 0 0
1.00 -0.03 0.01 0.11 -0.01 -0.01 0.12 -0.03 0.00 0.00 0.00 0.00 0.00 0.00 0.00
0 0 0 0 0 0 0 0 0 0 0 0 0 0 0
1.00 -0.06 0.06 -0.03 0.11 0.06 -0.01 0.03 0.00 0.00 0.00 0.00 0.00 0.00 0.00
0 0 0 0 0 0 0 0 0 0 0 0 0 0 0
