1.00 1.63 2.31 2.07 0.52 1.50 1.06 0.50 0.00 0.00 0.00 0.00 0.00 0.00 0.00
1.00 1.38 1.96 1.94 0.48 1.29 1.13 0.43 0.00 0.00 0.00 0.00 0.00 0.00 0.00
1.00 1.00 1.51 1.53 0.41 1.17 0.84 0.36 0.00 0.00 0.00 0.00 0.00 0.00 0.00
0 0 0 0 0 0 0 0 0 0 0 0 0 0 0
1.00 0.91 0.96 0.88 0.50 0.84 0.58 0.33 0.00 0.00 0.00 0.00 0.00 0.00 0.00
0 0 0 0 0 0 0 0 0 0 0 0 0 0 0
1.00 0.91 0.96 0.88 0.50 0.84 0.58 0.33 0.00 0.00 0.00 0.00 0.00 0.00 0.00
0 0 0 0 0 0 0 0 0 0 0 0 0 0 0
1.00 0.28 0.30 0.30 0.20 0.23 0.11 0.12 0.00 0.00 0.00 0.00 0.00 0.00 0.00
0 0 0 0 0 0 0 0 0 0 0 0 0 0 0
1.00 0.07 -0.41 -0.60 0.02 -0.39 -0.35 -0.07 0.00 0.00 0.00 0.00 0.00 0.00 0.00
0 0 0 0 0 0 0 0 0 0 0 0 0 0 0
1.00 -0.61 -0.89 -1.06 -0.36 -0.77 -0.66 -0.23 0.00 0.00 0.00 0.00 0.00 0.00 0.00
0 0 0 0 0 0 0 0 0 0 0 0 0 0 0
1.00 0.14 0.26 0.16 -0.15 -0.03 0.16 0.03 0.00 0.00 0.00 0.00 0.00 0.00 0.00
0 0 0 0 0 0 0 0 0 0 0 0 0 0 0
1.00 -0.03 -0.06 -0.33 -0.02 -0.19 -0.31 -0.04 0.00 0.00 0.00 0.00 0.00 0.00 0.00
0 0 0 0 0 0 0 0 0 0 0 0 0 0 0
1.00 -0.53 -0.99 -1.08 -0.23 -0.73 -0.73 -0.20 0.00 0.00 0.00 0.00 0.00 0.00 0.00
0 0 0 0 0 0 0 0 0 0 0 0 0 0 0
1.00 -0.92 -1.45 -1.66 -0.35 -0.92 -0.84 -0.35 0.00 0.00 0.00 0.00 0.00 0.00 0.00
0 0 0 0 0 0 0 0 0 0 0 0 0 0 0
1.00 -1.07 -1.72 -2.04 -0.40 -1.11 -1.08 -0.40 0.00 0.00 0.00 0.00 0.00 0.00 0.00
0 0 0 0 0 0 0 0 0 0 0 0 0 0 0
