1.00 0.55 2.28 3.28 -0.96 2.05 2.35 0.51 0.00 0.00 0.00 0.00 0.00 0.00 0.00
1.00 3.25 4.04 3.85 3.29 5.17 3.21 1.45 0.00 0.00 0.00 0.00 0.00 0.00 0.00
1.00 3.80 3.98 3.78 5.09 5.66 3.17 1.57 0.00 0.00 0.00 0.00 0.00 0.00 0.00
0 0 0 0 0 0 0 0 0 0 0 0 0 0 0
1.00 3.42 3.21 2.52 5.22 5.03 2.09 1.36 0.00 0.00 0.00 0.00 0.00 0.00 0.00
0 0 0 0 0 0 0 0 0 0 0 0 0 0 0
1.00 3.42 3.21 2.52 5.22 5.03 2.09 1.36 0.00 0.00 0.00 0.00 0.00 0.00 0.00
0 0 0 0 0 0 0 0 0 0 0 0 0 0 0
1.00 2.17 1.60 1.06 3.34 2.75 0.94 0.75 0.00 0.00 0.00 0.00 0.00 0.00 0.00
0 0 0 0 0 0 0 0 0 0 0 0 0 0 0
1.00 0.39 -0.24 -0.99 0.55 -0.55 -1.01 -0.15 0.00 0.00 0.00 0.00 0.00 0.00 0.00
0 0 0 0 0 0 0 0 0 0 0 0 0 0 0
1.00 2.86 2.54 1.87 3.54 2.91 1.09 0.88 0.00 0.00 0.00 0.00 0.00 0.00 0.00
0 0 0 0 0 0 0 0 0 0 0 0 0 0 0
1.00 1.00 0.32 -0.32 0.10 -0.84 -0.84 -0.07 0.00 0.00 0.00 0.00 0.00 0.00 0.00
0 0 0 0 0 0 0 0 0 0 0 0 0 0 0
1.00 -1.96 -2.99 -3.36 -3.62 -5.10 -2.94 -1.15 0.00 0.00 0.00 0.00 0.00 0.00 0.00
0 0 0 0 0 0 0 0 0 0 0 0 0 0 0
1.00 -5.29 -5.94 -5.42 -6.81 -7.83 -4.03 -2.16 0.00 0.00 0.00 0.00 0.00 0.00 0.00
0 0 0 0 0 0 0 0 0 0 0 0 0 0 0
1.00 -6.56 -6.11 -5.23 -7.74 -7.85 -3.89 -2.19 0.00 0.00 0.00 0.00 0.00 0.00 0.00
0 0 0 0 0 0 0 0 0 0 0 0 0 0 0
1.00 -3.13 -3.01 -2.56 -3.51 -3.74 -1.89 -1.00 0.00 0.00 0.00 0.00 0.00 0.00 0.00
0 0 0 0 0 0 0 0 0 0 0 0 0 0 0
