1.00 -0.61 0.88 1.84 -2.28 -0.07 1.34 -0.04 0.00 0.00 0.00 0.00 0.00 0.00 0.00
1.00 2.69 3.55 3.83 2.79 4.90 3.47 1.22 0.00 0.00 0.00 0.00 0.00 0.00 0.00
1.00 4.48 4.64 4.41 6.74 7.60 4.27 1.90 0.00 0.00 0.00 0.00 0.00 0.00 0.00
0 0 0 0 0 0 0 0 0 0 0 0 0 0 0
1.00 5.68 4.88 3.84 9.25 8.80 3.95 2.17 0.00 0.00 0.00 0.00 0.00 0.00 0.00
0 0 0 0 0 0 0 0 0 0 0 0 0 0 0
1.00 5.68 4.88 3.84 9.25 8.80 3.95 2.17 0.00 0.00 0.00 0.00 0.00 0.00 0.00
0 0 0 0 0 0 0 0 0 0 0 0 0 0 0
1.00 4.52 4.35 3.74 7.44 7.70 3.79 1.90 0.00 0.00 0.00 0.00 0.00 0.00 0.00
0 0 0 0 0 0 0 0 0 0 0 0 0 0 0
1.00 3.86 3.76 3.25 6.54 6.82 3.36 1.67 0.00 0.00 0.00 0.00 0.00 0.00 0.00
0 0 0 0 0 0 0 0 0 0 0 0 0 0 0
1.00 1.81 1.13 0.59 3.40 2.21 0.52 0.53 0.00 0.00 0.00 0.00 0.00 0.00 0.00
0 0 0 0 0 0 0 0 0 0 0 0 0 0 0
1.00 -1.55 -2.33 -3.02 -2.71 -4.39 -3.32 -0.95 0.00 0.00 0.00 0.00 0.00 0.00 0.00
0 0 0 0 0 0 0 0 0 0 0 0 0 0 0
1.00 -5.69 -6.31 -6.26 -9.75 -11.22 -6.18 -2.73 0.00 0.00 0.00 0.00 0.00 0.00 0.00
0 0 0 0 0 0 0 0 0 0 0 0 0 0 0
1.00 -3.18 -2.85 -2.36 -5.08 -5.07 -2.53 -1.28 0.00 0.00 0.00 0.00 0.00 0.00 0.00
0 0 0 0 0 0 0 0 0 0 0 0 0 0 0
1.00 -3.23 -3.05 -2.85 -4.86 -4.93 -2.72 -1.28 0.00 0.00 0.00 0.00 0.00 0.00 0.00
0 0 0 0 0 0 0 0 0 0 0 0 0 0 0
1.00 -3.34 -2.93 -2.75 -4.86 -4.93 -2.58 -1.26 0.00 0.00 0.00 0.00 0.00 0.00 0.00
0 0 0 0 0 0 0 0 0 0 0 0 0 0 0
