1.00 -1.71 -0.37 1.11 -3.04 -1.18 0.49 -0.41 0.00 0.00 0.00 0.00 0.00 0.00 0.00
1.00 1.65 2.64 3.19 0.99 3.03 2.27 0.77 0.00 0.00 0.00 0.00 0.00 0.00 0.00
1.00 3.39 3.74 3.41 4.09 5.22 2.87 1.38 0.00 0.00 0.00 0.00 0.00 0.00 0.00
0 0 0 0 0 0 0 0 0 0 0 0 0 0 0
1.00 3.79 3.66 2.98 5.51 5.37 2.60 1.44 0.00 0.00 0.00 0.00 0.00 0.00 0.00
0 0 0 0 0 0 0 0 0 0 0 0 0 0 0
1.00 3.79 3.66 2.98 5.51 5.37 2.60 1.44 0.00 0.00 0.00 0.00 0.00 0.00 0.00
0 0 0 0 0 0 0 0 0 0 0 0 0 0 0
1.00 3.54 3.08 2.04 5.36 4.72 1.71 1.27 0.00 0.00 0.00 0.00 0.00 0.00 0.00
0 0 0 0 0 0 0 0 0 0 0 0 0 0 0
1.00 3.00 2.82 2.21 4.77 4.66 2.01 1.24 0.00 0.00 0.00 0.00 0.00 0.00 0.00
0 0 0 0 0 0 0 0 0 0 0 0 0 0 0
1.00 1.32 0.77 0.24 1.78 0.99 -0.02 0.29 0.00 0.00 0.00 0.00 0.00 0.00 0.00
0 0 0 0 0 0 0 0 0 0 0 0 0 0 0
1.00 -1.13 -1.69 -2.09 -2.22 -3.28 -2.01 -0.79 0.00 0.00 0.00 0.00 0.00 0.00 0.00
0 0 0 0 0 0 0 0 0 0 0 0 0 0 0
1.00 -3.70 -4.58 -4.34 -6.17 -7.27 -3.97 -1.81 0.00 0.00 0.00 0.00 0.00 0.00 0.00
0 0 0 0 0 0 0 0 0 0 0 0 0 0 0
1.00 -1.15 -1.74 -2.06 -2.57 -3.30 -1.84 -0.75 0.00 0.00 0.00 0.00 0.00 0.00 0.00
0 0 0 0 0 0 0 0 0 0 0 0 0 0 0
1.00 -3.36 -3.64 -3.31 -4.46 -5.02 -2.57 -1.36 0.00 0.00 0.00 0.00 0.00 0.00 0.00
0 0 0 0 0 0 0 0 0 0 0 0 0 0 0
1.00 -4.11 -3.87 -3.23 -4.74 -4.84 -2.48 -1.41 0.00 0.00 0.00 0.00 0.00 0.00 0.00
0 0 0 0 0 0 0 0 0 0 0 0 0 0 0
