1.00 2.23 2.79 2.88 0.88 1.91 1.54 0.67 0.00 0.00 0.00 0.00 0.00 0.00 0.00
1.00 0.88 1.49 1.77 0.40 0.99 0.95 0.35 0.00 0.00 0.00 0.00 0.00 0.00 0.00
1.00 0.63 1.13 1.36 0.27 0.72 0.72 0.26 0.00 0.00 0.00 0.00 0.00 0.00 0.00
0 0 0 0 0 0 0 0 0 0 0 0 0 0 0
1.00 0.69 0.92 0.84 0.49 0.88 0.61 0.30 0.00 0.00 0.00 0.00 0.00 0.00 0.00
0 0 0 0 0 0 0 0 0 0 0 0 0 0 0
1.00 0.69 0.92 0.84 0.49 0.88 0.61 0.30 0.00 0.00 0.00 0.00 0.00 0.00 0.00
0 0 0 0 0 0 0 0 0 0 0 0 0 0 0
1.00 0.50 0.38 0.07 0.31 0.52 0.17 0.22 0.00 0.00 0.00 0.00 0.00 0.00 0.00
0 0 0 0 0 0 0 0 0 0 0 0 0 0 0
1.00 0.16 -0.26 -0.61 0.17 -0.15 -0.24 0.07 0.00 0.00 0.00 0.00 0.00 0.00 0.00
0 0 0 0 0 0 0 0 0 0 0 0 0 0 0
1.00 0.29 0.35 0.44 0.08 0.26 0.41 0.16 0.00 0.00 0.00 0.00 0.00 0.00 0.00
0 0 0 0 0 0 0 0 0 0 0 0 0 0 0
1.00 -0.06 -0.28 -0.36 -0.01 -0.19 -0.11 -0.03 0.00 0.00 0.00 0.00 0.00 0.00 0.00
0 0 0 0 0 0 0 0 0 0 0 0 0 0 0
1.00 -0.55 -0.51 -0.36 -0.35 -0.51 -0.32 -0.16 0.00 0.00 0.00 0.00 0.00 0.00 0.00
0 0 0 0 0 0 0 0 0 0 0 0 0 0 0
1.00 -0.47 -0.88 -1.16 -0.32 -0.71 -0.74 -0.24 0.00 0.00 0.00 0.00 0.00 0.00 0.00
0 0 0 0 0 0 0 0 0 0 0 0 0 0 0
1.00 -1.07 -1.78 -2.31 -0.49 -1.36 -1.43 -0.50 0.00 0.00 0.00 0.00 0.00 0.00 0.00
0 0 0 0 0 0 0 0 0 0 0 0 0 0 0
1.00 -0.44 -0.89 -0.86 -0.36 -0.63 -0.58 -0.23 0.00 0.00 0.00 0.00 0.00 0.00 0.00
0 0 0 0 0 0 0 0 0 0 0 0 0 0 0
