1.00 -2.90 -3.10 -2.65 -3.12 -4.04 -1.93 -1.13 0.00 0.00 0.00 0.00 0.00 0.00 0.00
1.00 -1.82 -0.62 0.57 -2.72 -1.35 0.24 -0.51 0.00 0.00 0.00 0.00 0.00 0.00 0.00
1.00 1.85 2.88 3.16 1.15 3.05 2.26 0.78 0.00 0.00 0.00 0.00 0.00 0.00 0.00
0 0 0 0 0 0 0 0 0 0 0 0 0 0 0
1.00 4.01 4.32 3.86 4.66 5.60 2.90 1.56 0.00 0.00 0.00 0.00 0.00 0.00 0.00
0 0 0 0 0 0 0 0 0 0 0 0 0 0 0
1.00 4.01 4.32 3.86 4.66 5.60 2.90 1.56 0.00 0.00 0.00 0.00 0.00 0.00 0.00
0 0 0 0 0 0 0 0 0 0 0 0 0 0 0
1.00 4.86 4.64 3.83 6.51 6.52 2.98 1.87 0.00 0.00 0.00 0.00 0.00 0.00 0.00
0 0 0 0 0 0 0 0 0 0 0 0 0 0 0
1.00 3.81 4.02 3.65 5.70 6.05 3.13 1.64 0.00 0.00 0.00 0.00 0.00 0.00 0.00
0 0 0 0 0 0 0 0 0 0 0 0 0 0 0
1.00 3.19 3.30 2.72 5.02 5.27 2.49 1.36 0.00 0.00 0.00 0.00 0.00 0.00 0.00
0 0 0 0 0 0 0 0 0 0 0 0 0 0 0
1.00 1.97 1.43 0.90 3.60 2.53 0.68 0.64 0.00 0.00 0.00 0.00 0.00 0.00 0.00
0 0 0 0 0 0 0 0 0 0 0 0 0 0 0
1.00 -0.37 -1.21 -1.68 -1.05 -2.10 -1.68 -0.53 0.00 0.00 0.00 0.00 0.00 0.00 0.00
0 0 0 0 0 0 0 0 0 0 0 0 0 0 0
1.00 -3.75 -4.59 -4.73 -6.11 -7.38 -4.07 -1.92 0.00 0.00 0.00 0.00 0.00 0.00 0.00
0 0 0 0 0 0 0 0 0 0 0 0 0 0 0
1.00 -1.18 -2.24 -2.68 -2.84 -3.65 -2.25 -0.91 0.00 0.00 0.00 0.00 0.00 0.00 0.00
0 0 0 0 0 0 0 0 0 0 0 0 0 0 0
1.00 -3.33 -3.40 -2.73 -4.11 -4.40 -2.04 -1.26 0.00 0.00 0.00 0.00 0.00 0.00 0.00
0 0 0 0 0 0 0 0 0 0 0 0 0 0 0
