1.00 1.66 2.37 2.47 0.70 1.57 1.38 0.56 0.00 0.00 0.00 0.00 0.00 0.00 0.00
1.00 0.88 1.36 1.56 0.28 0.76 0.78 0.22 0.00 0.00 0.00 0.00 0.00 0.00 0.00
1.00 0.78 1.24 1.28 0.55 1.12 0.82 0.44 0.00 0.00 0.00 0.00 0.00 0.00 0.00
0 0 0 0 0 0 0 0 0 0 0 0 0 0 0
1.00 0.47 0.70 0.50 0.22 0.60 0.29 0.23 0.00 0.00 0.00 0.00 0.00 0.00 0.00
0 0 0 0 0 0 0 0 0 0 0 0 0 0 0
1.00 0.47 0.70 0.50 0.22 0.60 0.29 0.23 0.00 0.00 0.00 0.00 0.00 0.00 0.00
0 0 0 0 0 0 0 0 0 0 0 0 0 0 0
1.00 0.11 0.03 -0.17 0.12 0.03 0.02 0.05 0.00 0.00 0.00 0.00 0.00 0.00 0.00
0 0 0 0 0 0 0 0 0 0 0 0 0 0 0
1.00 -0.21 -0.70 -0.92 -0.09 -0.38 -0.42 -0.06 0.00 0.00 0.00 0.00 0.00 0.00 0.00
0 0 0 0 0 0 0 0 0 0 0 0 0 0 0
1.00 0.07 -0.13 -0.05 -0.10 -0.10 -0.04 -0.04 0.00 0.00 0.00 0.00 0.00 0.00 0.00
0 0 0 0 0 0 0 0 0 0 0 0 0 0 0
1.00 -0.19 -0.09 -0.30 -0.24 -0.19 -0.19 -0.05 0.00 0.00 0.00 0.00 0.00 0.00 0.00
0 0 0 0 0 0 0 0 0 0 0 0 0 0 0
1.00 -0.56 -0.69 -1.00 -0.20 -0.50 -0.64 -0.20 0.00 0.00 0.00 0.00 0.00 0.00 0.00
0 0 0 0 0 0 0 0 0 0 0 0 0 0 0
1.00 -0.82 -1.66 -2.15 -0.38 -1.22 -1.26 -0.43 0.00 0.00 0.00 0.00 0.00 0.00 0.00
0 0 0 0 0 0 0 0 0 0 0 0 0 0 0
1.00 -0.37 -0.59 -0.90 -0.14 -0.50 -0.52 -0.13 0.00 0.00 0.00 0.00 0.00 0.00 0.00
0 0 0 0 0 0 0 0 0 0 0 0 0 0 0
1.00 -0.54 -1.22 -1.31 -0.22 -0.64 -0.81 -0.27 0.00 0.00 0.00 0.00 0.00 0.00 0.00
0 0 0 0 0 0 0 0 0 0 0 0 0 0 0
