1.00 -0.35 -0.41 -0.26 -0.34 -0.35 -0.21 -0.10 0.00 0.00 0.00 0.00 0.00 0.00 0.00
1.00 -0.93 -0.65 -0.47 -0.67 -0.49 -0.33 -0.22 0.00 0.00 0.00 0.00 0.00 0.00 0.00
1.00 -1.10 -0.73 -0.54 -0.72 -0.66 -0.29 -0.24 0.00 0.00 0.00 0.00 0.00 0.00 0.00
0 0 0 0 0 0 0 0 0 0 0 0 0 0 0
1.00 -0.95 -0.69 -0.56 -0.77 -0.57 -0.32 -0.21 0.00 0.00 0.00 0.00 0.00 0.00 0.00
0 0 0 0 0 0 0 0 0 0 0 0 0 0 0
1.00 -0.95 -0.69 -0.56 -0.77 -0.57 -0.32 -0.21 0.00 0.00 0.00 0.00 0.00 0.00 0.00
0 0 0 0 0 0 0 0 0 0 0 0 0 0 0
1.00 -0.93 -0.66 -0.54 -0.72 -0.57 -0.25 -0.20 0.00 0.00 0.00 0.00 0.00 0.00 0.00
0 0 0 0 0 0 0 0 0 0 0 0 0 0 0
1.00 -0.54 -0.17 -0.40 -0.36 -0.22 -0.15 -0.03 0.00 0.00 0.00 0.00 0.00 0.00 0.00
0 0 0 0 0 0 0 0 0 0 0 0 0 0 0
1.00 -0.30 -0.20 -0.30 -0.20 -0.26 -0.15 -0.10 0.00 0.00 0.00 0.00 0.00 0.00 0.00
0 0 0 0 0 0 0 0 0 0 0 0 0 0 0
1.00 -0.29 -0.18 -0.03 -0.14 -0.01 -0.01 -0.07 0.00 0.00 0.00 0.00 0.00 0.00 0.00
0 0 0 0 0 0 0 0 0 0 0 0 0 0 0
1.00 0.19 -0.00 0.14 -0.01 -0.08 0.04 0.03 0.00 0.00 0.00 0.00 0.00 0.00 0.00
0 0 0 0 0 0 0 0 0 0 0 0 0 0 0
1.00 -0.20 -0.01 -0.15 -0.08 0.05 -0.07 -0.05 0.00 0.00 0.00 0.00 0.00 0.00 0.00
0 0 0 0 0 0 0 0 0 0 0 0 0 0 0
1.00 -0.11 -0.12 -0.05 -0.08 -0.25 -0.14 -0.06 0.00 0.00 0.00 0.00 0.00 0.00 0.00
0 0 0 0 0 0 0 0 0 0 0 0 0 0 0
1.00 -0.09 0.07 0.09 0.05 0.04 0.16 0.05 0.00 0.00 0.00 0.00 0.00 0.00 0.00
0 0 0 0 0 0 0 0 0 0 0 0 0 0 0
