1.00 0.77 1.64 2.28 -0.30 1.53 1.48 0.43 0.00 0.00 0.00 0.00 0.00 0.00 0.00
1.00 0.03 0.90 1.60 -1.14 0.61 1.01 0.16 0.00 0.00 0.00 0.00 0.00 0.00 0.00
1.00 2.21 2.62 2.80 1.96 3.08 2.05 0.89 0.00 0.00 0.00 0.00 0.00 0.00 0.00
0 0 0 0 0 0 0 0 0 0 0 0 0 0 0
1.00 2.96 3.06 2.79 3.55 4.17 2.14 1.13 0.00 0.00 0.00 0.00 0.00 0.00 0.00
0 0 0 0 0 0 0 0 0 0 0 0 0 0 0
1.00 2.96 3.06 2.79 3.55 4.17 2.14 1.13 0.00 0.00 0.00 0.00 0.00 0.00 0.00
0 0 0 0 0 0 0 0 0 0 0 0 0 0 0
1.00 2.87 2.51 1.92 3.98 3.77 1.57 1.02 0.00 0.00 0.00 0.00 0.00 0.00 0.00
0 0 0 0 0 0 0 0 0 0 0 0 0 0 0
1.00 1.77 1.22 0.63 2.84 1.93 0.55 0.59 0.00 0.00 0.00 0.00 0.00 0.00 0.00
0 0 0 0 0 0 0 0 0 0 0 0 0 0 0
1.00 0.13 -0.68 -1.47 0.27 -1.25 -1.36 -0.29 0.00 0.00 0.00 0.00 0.00 0.00 0.00
0 0 0 0 0 0 0 0 0 0 0 0 0 0 0
1.00 -0.70 -1.66 -1.90 -1.87 -2.94 -1.82 -0.72 0.00 0.00 0.00 0.00 0.00 0.00 0.00
0 0 0 0 0 0 0 0 0 0 0 0 0 0 0
1.00 -3.55 -4.12 -4.06 -4.90 -5.91 -3.08 -1.61 0.00 0.00 0.00 0.00 0.00 0.00 0.00
0 0 0 0 0 0 0 0 0 0 0 0 0 0 0
1.00 -5.95 -6.04 -5.66 -6.92 -7.59 -3.85 -2.17 0.00 0.00 0.00 0.00 0.00 0.00 0.00
0 0 0 0 0 0 0 0 0 0 0 0 0 0 0
1.00 -3.15 -3.00 -2.66 -3.46 -3.76 -1.86 -1.09 0.00 0.00 0.00 0.00 0.00 0.00 0.00
0 0 0 0 0 0 0 0 0 0 0 0 0 0 0
1.00 -2.68 -2.24 -2.16 -2.91 -2.87 -1.46 -0.87 0.00 0.00 0.00 0.00 0.00 0.00 0.00
0 0 0 0 0 0 0 0 0 0 0 0 0 0 0
