1.00 -1.91 -2.01 -2.24 -1.85 -2.61 -1.62 -0.71 0.00 0.00 0.00 0.00 0.00 0.00 0.00
1.00 -1.87 -2.28 -2.18 -1.88 -2.93 -1.56 -0.79 0.00 0.00 0.00 0.00 0.00 0.00 0.00
1.00 1.85 3.32 4.09 1.58 3.80 2.91 0.98 0.00 0.00 0.00 0.00 0.00 0.00 0.00
0 0 0 0 0 0 0 0 0 0 0 0 0 0 0
1.00 5.28 5.81 5.61 5.59 7.56 4.07 2.13 0.00 0.00 0.00 0.00 0.00 0.00 0.00
0 0 0 0 0 0 0 0 0 0 0 0 0 0 0
1.00 5.28 5.81 5.61 5.59 7.56 4.07 2.13 0.00 0.00 0.00 0.00 0.00 0.00 0.00
0 0 0 0 0 0 0 0 0 0 0 0 0 0 0
1.00 3.47 3.89 3.88 4.15 5.15 3.02 1.44 0.00 0.00 0.00 0.00 0.00 0.00 0.00
0 0 0 0 0 0 0 0 0 0 0 0 0 0 0
1.00 3.36 3.58 3.22 4.70 5.20 2.73 1.42 0.00 0.00 0.00 0.00 0.00 0.00 0.00
0 0 0 0 0 0 0 0 0 0 0 0 0 0 0
1.00 2.64 2.85 2.58 3.83 4.27 2.27 1.15 0.00 0.00 0.00 0.00 0.00 0.00 0.00
0 0 0 0 0 0 0 0 0 0 0 0 0 0 0
1.00 2.13 2.14 1.78 3.18 3.49 1.60 0.84 0.00 0.00 0.00 0.00 0.00 0.00 0.00
0 0 0 0 0 0 0 0 0 0 0 0 0 0 0
1.00 0.61 0.10 -0.54 1.10 0.04 -0.51 0.09 0.00 0.00 0.00 0.00 0.00 0.00 0.00
0 0 0 0 0 0 0 0 0 0 0 0 0 0 0
1.00 -2.05 -3.11 -3.35 -3.46 -5.07 -3.11 -1.19 0.00 0.00 0.00 0.00 0.00 0.00 0.00
0 0 0 0 0 0 0 0 0 0 0 0 0 0 0
1.00 -0.31 -1.23 -1.86 -1.73 -2.86 -1.87 -0.57 0.00 0.00 0.00 0.00 0.00 0.00 0.00
0 0 0 0 0 0 0 0 0 0 0 0 0 0 0
1.00 -3.34 -4.12 -3.97 -4.71 -5.62 -2.99 -1.56 0.00 0.00 0.00 0.00 0.00 0.00 0.00
0 0 0 0 0 0 0 0 0 0 0 0 0 0 0
