1.00 0.07 1.41 2.17 -0.84 1.12 1.44 0.25 0.00 0.00 0.00 0.00 0.00 0.00 0.00
1.00 2.42 2.91 2.97 2.27 3.48 2.06 1.03 0.00 0.00 0.00 0.00 0.00 0.00 0.00
1.00 3.21 3.10 2.73 3.78 4.19 2.08 1.16 0.00 0.00 0.00 0.00 0.00 0.00 0.00
0 0 0 0 0 0 0 0 0 0 0 0 0 0 0
1.00 3.22 2.89 2.31 4.22 4.30 1.91 1.17 0.00 0.00 0.00 0.00 0.00 0.00 0.00
0 0 0 0 0 0 0 0 0 0 0 0 0 0 0
1.00 3.22 2.89 2.31 4.22 4.30 1.91 1.17 0.00 0.00 0.00 0.00 0.00 0.00 0.00
0 0 0 0 0 0 0 0 0 0 0 0 0 0 0
1.00 2.69 2.12 1.23 3.88 3.09 1.04 0.82 0.00 0.00 0.00 0.00 0.00 0.00 0.00
0 0 0 0 0 0 0 0 0 0 0 0 0 0 0
1.00 2.85 1.94 1.04 2.80 1.80 0.25 0.68 0.00 0.00 0.00 0.00 0.00 0.00 0.00
0 0 0 0 0 0 0 0 0 0 0 0 0 0 0
1.00 -0.62 -1.77 -2.21 -1.95 -3.15 -1.98 -0.69 0.00 0.00 0.00 0.00 0.00 0.00 0.00
0 0 0 0 0 0 0 0 0 0 0 0 0 0 0
1.00 -0.73 -1.82 -2.21 -2.00 -3.15 -1.95 -0.70 0.00 0.00 0.00 0.00 0.00 0.00 0.00
0 0 0 0 0 0 0 0 0 0 0 0 0 0 0
1.00 -4.46 -4.52 -4.09 -5.13 -5.84 -2.88 -1.65 0.00 0.00 0.00 0.00 0.00 0.00 0.00
0 0 0 0 0 0 0 0 0 0 0 0 0 0 0
1.00 -5.24 -4.71 -4.05 -5.54 -5.82 -2.78 -1.68 0.00 0.00 0.00 0.00 0.00 0.00 0.00
0 0 0 0 0 0 0 0 0 0 0 0 0 0 0
1.00 -2.35 -2.03 -1.92 -2.53 -2.53 -1.37 -0.74 0.00 0.00 0.00 0.00 0.00 0.00 0.00
0 0 0 0 0 0 0 0 0 0 0 0 0 0 0
1.00 -1.95 -1.71 -1.45 -2.03 -2.25 -1.24 -0.64 0.00 0.00 0.00 0.00 0.00 0.00 0.00
0 0 0 0 0 0 0 0 0 0 0 0 0 0 0
