1.00 3.02 4.56 5.22 2.76 5.73 4.47 1.41 0.00 0.00 0.00 0.00 0.00 0.00 0.00
1.00 2.00 2.83 3.43 1.69 3.70 3.09 0.92 0.00 0.00 0.00 0.00 0.00 0.00 0.00
1.00 3.81 4.02 3.98 5.27 6.15 3.53 1.54 0.00 0.00 0.00 0.00 0.00 0.00 0.00
0 0 0 0 0 0 0 0 0 0 0 0 0 0 0
1.00 4.22 4.18 3.62 6.75 6.80 3.47 1.77 0.00 0.00 0.00 0.00 0.00 0.00 0.00
0 0 0 0 0 0 0 0 0 0 0 0 0 0 0
1.00 4.22 4.18 3.62 6.75 6.80 3.47 1.77 0.00 0.00 0.00 0.00 0.00 0.00 0.00
0 0 0 0 0 0 0 0 0 0 0 0 0 0 0
1.00 4.10 3.38 2.38 6.57 5.92 2.43 1.61 0.00 0.00 0.00 0.00 0.00 0.00 0.00
0 0 0 0 0 0 0 0 0 0 0 0 0 0 0
1.00 4.57 3.57 2.29 7.00 5.60 2.07 1.54 0.00 0.00 0.00 0.00 0.00 0.00 0.00
0 0 0 0 0 0 0 0 0 0 0 0 0 0 0
1.00 0.77 -0.32 -1.45 -0.02 -1.53 -1.72 -0.29 0.00 0.00 0.00 0.00 0.00 0.00 0.00
0 0 0 0 0 0 0 0 0 0 0 0 0 0 0
1.00 0.65 -0.41 -1.48 -0.10 -1.57 -1.71 -0.31 0.00 0.00 0.00 0.00 0.00 0.00 0.00
0 0 0 0 0 0 0 0 0 0 0 0 0 0 0
1.00 -3.31 -3.82 -3.66 -5.35 -6.12 -3.43 -1.50 0.00 0.00 0.00 0.00 0.00 0.00 0.00
0 0 0 0 0 0 0 0 0 0 0 0 0 0 0
1.00 -4.71 -4.13 -3.59 -6.41 -6.33 -3.42 -1.68 0.00 0.00 0.00 0.00 0.00 0.00 0.00
0 0 0 0 0 0 0 0 0 0 0 0 0 0 0
1.00 -4.93 -4.42 -3.88 -6.62 -6.49 -3.47 -1.73 0.00 0.00 0.00 0.00 0.00 0.00 0.00
0 0 0 0 0 0 0 0 0 0 0 0 0 0 0
1.00 -2.25 -1.87 -1.59 -3.12 -3.00 -1.63 -0.80 0.00 0.00 0.00 0.00 0.00 0.00 0.00
0 0 0 0 0 0 0 0 0 0 0 0 0 0 0
