1.00 0.83 1.30 1.60 0.26 0.74 0.79 0.22 0.00 0.00 0.00 0.00 0.00 0.00 0.00
1.00 0.95 1.51 1.93 0.50 1.18 1.15 0.41 0.00 0.00 0.00 0.00 0.00 0.00 0.00
1.00 1.35 1.77 1.70 0.69 1.33 0.97 0.54 0.00 0.00 0.00 0.00 0.00 0.00 0.00
0 0 0 0 0 0 0 0 0 0 0 0 0 0 0
1.00 1.15 1.08 0.87 0.75 1.06 0.61 0.43 0.00 0.00 0.00 0.00 0.00 0.00 0.00
0 0 0 0 0 0 0 0 0 0 0 0 0 0 0
1.00 1.15 1.08 0.87 0.75 1.06 0.61 0.43 0.00 0.00 0.00 0.00 0.00 0.00 0.00
0 0 0 0 0 0 0 0 0 0 0 0 0 0 0
1.00 0.43 0.16 -0.19 0.29 0.07 -0.13 0.13 0.00 0.00 0.00 0.00 0.00 0.00 0.00
0 0 0 0 0 0 0 0 0 0 0 0 0 0 0
1.00 0.24 0.16 0.02 0.24 0.10 -0.00 0.13 0.00 0.00 0.00 0.00 0.00 0.00 0.00
0 0 0 0 0 0 0 0 0 0 0 0 0 0 0
1.00 -0.07 -0.27 -0.20 -0.14 -0.13 -0.11 -0.05 0.00 0.00 0.00 0.00 0.00 0.00 0.00
0 0 0 0 0 0 0 0 0 0 0 0 0 0 0
1.00 -0.22 -0.37 -0.44 -0.22 -0.26 -0.23 -0.12 0.00 0.00 0.00 0.00 0.00 0.00 0.00
0 0 0 0 0 0 0 0 0 0 0 0 0 0 0
1.00 -0.42 -0.63 -0.60 -0.24 -0.71 -0.52 -0.23 0.00 0.00 0.00 0.00 0.00 0.00 0.00
0 0 0 0 0 0 0 0 0 0 0 0 0 0 0
1.00 -0.81 -1.30 -1.59 -0.36 -0.97 -0.93 -0.38 0.00 0.00 0.00 0.00 0.00 0.00 0.00
0 0 0 0 0 0 0 0 0 0 0 0 0 0 0
1.00 -0.05 -0.39 -0.32 -0.07 -0.37 -0.27 -0.08 0.00 0.00 0.00 0.00 0.00 0.00 0.00
0 0 0 0 0 0 0 0 0 0 0 0 0 0 0
1.00 -0.42 -0.69 -0.79 -0.19 -0.62 -0.39 -0.18 0.00 0.00 0.00 0.00 0.00 0.00 0.00
0 0 0 0 0 0 0 0 0 0 0 0 0 0 0
