1.00 0.23 0.28 0.09 0.27 0.24 0.17 0.28 0.00 0.00 0.00 0.00 0.00 0.00 0.00
1.00 -0.58 -0.43 -0.19 -0.62 -0.38 -0.24 -0.15 0.00 0.00 0.00 0.00 0.00 0.00 0.00
1.00 -0.71 -0.32 -0.15 -0.49 -0.34 -0.12 -0.23 0.00 0.00 0.00 0.00 0.00 0.00 0.00
0 0 0 0 0 0 0 0 0 0 0 0 0 0 0
1.00 -0.59 -0.35 -0.18 -0.48 -0.26 -0.31 -0.16 0.00 0.00 0.00 0.00 0.00 0.00 0.00
0 0 0 0 0 0 0 0 0 0 0 0 0 0 0
1.00 -0.59 -0.35 -0.18 -0.48 -0.26 -0.31 -0.16 0.00 0.00 0.00 0.00 0.00 0.00 0.00
0 0 0 0 0 0 0 0 0 0 0 0 0 0 0
1.00 -0.28 -0.10 0.01 -0.09 -0.01 0.05 -0.04 0.00 0.00 0.00 0.00 0.00 0.00 0.00
0 0 0 0 0 0 0 0 0 0 0 0 0 0 0
1.00 -0.19 0.01 0.16 -0.10 -0.14 0.07 0.00 0.00 0.00 0.00 0.00 0.00 0.00 0.00
0 0 0 0 0 0 0 0 0 0 0 0 0 0 0
1.00 -0.19 -0.04 0.08 -0.09 -0.16 0.05 -0.01 0.00 0.00 0.00 0.00 0.00 0.00 0.00
0 0 0 0 0 0 0 0 0 0 0 0 0 0 0
1.00 0.08 -0.07 -0.03 0.01 0.02 -0.15 0.01 0.00 0.00 0.00 0.00 0.00 0.00 0.00
0 0 0 0 0 0 0 0 0 0 0 0 0 0 0
1.00 -0.02 -0.07 -0.11 -0.04 -0.04 -0.13 -0.06 0.00 0.00 0.00 0.00 0.00 0.00 0.00
0 0 0 0 0 0 0 0 0 0 0 0 0 0 0
1.00 0.00 -0.03 -0.18 -0.05 -0.15 -0.13 -0.07 0.00 0.00 0.00 0.00 0.00 0.00 0.00
0 0 0 0 0 0 0 0 0 0 0 0 0 0 0
1.00 -0.15 -0.06 -0.20 -0.23 0.00 -0.26 -0.09 0.00 0.00 0.00 0.00 0.00 0.00 0.00
0 0 0 0 0 0 0 0 0 0 0 0 0 0 0
1.00 -0.05 0.00 0.18 -0.17 0.12 0.25 0.04 0.00 0.00 0.00 0.00 0.00 0.00 0.00
0 0 0 0 0 0 0 0 0 0 0 0 0 0 0
