1.00 -1.54 -0.58 0.69 -2.54 -1.45 -0.03 -0.52 0.00 0.00 0.00 0.00 0.00 0.00 0.00
1.00 2.00 2.73 2.99 1.06 3.00 2.17 0.76 0.00 0.00 0.00 0.00 0.00 0.00 0.00
1.00 4.24 4.61 4.27 5.39 6.53 3.58 1.76 0.00 0.00 0.00 0.00 0.00 0.00 0.00
0 0 0 0 0 0 0 0 0 0 0 0 0 0 0
1.00 5.45 5.32 4.18 7.98 7.87 3.65 2.19 0.00 0.00 0.00 0.00 0.00 0.00 0.00
0 0 0 0 0 0 0 0 0 0 0 0 0 0 0
1.00 5.45 5.32 4.18 7.98 7.87 3.65 2.19 0.00 0.00 0.00 0.00 0.00 0.00 0.00
0 0 0 0 0 0 0 0 0 0 0 0 0 0 0
1.00 3.73 3.99 3.76 6.12 6.68 3.49 1.75 0.00 0.00 0.00 0.00 0.00 0.00 0.00
0 0 0 0 0 0 0 0 0 0 0 0 0 0 0
1.00 3.46 3.67 3.21 5.97 6.32 3.28 1.72 0.00 0.00 0.00 0.00 0.00 0.00 0.00
0 0 0 0 0 0 0 0 0 0 0 0 0 0 0
1.00 2.56 2.39 1.80 4.73 4.19 1.56 1.08 0.00 0.00 0.00 0.00 0.00 0.00 0.00
0 0 0 0 0 0 0 0 0 0 0 0 0 0 0
1.00 0.24 -0.46 -1.13 -0.01 -1.45 -1.43 -0.31 0.00 0.00 0.00 0.00 0.00 0.00 0.00
0 0 0 0 0 0 0 0 0 0 0 0 0 0 0
1.00 -3.73 -4.86 -5.12 -6.95 -8.54 -4.93 -2.11 0.00 0.00 0.00 0.00 0.00 0.00 0.00
0 0 0 0 0 0 0 0 0 0 0 0 0 0 0
1.00 -1.95 -3.02 -3.46 -3.78 -5.05 -3.03 -1.31 0.00 0.00 0.00 0.00 0.00 0.00 0.00
0 0 0 0 0 0 0 0 0 0 0 0 0 0 0
1.00 -4.78 -4.64 -3.95 -6.08 -6.25 -3.30 -1.90 0.00 0.00 0.00 0.00 0.00 0.00 0.00
0 0 0 0 0 0 0 0 0 0 0 0 0 0 0
1.00 -4.32 -4.09 -3.46 -5.52 -5.62 -2.70 -1.59 0.00 0.00 0.00 0.00 0.00 0.00 0.00
0 0 0 0 0 0 0 0 0 0 0 0 0 0 0
