1.00 1.44 2.01 2.17 0.57 1.43 1.27 0.43 0.00 0.00 0.00 0.00 0.00 0.00 0.00
1.00 1.30 1.67 1.86 0.57 1.42 1.13 0.54 0.00 0.00 0.00 0.00 0.00 0.00 0.00
1.00 0.72 1.24 1.47 0.32 1.16 0.91 0.43 0.00 0.00 0.00 0.00 0.00 0.00 0.00
0 0 0 0 0 0 0 0 0 0 0 0 0 0 0
1.00 0.65 0.82 0.59 0.52 0.58 0.42 0.29 0.00 0.00 0.00 0.00 0.00 0.00 0.00
0 0 0 0 0 0 0 0 0 0 0 0 0 0 0
1.00 0.65 0.82 0.59 0.52 0.58 0.42 0.29 0.00 0.00 0.00 0.00 0.00 0.00 0.00
0 0 0 0 0 0 0 0 0 0 0 0 0 0 0
1.00 0.14 -0.08 -0.40 0.23 -0.00 -0.13 0.04 0.00 0.00 0.00 0.00 0.00 0.00 0.00
0 0 0 0 0 0 0 0 0 0 0 0 0 0 0
1.00 -0.50 -0.65 -0.75 -0.20 -0.41 -0.14 -0.02 0.00 0.00 0.00 0.00 0.00 0.00 0.00
0 0 0 0 0 0 0 0 0 0 0 0 0 0 0
1.00 -0.37 -0.15 -0.01 -0.26 -0.03 0.32 0.03 0.00 0.00 0.00 0.00 0.00 0.00 0.00
0 0 0 0 0 0 0 0 0 0 0 0 0 0 0
1.00 0.14 -0.09 -0.18 0.26 0.10 0.01 0.19 0.00 0.00 0.00 0.00 0.00 0.00 0.00
0 0 0 0 0 0 0 0 0 0 0 0 0 0 0
1.00 -0.14 -0.65 -0.89 0.14 -0.60 -0.74 -0.16 0.00 0.00 0.00 0.00 0.00 0.00 0.00
0 0 0 0 0 0 0 0 0 0 0 0 0 0 0
1.00 -0.51 -1.26 -1.80 -0.23 -1.07 -1.30 -0.38 0.00 0.00 0.00 0.00 0.00 0.00 0.00
0 0 0 0 0 0 0 0 0 0 0 0 0 0 0
1.00 -0.23 -0.60 -0.56 -0.23 -0.45 -0.53 -0.19 0.00 0.00 0.00 0.00 0.00 0.00 0.00
0 0 0 0 0 0 0 0 0 0 0 0 0 0 0
1.00 -0.49 -0.92 -1.28 -0.32 -0.97 -0.85 -0.33 0.00 0.00 0.00 0.00 0.00 0.00 0.00
0 0 0 0 0 0 0 0 0 0 0 0 0 0 0
