1.00 1.82 2.40 2.42 0.81 1.72 1.53 0.56 0.00 0.00 0.00 0.00 0.00 0.00 0.00
1.00 1.38 1.71 1.44 0.71 1.59 0.96 0.61 0.00 0.00 0.00 0.00 0.00 0.00 0.00
1.00 0.91 0.90 0.84 0.41 0.90 0.53 0.30 0.00 0.00 0.00 0.00 0.00 0.00 0.00
0 0 0 0 0 0 0 0 0 0 0 0 0 0 0
1.00 0.17 0.20 -0.03 -0.08 0.36 0.22 0.13 0.00 0.00 0.00 0.00 0.00 0.00 0.00
0 0 0 0 0 0 0 0 0 0 0 0 0 0 0
1.00 0.17 0.20 -0.03 -0.08 0.36 0.22 0.13 0.00 0.00 0.00 0.00 0.00 0.00 0.00
0 0 0 0 0 0 0 0 0 0 0 0 0 0 0
1.00 -0.23 -0.21 -0.34 -0.01 0.06 0.03 0.03 0.00 0.00 0.00 0.00 0.00 0.00 0.00
0 0 0 0 0 0 0 0 0 0 0 0 0 0 0
1.00 -0.13 -0.40 -0.63 0.04 -0.31 -0.23 -0.06 0.00 0.00 0.00 0.00 0.00 0.00 0.00
0 0 0 0 0 0 0 0 0 0 0 0 0 0 0
1.00 -0.45 -0.81 -1.15 -0.00 -0.71 -0.88 -0.21 0.00 0.00 0.00 0.00 0.00 0.00 0.00
0 0 0 0 0 0 0 0 0 0 0 0 0 0 0
1.00 0.36 0.27 0.21 0.13 0.11 0.00 0.01 0.00 0.00 0.00 0.00 0.00 0.00 0.00
0 0 0 0 0 0 0 0 0 0 0 0 0 0 0
1.00 -0.04 -0.33 -0.58 -0.05 -0.27 -0.43 -0.11 0.00 0.00 0.00 0.00 0.00 0.00 0.00
0 0 0 0 0 0 0 0 0 0 0 0 0 0 0
1.00 0.01 -0.24 -0.45 -0.05 -0.20 -0.36 -0.09 0.00 0.00 0.00 0.00 0.00 0.00 0.00
0 0 0 0 0 0 0 0 0 0 0 0 0 0 0
1.00 -0.52 -0.64 -0.99 -0.14 -0.61 -0.62 -0.26 0.00 0.00 0.00 0.00 0.00 0.00 0.00
0 0 0 0 0 0 0 0 0 0 0 0 0 0 0
1.00 -0.67 -0.98 -1.12 -0.29 -0.80 -0.59 -0.23 0.00 0.00 0.00 0.00 0.00 0.00 0.00
0 0 0 0 0 0 0 0 0 0 0 0 0 0 0
