1.00 -2.58 -3.12 -3.45 -3.43 -4.57 -2.95 -1.26 0.00 0.00 0.00 0.00 0.00 0.00 0.00
1.00 -3.21 -3.72 -4.11 -4.17 -5.41 -3.62 -1.52 0.00 0.00 0.00 0.00 0.00 0.00 0.00
1.00 -3.58 -3.14 -1.82 -4.93 -5.21 -1.98 -1.44 0.00 0.00 0.00 0.00 0.00 0.00 0.00
0 0 0 0 0 0 0 0 0 0 0 0 0 0 0
1.00 -0.88 1.00 2.19 -2.72 0.13 1.71 -0.02 0.00 0.00 0.00 0.00 0.00 0.00 0.00
0 0 0 0 0 0 0 0 0 0 0 0 0 0 0
1.00 -0.88 1.00 2.19 -2.72 0.13 1.71 -0.02 0.00 0.00 0.00 0.00 0.00 0.00 0.00
0 0 0 0 0 0 0 0 0 0 0 0 0 0 0
1.00 3.02 3.95 4.07 3.42 5.35 3.55 1.44 0.00 0.00 0.00 0.00 0.00 0.00 0.00
0 0 0 0 0 0 0 0 0 0 0 0 0 0 0
1.00 4.67 4.50 4.19 6.81 7.40 3.89 2.00 0.00 0.00 0.00 0.00 0.00 0.00 0.00
0 0 0 0 0 0 0 0 0 0 0 0 0 0 0
1.00 4.97 4.33 3.55 7.77 7.32 3.38 1.98 0.00 0.00 0.00 0.00 0.00 0.00 0.00
0 0 0 0 0 0 0 0 0 0 0 0 0 0 0
1.00 3.91 3.56 3.30 6.53 6.64 3.26 1.73 0.00 0.00 0.00 0.00 0.00 0.00 0.00
0 0 0 0 0 0 0 0 0 0 0 0 0 0 0
1.00 2.45 1.89 1.27 3.97 3.38 1.27 0.92 0.00 0.00 0.00 0.00 0.00 0.00 0.00
0 0 0 0 0 0 0 0 0 0 0 0 0 0 0
1.00 -0.11 -0.80 -1.30 -0.57 -2.00 -1.76 -0.38 0.00 0.00 0.00 0.00 0.00 0.00 0.00
0 0 0 0 0 0 0 0 0 0 0 0 0 0 0
1.00 -3.65 -4.26 -5.18 -6.60 -8.36 -5.24 -2.08 0.00 0.00 0.00 0.00 0.00 0.00 0.00
0 0 0 0 0 0 0 0 0 0 0 0 0 0 0
1.00 -1.71 -2.66 -3.32 -3.88 -4.91 -3.08 -1.24 0.00 0.00 0.00 0.00 0.00 0.00 0.00
0 0 0 0 0 0 0 0 0 0 0 0 0 0 0
