1.00 0.01 -0.41 -0.42 -0.01 -0.32 -0.16 -0.09 0.00 0.00 0.00 0.00 0.00 0.00 0.00
1.00 -0.62 -0.61 -0.47 -0.46 -0.42 -0.21 -0.17 0.00 0.00 0.00 0.00 0.00 0.00 0.00
1.00 -0.51 -0.42 -0.56 -0.09 -0.35 -0.26 -0.09 0.00 0.00 0.00 0.00 0.00 0.00 0.00
0 0 0 0 0 0 0 0 0 0 0 0 0 0 0
1.00 -0.61 -0.52 -0.19 -0.26 -0.22 -0.17 -0.13 0.00 0.00 0.00 0.00 0.00 0.00 0.00
0 0 0 0 0 0 0 0 0 0 0 0 0 0 0
1.00 -0.61 -0.52 -0.19 -0.26 -0.22 -0.17 -0.13 0.00 0.00 0.00 0.00 0.00 0.00 0.00
0 0 0 0 0 0 0 0 0 0 0 0 0 0 0
1.00 -0.50 -0.33 -0.40 -0.19 -0.24 -0.25 0.01 0.00 0.00 0.00 0.00 0.00 0.00 0.00
0 0 0 0 0 0 0 0 0 0 0 0 0 0 0
1.00 -0.15 -0.18 -0.19 -0.02 -0.03 -0.06 0.02 0.00 0.00 0.00 0.00 0.00 0.00 0.00
0 0 0 0 0 0 0 0 0 0 0 0 0 0 0
1.00 -0.23 -0.29 -0.17 -0.11 -0.33 -0.27 -0.06 0.00 0.00 0.00 0.00 0.00 0.00 0.00
0 0 0 0 0 0 0 0 0 0 0 0 0 0 0
1.00 -0.25 -0.22 -0.30 -0.25 -0.17 -0.21 -0.05 0.00 0.00 0.00 0.00 0.00 0.00 0.00
0 0 0 0 0 0 0 0 0 0 0 0 0 0 0
1.00 -0.11 -0.21 -0.13 -0.03 -0.14 -0.03 -0.03 0.00 0.00 0.00 0.00 0.00 0.00 0.00
0 0 0 0 0 0 0 0 0 0 0 0 0 0 0
1.00 -0.26 0.01 -0.11 -0.12 -0.03 -0.09 -0.01 0.00 0.00 0.00 0.00 0.00 0.00 0.00
0 0 0 0 0 0 0 0 0 0 0 0 0 0 0
1.00 -0.08 -0.10 -0.14 -0.02 -0.10 0.01 -0.03 0.00 0.00 0.00 0.00 0.00 0.00 0.00
0 0 0 0 0 0 0 0 0 0 0 0 0 0 0
1.00 -0.03 0.07 0.05 0.04 0.06 0.05 0.04 0.00 0.00 0.00 0.00 0.00 0.00 0.00
0 0 0 0 0 0 0 0 0 0 0 0 0 0 0
