1.00 0.90 2.41 2.81 0.14 1.45 1.40 0.39 0.00 0.00 0.00 0.00 0.00 0.00 0.00
1.00 0.65 2.00 2.34 0.05 1.17 1.14 0.30 0.00 0.00 0.00 0.00 0.00 0.00 0.00
1.00 1.51 1.50 1.56 0.64 1.02 0.90 0.37 0.00 0.00 0.00 0.00 0.00 0.00 0.00
0 0 0 0 0 0 0 0 0 0 0 0 0 0 0
1.00 0.89 1.07 1.06 0.44 0.92 0.68 0.28 0.00 0.00 0.00 0.00 0.00 0.00 0.00
0 0 0 0 0 0 0 0 0 0 0 0 0 0 0
1.00 0.89 1.07 1.06 0.44 0.92 0.68 0.28 0.00 0.00 0.00 0.00 0.00 0.00 0.00
0 0 0 0 0 0 0 0 0 0 0 0 0 0 0
1.00 0.60 0.58 0.22 0.17 0.46 0.29 0.18 0.00 0.00 0.00 0.00 0.00 0.00 0.00
0 0 0 0 0 0 0 0 0 0 0 0 0 0 0
1.00 0.59 0.44 0.52 0.19 0.35 0.44 0.16 0.00 0.00 0.00 0.00 0.00 0.00 0.00
0 0 0 0 0 0 0 0 0 0 0 0 0 0 0
1.00 0.03 -0.18 -0.16 0.04 0.06 0.07 0.09 0.00 0.00 0.00 0.00 0.00 0.00 0.00
0 0 0 0 0 0 0 0 0 0 0 0 0 0 0
1.00 -0.44 -0.82 -1.18 -0.24 -0.68 -0.74 -0.24 0.00 0.00 0.00 0.00 0.00 0.00 0.00
0 0 0 0 0 0 0 0 0 0 0 0 0 0 0
1.00 -0.88 -1.56 -1.95 -0.38 -1.32 -1.27 -0.40 0.00 0.00 0.00 0.00 0.00 0.00 0.00
0 0 0 0 0 0 0 0 0 0 0 0 0 0 0
1.00 0.06 -0.31 -0.89 -0.01 -0.22 -0.60 -0.06 0.00 0.00 0.00 0.00 0.00 0.00 0.00
0 0 0 0 0 0 0 0 0 0 0 0 0 0 0
1.00 -0.61 -1.20 -1.44 -0.20 -0.79 -0.84 -0.27 0.00 0.00 0.00 0.00 0.00 0.00 0.00
0 0 0 0 0 0 0 0 0 0 0 0 0 0 0
1.00 -1.14 -1.54 -1.62 -0.40 -1.13 -0.97 -0.42 0.00 0.00 0.00 0.00 0.00 0.00 0.00
0 0 0 0 0 0 0 0 0 0 0 0 0 0 0
