1.00 -1.35 -1.09 -0.49 -1.59 -1.59 -0.62 -0.50 0.00 0.00 0.00 0.00 0.00 0.00 0.00
1.00 1.00 2.49 3.32 0.54 2.63 2.63 0.64 0.00 0.00 0.00 0.00 0.00 0.00 0.00
1.00 4.99 5.79 5.53 5.44 7.58 4.70 2.09 0.00 0.00 0.00 0.00 0.00 0.00 0.00
0 0 0 0 0 0 0 0 0 0 0 0 0 0 0
1.00 4.41 4.61 4.43 6.20 7.09 3.93 1.98 0.00 0.00 0.00 0.00 0.00 0.00 0.00
0 0 0 0 0 0 0 0 0 0 0 0 0 0 0
1.00 4.41 4.61 4.43 6.20 7.09 3.93 1.98 0.00 0.00 0.00 0.00 0.00 0.00 0.00
0 0 0 0 0 0 0 0 0 0 0 0 0 0 0
1.00 4.20 4.10 3.53 6.52 6.68 3.48 1.84 0.00 0.00 0.00 0.00 0.00 0.00 0.00
0 0 0 0 0 0 0 0 0 0 0 0 0 0 0
1.00 3.06 2.68 2.00 5.03 4.63 1.80 1.28 0.00 0.00 0.00 0.00 0.00 0.00 0.00
0 0 0 0 0 0 0 0 0 0 0 0 0 0 0
1.00 1.29 0.56 -0.20 1.74 0.53 -0.37 0.26 0.00 0.00 0.00 0.00 0.00 0.00 0.00
0 0 0 0 0 0 0 0 0 0 0 0 0 0 0
1.00 3.46 3.17 2.19 4.06 3.16 1.22 1.04 0.00 0.00 0.00 0.00 0.00 0.00 0.00
0 0 0 0 0 0 0 0 0 0 0 0 0 0 0
1.00 3.54 3.27 2.32 4.22 3.37 1.36 1.09 0.00 0.00 0.00 0.00 0.00 0.00 0.00
0 0 0 0 0 0 0 0 0 0 0 0 0 0 0
1.00 0.84 -0.20 -1.05 -0.85 -1.96 -1.63 -0.29 0.00 0.00 0.00 0.00 0.00 0.00 0.00
0 0 0 0 0 0 0 0 0 0 0 0 0 0 0
1.00 -2.82 -3.94 -3.96 -4.94 -5.79 -3.27 -1.53 0.00 0.00 0.00 0.00 0.00 0.00 0.00
0 0 0 0 0 0 0 0 0 0 0 0 0 0 0
1.00 -5.17 -4.69 -3.99 -6.17 -6.31 -3.17 -1.84 0.00 0.00 0.00 0.00 0.00 0.00 0.00
0 0 0 0 0 0 0 0 0 0 0 0 0 0 0
