1.00 3.64 5.17 5.38 3.43 6.03 4.21 1.69 0.00 0.00 0.00 0.00 0.00 0.00 0.00
1.00 2.57 3.16 3.26 2.26 3.88 2.68 1.12 0.00 0.00 0.00 0.00 0.00 0.00 0.00
1.00 3.51 3.68 3.38 4.76 5.44 3.06 1.58 0.00 0.00 0.00 0.00 0.00 0.00 0.00
0 0 0 0 0 0 0 0 0 0 0 0 0 0 0
1.00 3.73 3.45 2.84 5.51 5.67 2.64 1.58 0.00 0.00 0.00 0.00 0.00 0.00 0.00
0 0 0 0 0 0 0 0 0 0 0 0 0 0 0
1.00 3.73 3.45 2.84 5.51 5.67 2.64 1.58 0.00 0.00 0.00 0.00 0.00 0.00 0.00
0 0 0 0 0 0 0 0 0 0 0 0 0 0 0
1.00 3.02 2.32 1.31 4.75 3.65 1.17 1.06 0.00 0.00 0.00 0.00 0.00 0.00 0.00
0 0 0 0 0 0 0 0 0 0 0 0 0 0 0
1.00 2.73 2.19 1.06 2.79 1.68 0.13 0.66 0.00 0.00 0.00 0.00 0.00 0.00 0.00
0 0 0 0 0 0 0 0 0 0 0 0 0 0 0
1.00 -0.77 -1.92 -2.60 -2.51 -3.84 -2.51 -0.93 0.00 0.00 0.00 0.00 0.00 0.00 0.00
0 0 0 0 0 0 0 0 0 0 0 0 0 0 0
1.00 -0.86 -1.95 -2.57 -2.55 -3.81 -2.47 -0.93 0.00 0.00 0.00 0.00 0.00 0.00 0.00
0 0 0 0 0 0 0 0 0 0 0 0 0 0 0
1.00 -4.64 -5.07 -4.58 -5.83 -6.59 -3.58 -1.87 0.00 0.00 0.00 0.00 0.00 0.00 0.00
0 0 0 0 0 0 0 0 0 0 0 0 0 0 0
1.00 -5.78 -5.29 -4.53 -6.37 -6.61 -3.47 -1.95 0.00 0.00 0.00 0.00 0.00 0.00 0.00
0 0 0 0 0 0 0 0 0 0 0 0 0 0 0
1.00 -2.75 -2.54 -1.98 -2.98 -3.09 -1.61 -0.87 0.00 0.00 0.00 0.00 0.00 0.00 0.00
0 0 0 0 0 0 0 0 0 0 0 0 0 0 0
1.00 -2.05 -2.01 -1.60 -2.33 -2.53 -1.27 -0.75 0.00 0.00 0.00 0.00 0.00 0.00 0.00
0 0 0 0 0 0 0 0 0 0 0 0 0 0 0
