1.00 0.07 0.24 0.44 -0.12 0.19 0.39 0.05 0.00 0.00 0.00 0.00 0.00 0.00 0.00
1.00 0.79 0.85 1.08 0.43 0.76 0.54 0.26 0.00 0.00 0.00 0.00 0.00 0.00 0.00
1.00 1.33 1.40 1.22 0.98 1.04 0.52 0.39 0.00 0.00 0.00 0.00 0.00 0.00 0.00
0 0 0 0 0 0 0 0 0 0 0 0 0 0 0
1.00 1.35 1.45 1.24 1.26 1.04 0.33 0.40 0.00 0.00 0.00 0.00 0.00 0.00 0.00
0 0 0 0 0 0 0 0 0 0 0 0 0 0 0
1.00 1.35 1.45 1.24 1.26 1.04 0.33 0.40 0.00 0.00 0.00 0.00 0.00 0.00 0.00
0 0 0 0 0 0 0 0 0 0 0 0 0 0 0
1.00 1.30 1.33 1.06 0.98 1.08 0.49 0.37 0.00 0.00 0.00 0.00 0.00 0.00 0.00
0 0 0 0 0 0 0 0 0 0 0 0 0 0 0
1.00 0.84 0.45 0.31 0.73 0.30 0.14 0.16 0.00 0.00 0.00 0.00 0.00 0.00 0.00
0 0 0 0 0 0 0 0 0 0 0 0 0 0 0
1.00 -0.42 -0.45 -0.49 -0.33 -0.33 -0.25 -0.12 0.00 0.00 0.00 0.00 0.00 0.00 0.00
0 0 0 0 0 0 0 0 0 0 0 0 0 0 0
1.00 -0.74 -0.58 -0.54 -0.61 -0.48 -0.46 -0.18 0.00 0.00 0.00 0.00 0.00 0.00 0.00
0 0 0 0 0 0 0 0 0 0 0 0 0 0 0
1.00 -0.94 -0.72 -0.49 -0.52 -0.64 -0.35 -0.16 0.00 0.00 0.00 0.00 0.00 0.00 0.00
0 0 0 0 0 0 0 0 0 0 0 0 0 0 0
1.00 -0.39 -0.25 -0.16 -0.15 -0.24 -0.15 -0.04 0.00 0.00 0.00 0.00 0.00 0.00 0.00
0 0 0 0 0 0 0 0 0 0 0 0 0 0 0
1.00 -0.35 -0.37 -0.14 -0.26 -0.33 -0.11 -0.12 0.00 0.00 0.00 0.00 0.00 0.00 0.00
0 0 0 0 0 0 0 0 0 0 0 0 0 0 0
1.00 -0.37 -0.44 -0.24 -0.22 -0.40 -0.24 -0.13 0.00 0.00 0.00 0.00 0.00 0.00 0.00
0 0 0 0 0 0 0 0 0 0 0 0 0 0 0
