1.00 -2.56 -1.32 0.27 -3.33 -2.25 0.06 -0.75 0.00 0.00 0.00 0.00 0.00 0.00 0.00
1.00 4.82 5.59 5.56 5.52 7.48 4.44 2.11 0.00 0.00 0.00 0.00 0.00 0.00 0.00
1.00 6.06 6.18 5.47 8.22 8.97 4.56 2.53 0.00 0.00 0.00 0.00 0.00 0.00 0.00
0 0 0 0 0 0 0 0 0 0 0 0 0 0 0
1.00 4.39 4.61 4.50 6.54 7.48 4.09 1.96 0.00 0.00 0.00 0.00 0.00 0.00 0.00
0 0 0 0 0 0 0 0 0 0 0 0 0 0 0
1.00 4.39 4.61 4.50 6.54 7.48 4.09 1.96 0.00 0.00 0.00 0.00 0.00 0.00 0.00
0 0 0 0 0 0 0 0 0 0 0 0 0 0 0
1.00 3.73 3.97 3.96 5.73 6.64 3.68 1.72 0.00 0.00 0.00 0.00 0.00 0.00 0.00
0 0 0 0 0 0 0 0 0 0 0 0 0 0 0
1.00 3.11 3.10 2.83 5.20 5.35 2.54 1.35 0.00 0.00 0.00 0.00 0.00 0.00 0.00
0 0 0 0 0 0 0 0 0 0 0 0 0 0 0
1.00 1.64 1.41 1.08 2.69 2.24 0.78 0.62 0.00 0.00 0.00 0.00 0.00 0.00 0.00
0 0 0 0 0 0 0 0 0 0 0 0 0 0 0
1.00 -0.75 -1.22 -1.60 -1.71 -2.60 -1.96 -0.63 0.00 0.00 0.00 0.00 0.00 0.00 0.00
0 0 0 0 0 0 0 0 0 0 0 0 0 0 0
1.00 -4.15 -4.94 -5.67 -7.33 -8.80 -5.09 -2.23 0.00 0.00 0.00 0.00 0.00 0.00 0.00
0 0 0 0 0 0 0 0 0 0 0 0 0 0 0
1.00 -2.70 -3.83 -4.19 -4.79 -5.94 -3.27 -1.59 0.00 0.00 0.00 0.00 0.00 0.00 0.00
0 0 0 0 0 0 0 0 0 0 0 0 0 0 0
1.00 -4.98 -4.91 -4.19 -6.13 -6.42 -3.14 -1.91 0.00 0.00 0.00 0.00 0.00 0.00 0.00
0 0 0 0 0 0 0 0 0 0 0 0 0 0 0
1.00 -4.51 -4.38 -3.68 -5.48 -5.78 -2.91 -1.67 0.00 0.00 0.00 0.00 0.00 0.00 0.00
0 0 0 0 0 0 0 0 0 0 0 0 0 0 0
