1.00 1.53 2.89 3.14 0.59 1.81 1.52 0.59 0.00 0.00 0.00 0.00 0.00 0.00 0.00
1.00 2.05 2.65 2.94 0.75 1.89 1.62 0.68 0.00 0.00 0.00 0.00 0.00 0.00 0.00
1.00 1.16 2.01 2.46 0.56 1.68 1.58 0.57 0.00 0.00 0.00 0.00 0.00 0.00 0.00
0 0 0 0 0 0 0 0 0 0 0 0 0 0 0
1.00 1.38 1.74 1.59 0.88 1.31 0.94 0.52 0.00 0.00 0.00 0.00 0.00 0.00 0.00
0 0 0 0 0 0 0 0 0 0 0 0 0 0 0
1.00 1.38 1.74 1.59 0.88 1.31 0.94 0.52 0.00 0.00 0.00 0.00 0.00 0.00 0.00
0 0 0 0 0 0 0 0 0 0 0 0 0 0 0
1.00 0.77 0.64 0.54 0.59 0.65 0.53 0.25 0.00 0.00 0.00 0.00 0.00 0.00 0.00
0 0 0 0 0 0 0 0 0 0 0 0 0 0 0
1.00 0.09 -0.12 -0.41 -0.02 0.04 -0.26 0.01 0.00 0.00 0.00 0.00 0.00 0.00 0.00
0 0 0 0 0 0 0 0 0 0 0 0 0 0 0
1.00 -0.71 -0.89 -1.25 -0.38 -0.82 -0.83 -0.28 0.00 0.00 0.00 0.00 0.00 0.00 0.00
0 0 0 0 0 0 0 0 0 0 0 0 0 0 0
1.00 0.20 0.33 0.38 -0.02 0.17 0.20 0.03 0.00 0.00 0.00 0.00 0.00 0.00 0.00
0 0 0 0 0 0 0 0 0 0 0 0 0 0 0
1.00 -0.19 -0.06 -0.28 -0.07 -0.15 -0.23 0.01 0.00 0.00 0.00 0.00 0.00 0.00 0.00
0 0 0 0 0 0 0 0 0 0 0 0 0 0 0
1.00 -0.37 -0.99 -1.59 -0.18 -0.87 -0.82 -0.28 0.00 0.00 0.00 0.00 0.00 0.00 0.00
0 0 0 0 0 0 0 0 0 0 0 0 0 0 0
1.00 -1.22 -1.90 -2.33 -0.63 -1.48 -1.35 -0.45 0.00 0.00 0.00 0.00 0.00 0.00 0.00
0 0 0 0 0 0 0 0 0 0 0 0 0 0 0
1.00 -1.64 -2.41 -2.49 -0.82 -1.63 -1.34 -0.64 0.00 0.00 0.00 0.00 0.00 0.00 0.00
0 0 0 0 0 0 0 0 0 0 0 0 0 0 0
