1.00 -0.20 -0.45 -0.51 0.05 -0.29 -0.32 -0.13 0.00 0.00 0.00 0.00 0.00 0.00 0.00
1.00 -0.48 -0.41 -0.26 -0.07 -0.21 -0.19 -0.09 0.00 0.00 0.00 0.00 0.00 0.00 0.00
1.00 -0.47 -0.42 -0.29 -0.09 -0.22 -0.18 -0.10 0.00 0.00 0.00 0.00 0.00 0.00 0.00
0 0 0 0 0 0 0 0 0 0 0 0 0 0 0
1.00 -0.40 -0.50 -0.46 -0.18 -0.16 -0.25 -0.09 0.00 0.00 0.00 0.00 0.00 0.00 0.00
0 0 0 0 0 0 0 0 0 0 0 0 0 0 0
1.00 -0.40 -0.50 -0.46 -0.18 -0.16 -0.25 -0.09 0.00 0.00 0.00 0.00 0.00 0.00 0.00
0 0 0 0 0 0 0 0 0 0 0 0 0 0 0
1.00 -0.41 -0.48 -0.57 -0.21 -0.45 -0.41 -0.11 0.00 0.00 0.00 0.00 0.00 0.00 0.00
0 0 0 0 0 0 0 0 0 0 0 0 0 0 0
1.00 -0.26 -0.15 -0.13 -0.10 -0.08 -0.06 -0.05 0.00 0.00 0.00 0.00 0.00 0.00 0.00
0 0 0 0 0 0 0 0 0 0 0 0 0 0 0
1.00 -0.07 -0.18 -0.08 -0.07 -0.06 -0.13 -0.02 0.00 0.00 0.00 0.00 0.00 0.00 0.00
0 0 0 0 0 0 0 0 0 0 0 0 0 0 0
1.00 -0.10 -0.09 -0.02 -0.09 -0.06 -0.08 0.01 0.00 0.00 0.00 0.00 0.00 0.00 0.00
0 0 0 0 0 0 0 0 0 0 0 0 0 0 0
1.00 -0.19 -0.19 -0.32 -0.08 -0.17 -0.12 -0.05 0.00 0.00 0.00 0.00 0.00 0.00 0.00
0 0 0 0 0 0 0 0 0 0 0 0 0 0 0
1.00 -0.16 -0.23 -0.26 -0.08 -0.20 -0.13 -0.08 0.00 0.00 0.00 0.00 0.00 0.00 0.00
0 0 0 0 0 0 0 0 0 0 0 0 0 0 0
1.00 -0.01 0.01 -0.19 -0.14 -0.13 -0.13 -0.04 0.00 0.00 0.00 0.00 0.00 0.00 0.00
0 0 0 0 0 0 0 0 0 0 0 0 0 0 0
1.00 -0.08 -0.14 -0.17 -0.05 -0.10 -0.06 -0.05 0.00 0.00 0.00 0.00 0.00 0.00 0.00
0 0 0 0 0 0 0 0 0 0 0 0 0 0 0
