1.00 0.48 1.73 2.42 -1.23 1.13 1.59 0.33 0.00 0.00 0.00 0.00 0.00 0.00 0.00
1.00 2.79 3.26 3.19 2.68 4.29 2.83 1.18 0.00 0.00 0.00 0.00 0.00 0.00 0.00
1.00 3.61 3.79 3.33 5.19 5.89 3.24 1.61 0.00 0.00 0.00 0.00 0.00 0.00 0.00
0 0 0 0 0 0 0 0 0 0 0 0 0 0 0
1.00 3.52 3.11 2.54 5.71 5.58 2.51 1.53 0.00 0.00 0.00 0.00 0.00 0.00 0.00
0 0 0 0 0 0 0 0 0 0 0 0 0 0 0
1.00 3.52 3.11 2.54 5.71 5.58 2.51 1.53 0.00 0.00 0.00 0.00 0.00 0.00 0.00
0 0 0 0 0 0 0 0 0 0 0 0 0 0 0
1.00 2.86 2.21 1.33 5.04 3.93 1.38 1.10 0.00 0.00 0.00 0.00 0.00 0.00 0.00
0 0 0 0 0 0 0 0 0 0 0 0 0 0 0
1.00 4.88 4.46 3.46 7.52 6.94 2.73 1.93 0.00 0.00 0.00 0.00 0.00 0.00 0.00
0 0 0 0 0 0 0 0 0 0 0 0 0 0 0
1.00 2.46 1.70 0.62 2.40 0.96 -0.35 0.49 0.00 0.00 0.00 0.00 0.00 0.00 0.00
0 0 0 0 0 0 0 0 0 0 0 0 0 0 0
1.00 -1.26 -2.58 -3.43 -3.82 -5.44 -3.55 -1.27 0.00 0.00 0.00 0.00 0.00 0.00 0.00
0 0 0 0 0 0 0 0 0 0 0 0 0 0 0
1.00 -5.76 -6.23 -5.59 -8.07 -9.00 -4.48 -2.42 0.00 0.00 0.00 0.00 0.00 0.00 0.00
0 0 0 0 0 0 0 0 0 0 0 0 0 0 0
1.00 -7.01 -6.51 -5.55 -8.70 -9.16 -4.54 -2.60 0.00 0.00 0.00 0.00 0.00 0.00 0.00
0 0 0 0 0 0 0 0 0 0 0 0 0 0 0
1.00 -3.37 -3.21 -2.74 -4.22 -4.43 -2.21 -1.23 0.00 0.00 0.00 0.00 0.00 0.00 0.00
0 0 0 0 0 0 0 0 0 0 0 0 0 0 0
1.00 -2.87 -2.63 -2.19 -3.57 -3.77 -1.89 -1.09 0.00 0.00 0.00 0.00 0.00 0.00 0.00
0 0 0 0 0 0 0 0 0 0 0 0 0 0 0
