1.00 1.43 1.45 1.26 1.37 1.53 0.76 0.51 0.00 0.00 0.00 0.00 0.00 0.00 0.00
1.00 1.50 1.64 1.57 1.58 1.92 0.89 0.60 0.00 0.00 0.00 0.00 0.00 0.00 0.00
1.00 0.77 0.48 -0.03 0.95 0.42 -0.12 0.12 0.00 0.00 0.00 0.00 0.00 0.00 0.00
0 0 0 0 0 0 0 0 0 0 0 0 0 0 0
1.00 0.47 0.20 -0.27 0.72 0.18 -0.25 0.04 0.00 0.00 0.00 0.00 0.00 0.00 0.00
0 0 0 0 0 0 0 0 0 0 0 0 0 0 0
1.00 0.47 0.20 -0.27 0.72 0.18 -0.25 0.04 0.00 0.00 0.00 0.00 0.00 0.00 0.00
0 0 0 0 0 0 0 0 0 0 0 0 0 0 0
1.00 -1.28 -1.88 -2.27 -0.99 -1.93 -1.57 -0.51 0.00 0.00 0.00 0.00 0.00 0.00 0.00
0 0 0 0 0 0 0 0 0 0 0 0 0 0 0
1.00 -0.74 -1.07 -1.19 -0.57 -1.13 -0.90 -0.32 0.00 0.00 0.00 0.00 0.00 0.00 0.00
0 0 0 0 0 0 0 0 0 0 0 0 0 0 0
1.00 -1.35 -1.61 -1.38 -0.98 -1.45 -0.74 -0.49 0.00 0.00 0.00 0.00 0.00 0.00 0.00
0 0 0 0 0 0 0 0 0 0 0 0 0 0 0
1.00 -1.53 -1.50 -1.32 -1.13 -1.33 -0.80 -0.44 0.00 0.00 0.00 0.00 0.00 0.00 0.00
0 0 0 0 0 0 0 0 0 0 0 0 0 0 0
1.00 -1.59 -1.42 -1.27 -1.23 -1.37 -0.84 -0.44 0.00 0.00 0.00 0.00 0.00 0.00 0.00
0 0 0 0 0 0 0 0 0 0 0 0 0 0 0
1.00 -1.56 -1.48 -1.13 -1.19 -1.18 -0.72 -0.41 0.00 0.00 0.00 0.00 0.00 0.00 0.00
0 0 0 0 0 0 0 0 0 0 0 0 0 0 0
1.00 -0.64 -0.64 -0.58 -0.57 -0.46 -0.34 -0.18 0.00 0.00 0.00 0.00 0.00 0.00 0.00
0 0 0 0 0 0 0 0 0 0 0 0 0 0 0
1.00 -0.61 -0.63 -0.56 -0.47 -0.65 -0.30 -0.25 0.00 0.00 0.00 0.00 0.00 0.00 0.00
0 0 0 0 0 0 0 0 0 0 0 0 0 0 0
