1.00 0.31 0.22 0.10 0.21 0.02 0.02 0.05 0.00 0.00 0.00 0.00 0.00 0.00 0.00
1.00 -0.38 -0.44 -0.36 -0.34 -0.27 -0.20 -0.11 0.00 0.00 0.00 0.00 0.00 0.00 0.00
1.00 -0.54 -0.52 -0.38 -0.40 -0.36 -0.22 -0.13 0.00 0.00 0.00 0.00 0.00 0.00 0.00
0 0 0 0 0 0 0 0 0 0 0 0 0 0 0
1.00 -0.64 -0.63 -0.37 -0.19 -0.23 -0.23 -0.09 0.00 0.00 0.00 0.00 0.00 0.00 0.00
0 0 0 0 0 0 0 0 0 0 0 0 0 0 0
1.00 -0.64 -0.63 -0.37 -0.19 -0.23 -0.23 -0.09 0.00 0.00 0.00 0.00 0.00 0.00 0.00
0 0 0 0 0 0 0 0 0 0 0 0 0 0 0
1.00 -0.63 -0.43 -0.54 -0.36 -0.38 -0.35 -0.09 0.00 0.00 0.00 0.00 0.00 0.00 0.00
0 0 0 0 0 0 0 0 0 0 0 0 0 0 0
1.00 -0.48 -0.41 -0.24 -0.30 -0.35 -0.24 -0.12 0.00 0.00 0.00 0.00 0.00 0.00 0.00
0 0 0 0 0 0 0 0 0 0 0 0 0 0 0
1.00 -0.26 -0.30 -0.20 -0.12 -0.19 -0.05 -0.06 0.00 0.00 0.00 0.00 0.00 0.00 0.00
0 0 0 0 0 0 0 0 0 0 0 0 0 0 0
1.00 -0.40 -0.39 -0.34 -0.22 -0.30 -0.16 -0.07 0.00 0.00 0.00 0.00 0.00 0.00 0.00
0 0 0 0 0 0 0 0 0 0 0 0 0 0 0
1.00 -0.20 -0.15 -0.08 -0.03 -0.07 -0.02 0.00 0.00 0.00 0.00 0.00 0.00 0.00 0.00
0 0 0 0 0 0 0 0 0 0 0 0 0 0 0
1.00 -0.10 0.04 -0.07 -0.07 -0.10 -0.00 -0.03 0.00 0.00 0.00 0.00 0.00 0.00 0.00
0 0 0 0 0 0 0 0 0 0 0 0 0 0 0
1.00 -0.18 -0.17 -0.01 -0.21 -0.15 -0.20 -0.03 0.00 0.00 0.00 0.00 0.00 0.00 0.00
0 0 0 0 0 0 0 0 0 0 0 0 0 0 0
1.00 -0.07 -0.07 -0.01 -0.12 -0.03 -0.01 -0.04 0.00 0.00 0.00 0.00 0.00 0.00 0.00
0 0 0 0 0 0 0 0 0 0 0 0 0 0 0
