1.00 1.48 1.67 1.91 0.49 0.86 0.82 0.25 0.00 0.00 0.00 0.00 0.00 0.00 0.00
1.00 0.84 1.45 1.75 0.18 1.07 0.93 0.25 0.00 0.00 0.00 0.00 0.00 0.00 0.00
1.00 0.60 1.08 1.31 0.06 0.80 0.68 0.16 0.00 0.00 0.00 0.00 0.00 0.00 0.00
0 0 0 0 0 0 0 0 0 0 0 0 0 0 0
1.00 0.86 1.07 0.96 0.51 0.73 0.64 0.31 0.00 0.00 0.00 0.00 0.00 0.00 0.00
0 0 0 0 0 0 0 0 0 0 0 0 0 0 0
1.00 0.86 1.07 0.96 0.51 0.73 0.64 0.31 0.00 0.00 0.00 0.00 0.00 0.00 0.00
0 0 0 0 0 0 0 0 0 0 0 0 0 0 0
1.00 0.48 0.15 -0.07 0.36 0.35 0.09 0.16 0.00 0.00 0.00 0.00 0.00 0.00 0.00
0 0 0 0 0 0 0 0 0 0 0 0 0 0 0
1.00 0.72 0.86 0.71 0.51 0.77 0.41 0.28 0.00 0.00 0.00 0.00 0.00 0.00 0.00
0 0 0 0 0 0 0 0 0 0 0 0 0 0 0
1.00 0.25 0.11 0.01 0.15 0.09 0.02 0.01 0.00 0.00 0.00 0.00 0.00 0.00 0.00
0 0 0 0 0 0 0 0 0 0 0 0 0 0 0
1.00 -0.24 -0.35 -0.64 -0.13 -0.27 -0.31 -0.09 0.00 0.00 0.00 0.00 0.00 0.00 0.00
0 0 0 0 0 0 0 0 0 0 0 0 0 0 0
1.00 -0.72 -1.44 -1.80 -0.41 -1.35 -1.02 -0.38 0.00 0.00 0.00 0.00 0.00 0.00 0.00
0 0 0 0 0 0 0 0 0 0 0 0 0 0 0
1.00 -1.43 -2.32 -2.52 -0.75 -1.53 -1.53 -0.58 0.00 0.00 0.00 0.00 0.00 0.00 0.00
0 0 0 0 0 0 0 0 0 0 0 0 0 0 0
1.00 -0.74 -0.82 -1.04 -0.61 -0.70 -0.62 -0.32 0.00 0.00 0.00 0.00 0.00 0.00 0.00
0 0 0 0 0 0 0 0 0 0 0 0 0 0 0
1.00 -0.59 -0.85 -0.95 -0.08 -0.40 -0.35 -0.02 0.00 0.00 0.00 0.00 0.00 0.00 0.00
0 0 0 0 0 0 0 0 0 0 0 0 0 0 0
