1.00 0.93 0.95 0.82 0.65 0.76 0.29 0.33 0.00 0.00 0.00 0.00 0.00 0.00 0.00
1.00 0.78 0.71 0.93 0.69 0.71 0.33 0.25 0.00 0.00 0.00 0.00 0.00 0.00 0.00
1.00 0.82 0.70 0.80 0.66 0.63 0.36 0.25 0.00 0.00 0.00 0.00 0.00 0.00 0.00
0 0 0 0 0 0 0 0 0 0 0 0 0 0 0
1.00 0.38 0.39 0.07 0.44 0.17 -0.10 0.10 0.00 0.00 0.00 0.00 0.00 0.00 0.00
0 0 0 0 0 0 0 0 0 0 0 0 0 0 0
1.00 0.38 0.39 0.07 0.44 0.17 -0.10 0.10 0.00 0.00 0.00 0.00 0.00 0.00 0.00
0 0 0 0 0 0 0 0 0 0 0 0 0 0 0
1.00 -0.61 -0.65 -0.57 -0.27 -0.54 -0.37 -0.09 0.00 0.00 0.00 0.00 0.00 0.00 0.00
0 0 0 0 0 0 0 0 0 0 0 0 0 0 0
1.00 -0.47 -0.32 -0.34 -0.28 -0.27 -0.28 -0.07 0.00 0.00 0.00 0.00 0.00 0.00 0.00
0 0 0 0 0 0 0 0 0 0 0 0 0 0 0
1.00 -0.46 -0.40 -0.36 -0.21 -0.33 -0.22 -0.03 0.00 0.00 0.00 0.00 0.00 0.00 0.00
0 0 0 0 0 0 0 0 0 0 0 0 0 0 0
1.00 -0.68 -0.37 -0.51 -0.28 -0.37 -0.20 -0.13 0.00 0.00 0.00 0.00 0.00 0.00 0.00
0 0 0 0 0 0 0 0 0 0 0 0 0 0 0
1.00 -0.62 -0.54 -0.36 -0.48 -0.31 -0.07 -0.15 0.00 0.00 0.00 0.00 0.00 0.00 0.00
0 0 0 0 0 0 0 0 0 0 0 0 0 0 0
1.00 -0.29 -0.17 -0.07 -0.18 -0.15 -0.10 0.00 0.00 0.00 0.00 0.00 0.00 0.00 0.00
0 0 0 0 0 0 0 0 0 0 0 0 0 0 0
1.00 -0.40 -0.00 -0.28 -0.28 -0.03 -0.29 -0.04 0.00 0.00 0.00 0.00 0.00 0.00 0.00
0 0 0 0 0 0 0 0 0 0 0 0 0 0 0
1.00 -0.16 -0.42 -0.20 -0.25 -0.32 0.03 -0.15 0.00 0.00 0.00 0.00 0.00 0.00 0.00
0 0 0 0 0 0 0 0 0 0 0 0 0 0 0
