1.00 0.91 0.36 0.11 0.67 -0.06 -0.27 0.08 0.00 0.00 0.00 0.00 0.00 0.00 0.00
1.00 1.36 0.58 0.22 1.01 0.18 -0.12 0.20 0.00 0.00 0.00 0.00 0.00 0.00 0.00
1.00 1.05 0.37 -0.00 0.84 0.10 -0.02 0.05 0.00 0.00 0.00 0.00 0.00 0.00 0.00
0 0 0 0 0 0 0 0 0 0 0 0 0 0 0
1.00 0.42 -0.04 -0.24 0.26 -0.18 -0.16 -0.01 0.00 0.00 0.00 0.00 0.00 0.00 0.00
0 0 0 0 0 0 0 0 0 0 0 0 0 0 0
1.00 0.42 -0.04 -0.24 0.26 -0.18 -0.16 -0.01 0.00 0.00 0.00 0.00 0.00 0.00 0.00
0 0 0 0 0 0 0 0 0 0 0 0 0 0 0
1.00 0.23 -0.10 -0.21 0.13 -0.17 -0.13 -0.02 0.00 0.00 0.00 0.00 0.00 0.00 0.00
0 0 0 0 0 0 0 0 0 0 0 0 0 0 0
1.00 -0.56 -0.15 0.03 -0.59 -0.00 0.28 -0.05 0.00 0.00 0.00 0.00 0.00 0.00 0.00
0 0 0 0 0 0 0 0 0 0 0 0 0 0 0
1.00 -0.34 -0.01 -0.08 -0.25 -0.00 0.05 0.01 0.00 0.00 0.00 0.00 0.00 0.00 0.00
0 0 0 0 0 0 0 0 0 0 0 0 0 0 0
1.00 -0.41 0.03 0.32 -0.17 0.22 0.22 0.02 0.00 0.00 0.00 0.00 0.00 0.00 0.00
0 0 0 0 0 0 0 0 0 0 0 0 0 0 0
1.00 -0.46 -0.04 0.25 -0.33 0.34 0.17 0.01 0.00 0.00 0.00 0.00 0.00 0.00 0.00
0 0 0 0 0 0 0 0 0 0 0 0 0 0 0
1.00 -1.15 -0.50 0.07 -0.89 -0.21 0.21 -0.15 0.00 0.00 0.00 0.00 0.00 0.00 0.00
0 0 0 0 0 0 0 0 0 0 0 0 0 0 0
1.00 -0.44 -0.16 -0.06 -0.46 -0.06 0.00 -0.14 0.00 0.00 0.00 0.00 0.00 0.00 0.00
0 0 0 0 0 0 0 0 0 0 0 0 0 0 0
1.00 -0.57 -0.34 -0.08 -0.43 -0.07 -0.02 -0.18 0.00 0.00 0.00 0.00 0.00 0.00 0.00
0 0 0 0 0 0 0 0 0 0 0 0 0 0 0
