1.00 0.34 1.60 2.53 0.02 0.92 1.54 0.23 0.00 0.00 0.00 0.00 0.00 0.00 0.00
1.00 1.84 2.66 2.72 0.99 2.18 1.56 0.69 0.00 0.00 0.00 0.00 0.00 0.00 0.00
1.00 1.70 2.43 2.27 1.15 2.32 1.66 0.79 0.00 0.00 0.00 0.00 0.00 0.00 0.00
0 0 0 0 0 0 0 0 0 0 0 0 0 0 0
1.00 1.35 1.68 1.80 1.20 1.87 1.38 0.72 0.00 0.00 0.00 0.00 0.00 0.00 0.00
0 0 0 0 0 0 0 0 0 0 0 0 0 0 0
1.00 1.35 1.68 1.80 1.20 1.87 1.38 0.72 0.00 0.00 0.00 0.00 0.00 0.00 0.00
0 0 0 0 0 0 0 0 0 0 0 0 0 0 0
1.00 1.07 1.50 1.50 0.88 1.54 1.04 0.57 0.00 0.00 0.00 0.00 0.00 0.00 0.00
0 0 0 0 0 0 0 0 0 0 0 0 0 0 0
1.00 0.47 0.76 0.67 0.58 0.82 0.60 0.34 0.00 0.00 0.00 0.00 0.00 0.00 0.00
0 0 0 0 0 0 0 0 0 0 0 0 0 0 0
1.00 0.11 0.10 -0.07 0.07 0.20 -0.01 0.09 0.00 0.00 0.00 0.00 0.00 0.00 0.00
0 0 0 0 0 0 0 0 0 0 0 0 0 0 0
1.00 -0.34 -0.83 -1.13 -0.26 -0.60 -0.74 -0.23 0.00 0.00 0.00 0.00 0.00 0.00 0.00
0 0 0 0 0 0 0 0 0 0 0 0 0 0 0
1.00 -0.94 -1.67 -2.03 -0.74 -1.59 -1.33 -0.49 0.00 0.00 0.00 0.00 0.00 0.00 0.00
0 0 0 0 0 0 0 0 0 0 0 0 0 0 0
1.00 0.40 0.51 0.43 0.27 0.35 0.25 0.16 0.00 0.00 0.00 0.00 0.00 0.00 0.00
0 0 0 0 0 0 0 0 0 0 0 0 0 0 0
1.00 0.25 -0.19 -0.87 0.11 -0.37 -0.66 -0.09 0.00 0.00 0.00 0.00 0.00 0.00 0.00
0 0 0 0 0 0 0 0 0 0 0 0 0 0 0
1.00 -0.91 -1.69 -1.99 -0.74 -1.64 -1.31 -0.55 0.00 0.00 0.00 0.00 0.00 0.00 0.00
0 0 0 0 0 0 0 0 0 0 0 0 0 0 0
