1.00 -0.41 1.17 1.99 -2.10 0.27 1.57 0.08 0.00 0.00 0.00 0.00 0.00 0.00 0.00
1.00 2.36 3.11 3.37 2.38 4.40 3.21 1.16 0.00 0.00 0.00 0.00 0.00 0.00 0.00
1.00 3.72 3.68 3.37 5.73 6.23 3.43 1.71 0.00 0.00 0.00 0.00 0.00 0.00 0.00
0 0 0 0 0 0 0 0 0 0 0 0 0 0 0
1.00 3.83 3.37 2.84 6.35 6.25 3.01 1.69 0.00 0.00 0.00 0.00 0.00 0.00 0.00
0 0 0 0 0 0 0 0 0 0 0 0 0 0 0
1.00 3.83 3.37 2.84 6.35 6.25 3.01 1.69 0.00 0.00 0.00 0.00 0.00 0.00 0.00
0 0 0 0 0 0 0 0 0 0 0 0 0 0 0
1.00 3.04 2.24 1.42 5.47 4.33 1.30 1.19 0.00 0.00 0.00 0.00 0.00 0.00 0.00
0 0 0 0 0 0 0 0 0 0 0 0 0 0 0
1.00 3.73 3.08 2.37 6.29 5.36 2.07 1.43 0.00 0.00 0.00 0.00 0.00 0.00 0.00
0 0 0 0 0 0 0 0 0 0 0 0 0 0 0
1.00 0.77 0.12 -0.82 0.64 -0.95 -1.54 -0.09 0.00 0.00 0.00 0.00 0.00 0.00 0.00
0 0 0 0 0 0 0 0 0 0 0 0 0 0 0
1.00 -3.12 -3.95 -4.52 -6.00 -7.31 -4.61 -1.83 0.00 0.00 0.00 0.00 0.00 0.00 0.00
0 0 0 0 0 0 0 0 0 0 0 0 0 0 0
1.00 -6.77 -6.81 -6.15 -9.88 -10.80 -5.66 -2.98 0.00 0.00 0.00 0.00 0.00 0.00 0.00
0 0 0 0 0 0 0 0 0 0 0 0 0 0 0
1.00 -3.09 -2.98 -2.85 -4.48 -4.75 -2.67 -1.33 0.00 0.00 0.00 0.00 0.00 0.00 0.00
0 0 0 0 0 0 0 0 0 0 0 0 0 0 0
1.00 -2.99 -2.83 -2.52 -4.16 -4.41 -2.29 -1.29 0.00 0.00 0.00 0.00 0.00 0.00 0.00
0 0 0 0 0 0 0 0 0 0 0 0 0 0 0
1.00 -2.59 -2.45 -2.16 -3.56 -3.83 -2.05 -1.09 0.00 0.00 0.00 0.00 0.00 0.00 0.00
0 0 0 0 0 0 0 0 0 0 0 0 0 0 0
