1.00 -2.28 -2.66 -2.92 -2.15 -3.60 -2.68 -0.91 0.00 0.00 0.00 0.00 0.00 0.00 0.00
1.00 -2.52 -2.77 -2.47 -2.58 -3.83 -2.37 -0.95 0.00 0.00 0.00 0.00 0.00 0.00 0.00
1.00 -0.78 0.25 1.12 -1.48 -0.55 0.84 -0.17 0.00 0.00 0.00 0.00 0.00 0.00 0.00
0 0 0 0 0 0 0 0 0 0 0 0 0 0 0
1.00 3.14 3.92 4.33 2.68 4.98 3.92 1.29 0.00 0.00 0.00 0.00 0.00 0.00 0.00
0 0 0 0 0 0 0 0 0 0 0 0 0 0 0
1.00 3.14 3.92 4.33 2.68 4.98 3.92 1.29 0.00 0.00 0.00 0.00 0.00 0.00 0.00
0 0 0 0 0 0 0 0 0 0 0 0 0 0 0
1.00 5.97 6.39 5.75 7.31 9.67 5.66 2.38 0.00 0.00 0.00 0.00 0.00 0.00 0.00
0 0 0 0 0 0 0 0 0 0 0 0 0 0 0
1.00 4.43 5.05 4.96 6.25 8.21 4.93 1.94 0.00 0.00 0.00 0.00 0.00 0.00 0.00
0 0 0 0 0 0 0 0 0 0 0 0 0 0 0
1.00 4.52 4.82 4.71 7.29 8.34 4.71 2.05 0.00 0.00 0.00 0.00 0.00 0.00 0.00
0 0 0 0 0 0 0 0 0 0 0 0 0 0 0
1.00 4.19 3.96 3.56 7.00 7.30 3.76 1.82 0.00 0.00 0.00 0.00 0.00 0.00 0.00
0 0 0 0 0 0 0 0 0 0 0 0 0 0 0
1.00 2.99 2.53 1.94 5.10 4.72 1.96 1.22 0.00 0.00 0.00 0.00 0.00 0.00 0.00
0 0 0 0 0 0 0 0 0 0 0 0 0 0 0
1.00 2.28 1.84 1.36 4.20 3.75 1.45 0.97 0.00 0.00 0.00 0.00 0.00 0.00 0.00
0 0 0 0 0 0 0 0 0 0 0 0 0 0 0
1.00 -0.10 -0.69 -1.24 -0.31 -1.28 -1.30 -0.36 0.00 0.00 0.00 0.00 0.00 0.00 0.00
0 0 0 0 0 0 0 0 0 0 0 0 0 0 0
1.00 -6.70 -7.15 -7.05 -11.17 -13.11 -7.45 -3.10 0.00 0.00 0.00 0.00 0.00 0.00 0.00
0 0 0 0 0 0 0 0 0 0 0 0 0 0 0
