1.00 0.70 1.87 2.52 0.10 1.06 1.50 0.28 0.00 0.00 0.00 0.00 0.00 0.00 0.00
1.00 1.51 2.01 2.26 0.68 1.64 1.32 0.47 0.00 0.00 0.00 0.00 0.00 0.00 0.00
1.00 1.08 1.58 1.83 0.66 1.58 1.16 0.48 0.00 0.00 0.00 0.00 0.00 0.00 0.00
0 0 0 0 0 0 0 0 0 0 0 0 0 0 0
1.00 0.87 1.26 1.19 0.78 1.26 0.86 0.48 0.00 0.00 0.00 0.00 0.00 0.00 0.00
0 0 0 0 0 0 0 0 0 0 0 0 0 0 0
1.00 0.87 1.26 1.19 0.78 1.26 0.86 0.48 0.00 0.00 0.00 0.00 0.00 0.00 0.00
0 0 0 0 0 0 0 0 0 0 0 0 0 0 0
1.00 0.39 0.33 -0.04 0.33 0.56 0.11 0.21 0.00 0.00 0.00 0.00 0.00 0.00 0.00
0 0 0 0 0 0 0 0 0 0 0 0 0 0 0
1.00 0.36 0.54 0.27 0.26 0.54 0.27 0.20 0.00 0.00 0.00 0.00 0.00 0.00 0.00
0 0 0 0 0 0 0 0 0 0 0 0 0 0 0
1.00 -0.22 -0.37 -0.41 -0.04 -0.21 -0.41 -0.06 0.00 0.00 0.00 0.00 0.00 0.00 0.00
0 0 0 0 0 0 0 0 0 0 0 0 0 0 0
1.00 -0.55 -1.20 -1.84 -0.40 -1.32 -1.42 -0.38 0.00 0.00 0.00 0.00 0.00 0.00 0.00
0 0 0 0 0 0 0 0 0 0 0 0 0 0 0
1.00 -1.34 -2.43 -3.08 -0.94 -2.42 -1.96 -0.74 0.00 0.00 0.00 0.00 0.00 0.00 0.00
0 0 0 0 0 0 0 0 0 0 0 0 0 0 0
1.00 -0.68 -1.06 -1.35 -0.26 -1.11 -0.75 -0.37 0.00 0.00 0.00 0.00 0.00 0.00 0.00
0 0 0 0 0 0 0 0 0 0 0 0 0 0 0
1.00 -0.83 -1.08 -1.41 -0.55 -1.19 -0.88 -0.32 0.00 0.00 0.00 0.00 0.00 0.00 0.00
0 0 0 0 0 0 0 0 0 0 0 0 0 0 0
1.00 -0.79 -1.36 -1.30 -0.53 -0.99 -0.82 -0.35 0.00 0.00 0.00 0.00 0.00 0.00 0.00
0 0 0 0 0 0 0 0 0 0 0 0 0 0 0
