1.00 -2.38 -1.18 -0.01 -3.62 -2.44 -0.18 -0.79 0.00 0.00 0.00 0.00 0.00 0.00 0.00
1.00 0.41 1.76 2.39 -0.54 1.64 1.96 0.39 0.00 0.00 0.00 0.00 0.00 0.00 0.00
1.00 2.85 3.21 3.31 3.29 4.80 2.90 1.26 0.00 0.00 0.00 0.00 0.00 0.00 0.00
0 0 0 0 0 0 0 0 0 0 0 0 0 0 0
1.00 3.94 3.56 3.27 5.68 5.97 3.09 1.68 0.00 0.00 0.00 0.00 0.00 0.00 0.00
0 0 0 0 0 0 0 0 0 0 0 0 0 0 0
1.00 3.94 3.56 3.27 5.68 5.97 3.09 1.68 0.00 0.00 0.00 0.00 0.00 0.00 0.00
0 0 0 0 0 0 0 0 0 0 0 0 0 0 0
1.00 3.90 3.36 2.89 6.28 5.90 2.96 1.64 0.00 0.00 0.00 0.00 0.00 0.00 0.00
0 0 0 0 0 0 0 0 0 0 0 0 0 0 0
1.00 3.45 3.14 3.06 5.63 5.96 3.15 1.61 0.00 0.00 0.00 0.00 0.00 0.00 0.00
0 0 0 0 0 0 0 0 0 0 0 0 0 0 0
1.00 2.20 1.86 1.46 3.99 3.50 1.33 0.92 0.00 0.00 0.00 0.00 0.00 0.00 0.00
0 0 0 0 0 0 0 0 0 0 0 0 0 0 0
1.00 1.62 1.33 1.01 3.22 2.73 0.97 0.70 0.00 0.00 0.00 0.00 0.00 0.00 0.00
0 0 0 0 0 0 0 0 0 0 0 0 0 0 0
1.00 -0.62 -1.22 -1.65 -1.36 -2.59 -1.96 -0.60 0.00 0.00 0.00 0.00 0.00 0.00 0.00
0 0 0 0 0 0 0 0 0 0 0 0 0 0 0
1.00 -4.40 -4.98 -5.46 -7.71 -9.15 -5.49 -2.40 0.00 0.00 0.00 0.00 0.00 0.00 0.00
0 0 0 0 0 0 0 0 0 0 0 0 0 0 0
1.00 -3.30 -3.86 -3.97 -5.36 -6.22 -3.58 -1.71 0.00 0.00 0.00 0.00 0.00 0.00 0.00
0 0 0 0 0 0 0 0 0 0 0 0 0 0 0
1.00 -4.61 -4.17 -3.73 -5.96 -6.22 -3.26 -1.78 0.00 0.00 0.00 0.00 0.00 0.00 0.00
0 0 0 0 0 0 0 0 0 0 0 0 0 0 0
