1.00 1.97 3.41 3.61 0.88 2.45 2.31 0.67 0.00 0.00 0.00 0.00 0.00 0.00 0.00
1.00 2.49 3.06 3.55 1.27 2.60 2.36 0.65 0.00 0.00 0.00 0.00 0.00 0.00 0.00
1.00 2.44 3.06 3.01 1.42 2.69 2.09 0.85 0.00 0.00 0.00 0.00 0.00 0.00 0.00
0 0 0 0 0 0 0 0 0 0 0 0 0 0 0
1.00 2.11 2.03 1.63 1.45 1.88 1.24 0.72 0.00 0.00 0.00 0.00 0.00 0.00 0.00
0 0 0 0 0 0 0 0 0 0 0 0 0 0 0
1.00 2.11 2.03 1.63 1.45 1.88 1.24 0.72 0.00 0.00 0.00 0.00 0.00 0.00 0.00
0 0 0 0 0 0 0 0 0 0 0 0 0 0 0
1.00 2.44 2.81 3.07 1.53 2.66 2.14 0.90 0.00 0.00 0.00 0.00 0.00 0.00 0.00
0 0 0 0 0 0 0 0 0 0 0 0 0 0 0
1.00 1.56 1.90 1.92 1.06 1.56 1.31 0.55 0.00 0.00 0.00 0.00 0.00 0.00 0.00
0 0 0 0 0 0 0 0 0 0 0 0 0 0 0
1.00 0.70 0.71 0.24 0.29 0.34 0.11 0.20 0.00 0.00 0.00 0.00 0.00 0.00 0.00
0 0 0 0 0 0 0 0 0 0 0 0 0 0 0
1.00 -0.19 -0.40 -0.84 -0.27 -0.71 -0.79 -0.19 0.00 0.00 0.00 0.00 0.00 0.00 0.00
0 0 0 0 0 0 0 0 0 0 0 0 0 0 0
1.00 -0.86 -1.40 -1.88 -0.83 -1.48 -1.45 -0.42 0.00 0.00 0.00 0.00 0.00 0.00 0.00
0 0 0 0 0 0 0 0 0 0 0 0 0 0 0
1.00 -2.04 -2.80 -3.02 -1.19 -2.58 -2.20 -0.80 0.00 0.00 0.00 0.00 0.00 0.00 0.00
0 0 0 0 0 0 0 0 0 0 0 0 0 0 0
1.00 -2.78 -3.81 -4.00 -1.68 -3.07 -2.69 -1.00 0.00 0.00 0.00 0.00 0.00 0.00 0.00
0 0 0 0 0 0 0 0 0 0 0 0 0 0 0
1.00 -1.25 -1.85 -1.85 -0.77 -1.60 -1.20 -0.43 0.00 0.00 0.00 0.00 0.00 0.00 0.00
0 0 0 0 0 0 0 0 0 0 0 0 0 0 0
