1.00 1.62 2.39 2.55 0.64 1.77 1.38 0.53 0.00 0.00 0.00 0.00 0.00 0.00 0.00
1.00 1.33 1.75 1.74 0.70 1.53 1.16 0.47 0.00 0.00 0.00 0.00 0.00 0.00 0.00
1.00 0.75 1.21 1.42 0.34 0.99 1.00 0.35 0.00 0.00 0.00 0.00 0.00 0.00 0.00
0 0 0 0 0 0 0 0 0 0 0 0 0 0 0
1.00 0.60 0.78 0.84 0.38 0.91 0.59 0.36 0.00 0.00 0.00 0.00 0.00 0.00 0.00
0 0 0 0 0 0 0 0 0 0 0 0 0 0 0
1.00 0.60 0.78 0.84 0.38 0.91 0.59 0.36 0.00 0.00 0.00 0.00 0.00 0.00 0.00
0 0 0 0 0 0 0 0 0 0 0 0 0 0 0
1.00 0.29 0.36 0.27 0.36 0.52 0.38 0.18 0.00 0.00 0.00 0.00 0.00 0.00 0.00
0 0 0 0 0 0 0 0 0 0 0 0 0 0 0
1.00 -0.04 -0.25 -0.41 0.04 -0.08 -0.08 0.00 0.00 0.00 0.00 0.00 0.00 0.00 0.00
0 0 0 0 0 0 0 0 0 0 0 0 0 0 0
1.00 -0.53 -0.93 -1.38 -0.31 -0.89 -0.86 -0.25 0.00 0.00 0.00 0.00 0.00 0.00 0.00
0 0 0 0 0 0 0 0 0 0 0 0 0 0 0
1.00 0.14 0.24 0.24 -0.05 0.16 0.15 0.05 0.00 0.00 0.00 0.00 0.00 0.00 0.00
0 0 0 0 0 0 0 0 0 0 0 0 0 0 0
1.00 -0.12 -0.38 -1.07 -0.18 -0.69 -0.69 -0.19 0.00 0.00 0.00 0.00 0.00 0.00 0.00
0 0 0 0 0 0 0 0 0 0 0 0 0 0 0
1.00 -0.83 -1.41 -1.59 -0.48 -1.22 -1.07 -0.39 0.00 0.00 0.00 0.00 0.00 0.00 0.00
0 0 0 0 0 0 0 0 0 0 0 0 0 0 0
1.00 -0.98 -1.69 -1.99 -0.51 -1.25 -1.06 -0.39 0.00 0.00 0.00 0.00 0.00 0.00 0.00
0 0 0 0 0 0 0 0 0 0 0 0 0 0 0
1.00 -1.32 -1.76 -1.84 -0.63 -1.49 -1.23 -0.47 0.00 0.00 0.00 0.00 0.00 0.00 0.00
0 0 0 0 0 0 0 0 0 0 0 0 0 0 0
