1.00 -1.49 -1.97 -2.22 -1.88 -2.80 -1.97 -0.74 0.00 0.00 0.00 0.00 0.00 0.00 0.00
1.00 -1.83 -2.44 -2.35 -2.25 -3.49 -2.14 -0.94 0.00 0.00 0.00 0.00 0.00 0.00 0.00
1.00 -2.20 -2.90 -2.87 -2.71 -4.17 -2.60 -1.12 0.00 0.00 0.00 0.00 0.00 0.00 0.00
0 0 0 0 0 0 0 0 0 0 0 0 0 0 0
1.00 -2.20 -1.40 -0.53 -2.90 -2.45 -0.79 -0.79 0.00 0.00 0.00 0.00 0.00 0.00 0.00
0 0 0 0 0 0 0 0 0 0 0 0 0 0 0
1.00 -2.20 -1.40 -0.53 -2.90 -2.45 -0.79 -0.79 0.00 0.00 0.00 0.00 0.00 0.00 0.00
0 0 0 0 0 0 0 0 0 0 0 0 0 0 0
1.00 0.17 1.41 2.08 -0.53 1.36 1.72 0.34 0.00 0.00 0.00 0.00 0.00 0.00 0.00
0 0 0 0 0 0 0 0 0 0 0 0 0 0 0
1.00 3.39 3.89 3.78 3.75 5.72 3.56 1.53 0.00 0.00 0.00 0.00 0.00 0.00 0.00
0 0 0 0 0 0 0 0 0 0 0 0 0 0 0
1.00 5.03 4.89 4.38 7.28 7.83 4.21 2.19 0.00 0.00 0.00 0.00 0.00 0.00 0.00
0 0 0 0 0 0 0 0 0 0 0 0 0 0 0
1.00 4.40 4.47 4.34 7.17 7.90 4.35 2.06 0.00 0.00 0.00 0.00 0.00 0.00 0.00
0 0 0 0 0 0 0 0 0 0 0 0 0 0 0
1.00 4.00 3.69 3.33 6.89 6.79 3.31 1.78 0.00 0.00 0.00 0.00 0.00 0.00 0.00
0 0 0 0 0 0 0 0 0 0 0 0 0 0 0
1.00 0.56 -0.22 -1.21 0.13 -1.30 -1.58 -0.21 0.00 0.00 0.00 0.00 0.00 0.00 0.00
0 0 0 0 0 0 0 0 0 0 0 0 0 0 0
1.00 -3.54 -4.50 -5.41 -6.01 -8.15 -5.42 -2.03 0.00 0.00 0.00 0.00 0.00 0.00 0.00
0 0 0 0 0 0 0 0 0 0 0 0 0 0 0
1.00 -2.97 -3.30 -3.25 -3.99 -4.80 -2.83 -1.36 0.00 0.00 0.00 0.00 0.00 0.00 0.00
0 0 0 0 0 0 0 0 0 0 0 0 0 0 0
