1.00 0.89 0.85 0.58 0.67 0.81 0.14 0.29 0.00 0.00 0.00 0.00 0.00 0.00 0.00
1.00 0.77 0.57 0.37 0.78 0.42 0.13 0.19 0.00 0.00 0.00 0.00 0.00 0.00 0.00
1.00 0.86 0.64 0.32 0.76 0.50 0.15 0.26 0.00 0.00 0.00 0.00 0.00 0.00 0.00
0 0 0 0 0 0 0 0 0 0 0 0 0 0 0
1.00 -0.14 -0.35 -0.51 0.03 -0.45 -0.36 -0.11 0.00 0.00 0.00 0.00 0.00 0.00 0.00
0 0 0 0 0 0 0 0 0 0 0 0 0 0 0
1.00 -0.14 -0.35 -0.51 0.03 -0.45 -0.36 -0.11 0.00 0.00 0.00 0.00 0.00 0.00 0.00
0 0 0 0 0 0 0 0 0 0 0 0 0 0 0
1.00 -0.91 -0.69 -0.85 -0.63 -0.84 -0.51 -0.23 0.00 0.00 0.00 0.00 0.00 0.00 0.00
0 0 0 0 0 0 0 0 0 0 0 0 0 0 0
1.00 -0.82 -0.92 -0.67 -0.65 -0.67 -0.55 -0.27 0.00 0.00 0.00 0.00 0.00 0.00 0.00
0 0 0 0 0 0 0 0 0 0 0 0 0 0 0
1.00 -0.86 -0.96 -0.71 -0.68 -0.70 -0.56 -0.28 0.00 0.00 0.00 0.00 0.00 0.00 0.00
0 0 0 0 0 0 0 0 0 0 0 0 0 0 0
1.00 -0.35 -0.35 -0.22 -0.13 -0.22 -0.35 -0.07 0.00 0.00 0.00 0.00 0.00 0.00 0.00
0 0 0 0 0 0 0 0 0 0 0 0 0 0 0
1.00 -0.20 -0.34 -0.23 -0.32 -0.32 -0.33 -0.10 0.00 0.00 0.00 0.00 0.00 0.00 0.00
0 0 0 0 0 0 0 0 0 0 0 0 0 0 0
1.00 -0.27 -0.18 -0.33 -0.24 -0.27 -0.14 -0.06 0.00 0.00 0.00 0.00 0.00 0.00 0.00
0 0 0 0 0 0 0 0 0 0 0 0 0 0 0
1.00 -0.17 -0.19 -0.16 -0.03 -0.13 -0.09 -0.06 0.00 0.00 0.00 0.00 0.00 0.00 0.00
0 0 0 0 0 0 0 0 0 0 0 0 0 0 0
1.00 -0.29 -0.22 -0.14 -0.06 -0.11 -0.06 -0.07 0.00 0.00 0.00 0.00 0.00 0.00 0.00
0 0 0 0 0 0 0 0 0 0 0 0 0 0 0
