1.00 -2.00 -0.67 0.34 -2.98 -1.56 -0.02 -0.57 0.00 0.00 0.00 0.00 0.00 0.00 0.00
1.00 0.90 2.08 2.65 0.31 2.45 2.31 0.62 0.00 0.00 0.00 0.00 0.00 0.00 0.00
1.00 0.26 1.36 1.93 -0.56 1.35 1.63 0.32 0.00 0.00 0.00 0.00 0.00 0.00 0.00
0 0 0 0 0 0 0 0 0 0 0 0 0 0 0
1.00 2.55 2.62 2.46 3.03 3.95 2.29 1.07 0.00 0.00 0.00 0.00 0.00 0.00 0.00
0 0 0 0 0 0 0 0 0 0 0 0 0 0 0
1.00 2.55 2.62 2.46 3.03 3.95 2.29 1.07 0.00 0.00 0.00 0.00 0.00 0.00 0.00
0 0 0 0 0 0 0 0 0 0 0 0 0 0 0
1.00 3.11 2.76 2.28 4.75 4.58 2.16 1.34 0.00 0.00 0.00 0.00 0.00 0.00 0.00
0 0 0 0 0 0 0 0 0 0 0 0 0 0 0
1.00 3.03 2.17 1.36 5.10 4.14 1.58 1.13 0.00 0.00 0.00 0.00 0.00 0.00 0.00
0 0 0 0 0 0 0 0 0 0 0 0 0 0 0
1.00 3.41 3.06 2.64 5.81 5.55 2.57 1.47 0.00 0.00 0.00 0.00 0.00 0.00 0.00
0 0 0 0 0 0 0 0 0 0 0 0 0 0 0
1.00 1.74 0.97 0.34 2.68 1.27 -0.15 0.44 0.00 0.00 0.00 0.00 0.00 0.00 0.00
0 0 0 0 0 0 0 0 0 0 0 0 0 0 0
1.00 -1.54 -2.29 -2.90 -3.23 -4.87 -3.37 -1.14 0.00 0.00 0.00 0.00 0.00 0.00 0.00
0 0 0 0 0 0 0 0 0 0 0 0 0 0 0
1.00 -5.69 -6.29 -6.50 -8.39 -10.04 -6.01 -2.68 0.00 0.00 0.00 0.00 0.00 0.00 0.00
0 0 0 0 0 0 0 0 0 0 0 0 0 0 0
1.00 -3.60 -3.53 -3.31 -4.77 -5.28 -2.94 -1.42 0.00 0.00 0.00 0.00 0.00 0.00 0.00
0 0 0 0 0 0 0 0 0 0 0 0 0 0 0
1.00 -3.33 -3.24 -2.83 -4.41 -4.72 -2.45 -1.31 0.00 0.00 0.00 0.00 0.00 0.00 0.00
0 0 0 0 0 0 0 0 0 0 0 0 0 0 0
