1.00 -3.13 -3.29 -2.58 -3.86 -4.89 -2.41 -1.30 0.00 0.00 0.00 0.00 0.00 0.00 0.00
1.00 -1.18 0.24 1.12 -2.24 -0.67 0.80 -0.22 0.00 0.00 0.00 0.00 0.00 0.00 0.00
1.00 -1.83 -0.50 0.33 -3.07 -1.72 0.10 -0.51 0.00 0.00 0.00 0.00 0.00 0.00 0.00
0 0 0 0 0 0 0 0 0 0 0 0 0 0 0
1.00 2.09 2.60 3.00 1.64 3.28 2.66 0.84 0.00 0.00 0.00 0.00 0.00 0.00 0.00
0 0 0 0 0 0 0 0 0 0 0 0 0 0 0
1.00 2.09 2.60 3.00 1.64 3.28 2.66 0.84 0.00 0.00 0.00 0.00 0.00 0.00 0.00
0 0 0 0 0 0 0 0 0 0 0 0 0 0 0
1.00 4.29 4.13 3.70 5.85 6.45 3.42 1.68 0.00 0.00 0.00 0.00 0.00 0.00 0.00
0 0 0 0 0 0 0 0 0 0 0 0 0 0 0
1.00 5.27 4.55 3.89 8.17 7.62 3.63 2.09 0.00 0.00 0.00 0.00 0.00 0.00 0.00
0 0 0 0 0 0 0 0 0 0 0 0 0 0 0
1.00 4.40 4.23 4.09 6.88 7.13 3.84 1.91 0.00 0.00 0.00 0.00 0.00 0.00 0.00
0 0 0 0 0 0 0 0 0 0 0 0 0 0 0
1.00 3.77 3.43 3.00 6.29 6.02 2.94 1.65 0.00 0.00 0.00 0.00 0.00 0.00 0.00
0 0 0 0 0 0 0 0 0 0 0 0 0 0 0
1.00 2.02 1.57 0.78 3.93 3.19 0.82 0.75 0.00 0.00 0.00 0.00 0.00 0.00 0.00
0 0 0 0 0 0 0 0 0 0 0 0 0 0 0
1.00 -0.69 -1.54 -2.19 -0.86 -2.16 -2.13 -0.59 0.00 0.00 0.00 0.00 0.00 0.00 0.00
0 0 0 0 0 0 0 0 0 0 0 0 0 0 0
1.00 -4.22 -5.03 -5.61 -7.11 -8.86 -5.49 -2.23 0.00 0.00 0.00 0.00 0.00 0.00 0.00
0 0 0 0 0 0 0 0 0 0 0 0 0 0 0
1.00 -4.68 -4.87 -4.32 -6.99 -7.46 -4.02 -2.00 0.00 0.00 0.00 0.00 0.00 0.00 0.00
0 0 0 0 0 0 0 0 0 0 0 0 0 0 0
