1.00 1.38 2.80 3.24 0.51 2.20 2.24 0.51 0.00 0.00 0.00 0.00 0.00 0.00 0.00
1.00 2.11 2.62 2.79 1.06 2.18 1.93 0.65 0.00 0.00 0.00 0.00 0.00 0.00 0.00
1.00 1.77 2.11 2.17 1.06 1.98 1.72 0.65 0.00 0.00 0.00 0.00 0.00 0.00 0.00
0 0 0 0 0 0 0 0 0 0 0 0 0 0 0
1.00 1.24 1.47 1.26 1.03 1.51 0.98 0.54 0.00 0.00 0.00 0.00 0.00 0.00 0.00
0 0 0 0 0 0 0 0 0 0 0 0 0 0 0
1.00 1.24 1.47 1.26 1.03 1.51 0.98 0.54 0.00 0.00 0.00 0.00 0.00 0.00 0.00
0 0 0 0 0 0 0 0 0 0 0 0 0 0 0
1.00 0.70 0.14 -0.52 0.68 0.19 -0.29 0.21 0.00 0.00 0.00 0.00 0.00 0.00 0.00
0 0 0 0 0 0 0 0 0 0 0 0 0 0 0
1.00 1.47 1.57 1.21 0.77 1.28 0.89 0.51 0.00 0.00 0.00 0.00 0.00 0.00 0.00
0 0 0 0 0 0 0 0 0 0 0 0 0 0 0
1.00 0.59 0.23 -0.13 0.22 0.00 -0.16 0.10 0.00 0.00 0.00 0.00 0.00 0.00 0.00
0 0 0 0 0 0 0 0 0 0 0 0 0 0 0
1.00 -0.39 -0.82 -1.15 -0.58 -0.83 -0.89 -0.28 0.00 0.00 0.00 0.00 0.00 0.00 0.00
0 0 0 0 0 0 0 0 0 0 0 0 0 0 0
1.00 -1.21 -1.86 -2.21 -0.76 -1.91 -1.78 -0.56 0.00 0.00 0.00 0.00 0.00 0.00 0.00
0 0 0 0 0 0 0 0 0 0 0 0 0 0 0
1.00 -2.05 -2.78 -2.82 -1.10 -2.30 -1.91 -0.77 0.00 0.00 0.00 0.00 0.00 0.00 0.00
0 0 0 0 0 0 0 0 0 0 0 0 0 0 0
1.00 -2.57 -3.32 -3.39 -1.40 -2.67 -2.17 -0.85 0.00 0.00 0.00 0.00 0.00 0.00 0.00
0 0 0 0 0 0 0 0 0 0 0 0 0 0 0
1.00 -1.36 -1.74 -1.97 -0.71 -1.42 -1.32 -0.48 0.00 0.00 0.00 0.00 0.00 0.00 0.00
0 0 0 0 0 0 0 0 0 0 0 0 0 0 0
