1.00 -1.57 -0.42 0.56 -3.46 -2.16 0.15 -0.60 0.00 0.00 0.00 0.00 0.00 0.00 0.00
1.00 1.90 2.54 3.08 1.30 3.19 2.70 0.74 0.00 0.00 0.00 0.00 0.00 0.00 0.00
1.00 1.04 1.61 2.15 0.08 1.78 1.85 0.37 0.00 0.00 0.00 0.00 0.00 0.00 0.00
0 0 0 0 0 0 0 0 0 0 0 0 0 0 0
1.00 2.88 3.10 3.02 4.13 5.01 2.82 1.33 0.00 0.00 0.00 0.00 0.00 0.00 0.00
0 0 0 0 0 0 0 0 0 0 0 0 0 0 0
1.00 2.88 3.10 3.02 4.13 5.01 2.82 1.33 0.00 0.00 0.00 0.00 0.00 0.00 0.00
0 0 0 0 0 0 0 0 0 0 0 0 0 0 0
1.00 3.68 3.53 3.10 6.25 5.98 2.87 1.60 0.00 0.00 0.00 0.00 0.00 0.00 0.00
0 0 0 0 0 0 0 0 0 0 0 0 0 0 0
1.00 3.58 2.96 1.87 6.38 5.24 1.99 1.43 0.00 0.00 0.00 0.00 0.00 0.00 0.00
0 0 0 0 0 0 0 0 0 0 0 0 0 0 0
1.00 3.70 3.52 3.07 6.78 6.60 3.09 1.63 0.00 0.00 0.00 0.00 0.00 0.00 0.00
0 0 0 0 0 0 0 0 0 0 0 0 0 0 0
1.00 1.66 0.84 0.03 3.21 1.78 -0.05 0.45 0.00 0.00 0.00 0.00 0.00 0.00 0.00
0 0 0 0 0 0 0 0 0 0 0 0 0 0 0
1.00 -1.86 -2.80 -3.48 -3.63 -5.34 -3.56 -1.27 0.00 0.00 0.00 0.00 0.00 0.00 0.00
0 0 0 0 0 0 0 0 0 0 0 0 0 0 0
1.00 -5.68 -6.45 -6.75 -9.65 -11.09 -6.50 -2.69 0.00 0.00 0.00 0.00 0.00 0.00 0.00
0 0 0 0 0 0 0 0 0 0 0 0 0 0 0
1.00 -3.86 -3.63 -3.41 -5.66 -5.73 -3.24 -1.45 0.00 0.00 0.00 0.00 0.00 0.00 0.00
0 0 0 0 0 0 0 0 0 0 0 0 0 0 0
1.00 -3.34 -3.23 -2.95 -4.81 -4.92 -2.75 -1.27 0.00 0.00 0.00 0.00 0.00 0.00 0.00
0 0 0 0 0 0 0 0 0 0 0 0 0 0 0
