1.00 -2.44 -2.52 -2.02 -2.65 -3.25 -1.61 -0.86 0.00 0.00 0.00 0.00 0.00 0.00 0.00
1.00 -0.68 0.34 1.18 -1.40 -0.28 0.90 -0.10 0.00 0.00 0.00 0.00 0.00 0.00 0.00
1.00 3.41 3.90 3.96 3.19 4.60 3.01 1.26 0.00 0.00 0.00 0.00 0.00 0.00 0.00
0 0 0 0 0 0 0 0 0 0 0 0 0 0 0
1.00 5.94 5.55 4.80 7.40 7.47 3.97 2.09 0.00 0.00 0.00 0.00 0.00 0.00 0.00
0 0 0 0 0 0 0 0 0 0 0 0 0 0 0
1.00 5.94 5.55 4.80 7.40 7.47 3.97 2.09 0.00 0.00 0.00 0.00 0.00 0.00 0.00
0 0 0 0 0 0 0 0 0 0 0 0 0 0 0
1.00 5.20 4.90 4.47 8.06 7.95 3.97 2.09 0.00 0.00 0.00 0.00 0.00 0.00 0.00
0 0 0 0 0 0 0 0 0 0 0 0 0 0 0
1.00 3.97 3.51 2.66 6.41 5.67 2.46 1.48 0.00 0.00 0.00 0.00 0.00 0.00 0.00
0 0 0 0 0 0 0 0 0 0 0 0 0 0 0
1.00 2.09 1.62 0.77 3.24 2.17 0.61 0.56 0.00 0.00 0.00 0.00 0.00 0.00 0.00
0 0 0 0 0 0 0 0 0 0 0 0 0 0 0
1.00 1.42 1.05 0.33 2.44 1.48 0.29 0.37 0.00 0.00 0.00 0.00 0.00 0.00 0.00
0 0 0 0 0 0 0 0 0 0 0 0 0 0 0
1.00 -0.71 -1.07 -1.40 -1.42 -2.09 -1.42 -0.51 0.00 0.00 0.00 0.00 0.00 0.00 0.00
0 0 0 0 0 0 0 0 0 0 0 0 0 0 0
1.00 -3.20 -3.72 -3.45 -5.58 -5.80 -3.11 -1.45 0.00 0.00 0.00 0.00 0.00 0.00 0.00
0 0 0 0 0 0 0 0 0 0 0 0 0 0 0
1.00 -0.59 -0.49 -0.60 -1.74 -1.68 -0.89 -0.35 0.00 0.00 0.00 0.00 0.00 0.00 0.00
0 0 0 0 0 0 0 0 0 0 0 0 0 0 0
1.00 -1.26 -1.46 -1.33 -2.39 -2.53 -1.26 -0.61 0.00 0.00 0.00 0.00 0.00 0.00 0.00
0 0 0 0 0 0 0 0 0 0 0 0 0 0 0
