1.00 -1.21 -2.09 -2.66 -0.70 -1.70 -1.89 -0.45 0.00 0.00 0.00 0.00 0.00 0.00 0.00
1.00 -1.31 -2.42 -3.18 -0.83 -2.04 -2.29 -0.57 0.00 0.00 0.00 0.00 0.00 0.00 0.00
1.00 -1.74 -2.30 -1.62 -0.86 -2.15 -1.22 -0.56 0.00 0.00 0.00 0.00 0.00 0.00 0.00
0 0 0 0 0 0 0 0 0 0 0 0 0 0 0
1.00 0.66 3.22 5.34 0.08 2.57 3.56 0.57 0.00 0.00 0.00 0.00 0.00 0.00 0.00
0 0 0 0 0 0 0 0 0 0 0 0 0 0 0
1.00 0.66 3.22 5.34 0.08 2.57 3.56 0.57 0.00 0.00 0.00 0.00 0.00 0.00 0.00
0 0 0 0 0 0 0 0 0 0 0 0 0 0 0
1.00 5.75 6.95 7.03 3.46 6.36 5.13 1.79 0.00 0.00 0.00 0.00 0.00 0.00 0.00
0 0 0 0 0 0 0 0 0 0 0 0 0 0 0
1.00 3.60 4.05 4.48 2.52 4.09 3.17 1.10 0.00 0.00 0.00 0.00 0.00 0.00 0.00
0 0 0 0 0 0 0 0 0 0 0 0 0 0 0
1.00 3.44 3.80 3.83 2.58 3.87 2.96 1.21 0.00 0.00 0.00 0.00 0.00 0.00 0.00
0 0 0 0 0 0 0 0 0 0 0 0 0 0 0
1.00 2.25 1.79 1.07 1.82 1.94 0.85 0.70 0.00 0.00 0.00 0.00 0.00 0.00 0.00
0 0 0 0 0 0 0 0 0 0 0 0 0 0 0
1.00 2.85 3.05 3.03 2.29 3.39 2.43 1.05 0.00 0.00 0.00 0.00 0.00 0.00 0.00
0 0 0 0 0 0 0 0 0 0 0 0 0 0 0
1.00 1.45 1.54 1.79 1.16 1.68 1.23 0.55 0.00 0.00 0.00 0.00 0.00 0.00 0.00
0 0 0 0 0 0 0 0 0 0 0 0 0 0 0
1.00 0.55 0.66 0.69 0.40 0.68 0.40 0.24 0.00 0.00 0.00 0.00 0.00 0.00 0.00
0 0 0 0 0 0 0 0 0 0 0 0 0 0 0
1.00 -0.48 -0.97 -1.32 -0.35 -0.99 -1.05 -0.28 0.00 0.00 0.00 0.00 0.00 0.00 0.00
0 0 0 0 0 0 0 0 0 0 0 0 0 0 0
