1.00 1.26 0.74 0.37 0.60 0.24 -0.02 0.10 0.00 0.00 0.00 0.00 0.00 0.00 0.00
1.00 2.39 1.29 0.93 1.24 0.38 0.13 0.27 0.00 0.00 0.00 0.00 0.00 0.00 0.00
1.00 1.87 1.19 0.87 1.13 0.28 0.08 0.24 0.00 0.00 0.00 0.00 0.00 0.00 0.00
0 0 0 0 0 0 0 0 0 0 0 0 0 0 0
1.00 1.74 1.00 0.83 1.30 0.29 0.14 0.23 0.00 0.00 0.00 0.00 0.00 0.00 0.00
0 0 0 0 0 0 0 0 0 0 0 0 0 0 0
1.00 1.74 1.00 0.83 1.30 0.29 0.14 0.23 0.00 0.00 0.00 0.00 0.00 0.00 0.00
0 0 0 0 0 0 0 0 0 0 0 0 0 0 0
1.00 1.21 0.57 0.24 0.81 0.14 0.05 0.09 0.00 0.00 0.00 0.00 0.00 0.00 0.00
0 0 0 0 0 0 0 0 0 0 0 0 0 0 0
1.00 0.31 0.12 0.00 0.02 0.06 0.01 0.03 0.00 0.00 0.00 0.00 0.00 0.00 0.00
0 0 0 0 0 0 0 0 0 0 0 0 0 0 0
1.00 -0.92 -0.46 -0.32 -0.69 -0.02 0.03 -0.09 0.00 0.00 0.00 0.00 0.00 0.00 0.00
0 0 0 0 0 0 0 0 0 0 0 0 0 0 0
1.00 0.00 0.07 0.09 0.05 0.39 0.14 0.07 0.00 0.00 0.00 0.00 0.00 0.00 0.00
0 0 0 0 0 0 0 0 0 0 0 0 0 0 0
1.00 -0.41 -0.12 0.10 -0.26 0.15 0.02 -0.04 0.00 0.00 0.00 0.00 0.00 0.00 0.00
0 0 0 0 0 0 0 0 0 0 0 0 0 0 0
1.00 -0.73 -0.34 -0.15 -0.34 0.09 0.16 -0.06 0.00 0.00 0.00 0.00 0.00 0.00 0.00
0 0 0 0 0 0 0 0 0 0 0 0 0 0 0
1.00 -1.24 -0.60 -0.35 -0.66 0.02 -0.02 -0.08 0.00 0.00 0.00 0.00 0.00 0.00 0.00
0 0 0 0 0 0 0 0 0 0 0 0 0 0 0
1.00 -2.00 -1.13 -0.82 -1.06 -0.55 -0.17 -0.22 0.00 0.00 0.00 0.00 0.00 0.00 0.00
0 0 0 0 0 0 0 0 0 0 0 0 0 0 0
