1.00 -3.01 -3.60 -4.11 -3.72 -5.23 -3.43 -1.28 0.00 0.00 0.00 0.00 0.00 0.00 0.00
1.00 -3.22 -2.65 -1.11 -4.14 -4.12 -1.29 -1.17 0.00 0.00 0.00 0.00 0.00 0.00 0.00
1.00 0.91 2.36 3.16 -0.15 2.24 2.64 0.59 0.00 0.00 0.00 0.00 0.00 0.00 0.00
0 0 0 0 0 0 0 0 0 0 0 0 0 0 0
1.00 4.64 5.09 5.01 5.58 7.45 4.37 1.89 0.00 0.00 0.00 0.00 0.00 0.00 0.00
0 0 0 0 0 0 0 0 0 0 0 0 0 0 0
1.00 4.64 5.09 5.01 5.58 7.45 4.37 1.89 0.00 0.00 0.00 0.00 0.00 0.00 0.00
0 0 0 0 0 0 0 0 0 0 0 0 0 0 0
1.00 6.42 6.10 5.53 9.48 9.65 4.96 2.54 0.00 0.00 0.00 0.00 0.00 0.00 0.00
0 0 0 0 0 0 0 0 0 0 0 0 0 0 0
1.00 6.93 7.16 6.89 11.17 11.89 6.42 3.03 0.00 0.00 0.00 0.00 0.00 0.00 0.00
0 0 0 0 0 0 0 0 0 0 0 0 0 0 0
1.00 6.07 5.76 5.12 9.89 9.83 4.64 2.43 0.00 0.00 0.00 0.00 0.00 0.00 0.00
0 0 0 0 0 0 0 0 0 0 0 0 0 0 0
1.00 3.71 3.09 2.02 5.65 4.47 1.44 1.19 0.00 0.00 0.00 0.00 0.00 0.00 0.00
0 0 0 0 0 0 0 0 0 0 0 0 0 0 0
1.00 3.35 2.80 1.82 5.22 4.11 1.30 1.09 0.00 0.00 0.00 0.00 0.00 0.00 0.00
0 0 0 0 0 0 0 0 0 0 0 0 0 0 0
1.00 -0.26 -1.32 -2.46 -1.79 -3.34 -2.45 -0.70 0.00 0.00 0.00 0.00 0.00 0.00 0.00
0 0 0 0 0 0 0 0 0 0 0 0 0 0 0
1.00 -5.09 -5.83 -5.62 -7.98 -9.01 -4.93 -2.23 0.00 0.00 0.00 0.00 0.00 0.00 0.00
0 0 0 0 0 0 0 0 0 0 0 0 0 0 0
1.00 -7.39 -6.82 -5.73 -10.12 -9.82 -4.91 -2.61 0.00 0.00 0.00 0.00 0.00 0.00 0.00
0 0 0 0 0 0 0 0 0 0 0 0 0 0 0
