1.00 1.24 0.72 0.46 0.42 0.07 0.07 0.13 0.00 0.00 0.00 0.00 0.00 0.00 0.00
1.00 1.34 0.84 0.54 0.72 0.19 0.13 0.16 0.00 0.00 0.00 0.00 0.00 0.00 0.00
1.00 1.52 0.99 0.50 0.96 0.48 0.07 0.24 0.00 0.00 0.00 0.00 0.00 0.00 0.00
0 0 0 0 0 0 0 0 0 0 0 0 0 0 0
1.00 1.24 0.78 0.57 0.97 0.71 0.44 0.22 0.00 0.00 0.00 0.00 0.00 0.00 0.00
0 0 0 0 0 0 0 0 0 0 0 0 0 0 0
1.00 1.24 0.78 0.57 0.97 0.71 0.44 0.22 0.00 0.00 0.00 0.00 0.00 0.00 0.00
0 0 0 0 0 0 0 0 0 0 0 0 0 0 0
1.00 0.99 0.64 0.63 0.61 0.51 0.20 0.14 0.00 0.00 0.00 0.00 0.00 0.00 0.00
0 0 0 0 0 0 0 0 0 0 0 0 0 0 0
1.00 0.69 0.69 0.56 0.61 0.74 0.37 0.18 0.00 0.00 0.00 0.00 0.00 0.00 0.00
0 0 0 0 0 0 0 0 0 0 0 0 0 0 0
1.00 0.07 0.18 0.19 0.42 0.72 0.20 0.08 0.00 0.00 0.00 0.00 0.00 0.00 0.00
0 0 0 0 0 0 0 0 0 0 0 0 0 0 0
1.00 -0.61 -0.31 -0.31 0.01 0.30 0.05 -0.04 0.00 0.00 0.00 0.00 0.00 0.00 0.00
0 0 0 0 0 0 0 0 0 0 0 0 0 0 0
1.00 -1.70 -1.30 -1.06 -0.98 -0.87 -0.46 -0.30 0.00 0.00 0.00 0.00 0.00 0.00 0.00
0 0 0 0 0 0 0 0 0 0 0 0 0 0 0
1.00 -0.87 -0.74 -0.78 -0.60 -0.60 -0.45 -0.23 0.00 0.00 0.00 0.00 0.00 0.00 0.00
0 0 0 0 0 0 0 0 0 0 0 0 0 0 0
1.00 -1.38 -1.02 -0.80 -1.15 -0.88 -0.41 -0.33 0.00 0.00 0.00 0.00 0.00 0.00 0.00
0 0 0 0 0 0 0 0 0 0 0 0 0 0 0
1.00 -1.52 -1.06 -0.81 -1.12 -0.76 -0.27 -0.24 0.00 0.00 0.00 0.00 0.00 0.00 0.00
0 0 0 0 0 0 0 0 0 0 0 0 0 0 0
