1.00 -1.19 -2.04 -2.81 -0.52 -1.43 -1.65 -0.45 0.00 0.00 0.00 0.00 0.00 0.00 0.00
1.00 -1.25 -1.13 0.58 -0.48 -0.89 0.33 -0.20 0.00 0.00 0.00 0.00 0.00 0.00 0.00
1.00 1.74 3.99 4.81 0.58 2.77 2.88 0.75 0.00 0.00 0.00 0.00 0.00 0.00 0.00
0 0 0 0 0 0 0 0 0 0 0 0 0 0 0
1.00 3.76 4.74 4.86 1.67 3.42 2.89 1.17 0.00 0.00 0.00 0.00 0.00 0.00 0.00
0 0 0 0 0 0 0 0 0 0 0 0 0 0 0
1.00 3.76 4.74 4.86 1.67 3.42 2.89 1.17 0.00 0.00 0.00 0.00 0.00 0.00 0.00
0 0 0 0 0 0 0 0 0 0 0 0 0 0 0
1.00 2.48 3.28 3.58 1.38 2.71 2.27 0.86 0.00 0.00 0.00 0.00 0.00 0.00 0.00
0 0 0 0 0 0 0 0 0 0 0 0 0 0 0
1.00 2.05 2.64 2.69 1.25 2.15 1.89 0.77 0.00 0.00 0.00 0.00 0.00 0.00 0.00
0 0 0 0 0 0 0 0 0 0 0 0 0 0 0
1.00 1.45 1.67 1.64 0.84 1.45 0.98 0.55 0.00 0.00 0.00 0.00 0.00 0.00 0.00
0 0 0 0 0 0 0 0 0 0 0 0 0 0 0
1.00 0.58 0.19 0.01 0.10 0.04 -0.11 0.09 0.00 0.00 0.00 0.00 0.00 0.00 0.00
0 0 0 0 0 0 0 0 0 0 0 0 0 0 0
1.00 -0.47 -1.05 -1.28 -0.49 -1.18 -1.02 -0.31 0.00 0.00 0.00 0.00 0.00 0.00 0.00
0 0 0 0 0 0 0 0 0 0 0 0 0 0 0
1.00 -1.33 -1.96 -2.39 -0.88 -1.74 -1.63 -0.56 0.00 0.00 0.00 0.00 0.00 0.00 0.00
0 0 0 0 0 0 0 0 0 0 0 0 0 0 0
1.00 -0.32 -0.41 -0.85 -0.19 -0.51 -0.53 -0.17 0.00 0.00 0.00 0.00 0.00 0.00 0.00
0 0 0 0 0 0 0 0 0 0 0 0 0 0 0
1.00 -1.16 -1.89 -2.19 -0.51 -1.44 -1.31 -0.50 0.00 0.00 0.00 0.00 0.00 0.00 0.00
0 0 0 0 0 0 0 0 0 0 0 0 0 0 0
