1.00 -1.16 -0.47 -0.17 -0.51 -0.06 0.03 -0.11 0.00 0.00 0.00 0.00 0.00 0.00 0.00
1.00 -0.24 -0.00 0.27 -0.29 -0.11 0.15 -0.04 0.00 0.00 0.00 0.00 0.00 0.00 0.00
1.00 0.96 0.65 0.38 0.34 0.24 0.11 0.13 0.00 0.00 0.00 0.00 0.00 0.00 0.00
0 0 0 0 0 0 0 0 0 0 0 0 0 0 0
1.00 1.57 0.73 0.23 0.91 0.15 -0.04 0.14 0.00 0.00 0.00 0.00 0.00 0.00 0.00
0 0 0 0 0 0 0 0 0 0 0 0 0 0 0
1.00 1.57 0.73 0.23 0.91 0.15 -0.04 0.14 0.00 0.00 0.00 0.00 0.00 0.00 0.00
0 0 0 0 0 0 0 0 0 0 0 0 0 0 0
1.00 1.76 0.93 0.57 0.94 0.26 0.03 0.17 0.00 0.00 0.00 0.00 0.00 0.00 0.00
0 0 0 0 0 0 0 0 0 0 0 0 0 0 0
1.00 1.55 0.88 0.52 0.98 0.40 0.10 0.21 0.00 0.00 0.00 0.00 0.00 0.00 0.00
0 0 0 0 0 0 0 0 0 0 0 0 0 0 0
1.00 1.15 0.63 0.24 0.77 0.24 0.05 0.15 0.00 0.00 0.00 0.00 0.00 0.00 0.00
0 0 0 0 0 0 0 0 0 0 0 0 0 0 0
1.00 0.19 0.02 -0.09 0.04 -0.08 0.03 -0.05 0.00 0.00 0.00 0.00 0.00 0.00 0.00
0 0 0 0 0 0 0 0 0 0 0 0 0 0 0
1.00 -0.86 -0.49 -0.26 -0.46 0.05 0.08 -0.08 0.00 0.00 0.00 0.00 0.00 0.00 0.00
0 0 0 0 0 0 0 0 0 0 0 0 0 0 0
1.00 0.33 0.21 0.22 0.13 0.18 0.10 0.02 0.00 0.00 0.00 0.00 0.00 0.00 0.00
0 0 0 0 0 0 0 0 0 0 0 0 0 0 0
1.00 0.03 0.14 -0.01 0.04 0.34 -0.01 -0.03 0.00 0.00 0.00 0.00 0.00 0.00 0.00
0 0 0 0 0 0 0 0 0 0 0 0 0 0 0
1.00 -0.17 -0.00 0.12 0.09 0.17 0.31 0.01 0.00 0.00 0.00 0.00 0.00 0.00 0.00
0 0 0 0 0 0 0 0 0 0 0 0 0 0 0
