1.00 -1.86 -1.93 -0.36 -0.91 -1.44 -0.37 -0.48 0.00 0.00 0.00 0.00 0.00 0.00 0.00
1.00 0.79 2.95 4.07 0.11 1.83 2.24 0.42 0.00 0.00 0.00 0.00 0.00 0.00 0.00
1.00 3.08 3.76 3.74 1.41 2.68 2.36 0.85 0.00 0.00 0.00 0.00 0.00 0.00 0.00
0 0 0 0 0 0 0 0 0 0 0 0 0 0 0
1.00 2.73 3.22 3.10 1.36 2.51 1.95 0.85 0.00 0.00 0.00 0.00 0.00 0.00 0.00
0 0 0 0 0 0 0 0 0 0 0 0 0 0 0
1.00 2.73 3.22 3.10 1.36 2.51 1.95 0.85 0.00 0.00 0.00 0.00 0.00 0.00 0.00
0 0 0 0 0 0 0 0 0 0 0 0 0 0 0
1.00 2.39 3.31 3.52 1.28 2.68 2.39 0.93 0.00 0.00 0.00 0.00 0.00 0.00 0.00
0 0 0 0 0 0 0 0 0 0 0 0 0 0 0
1.00 2.25 2.86 3.25 1.24 2.50 2.14 0.88 0.00 0.00 0.00 0.00 0.00 0.00 0.00
0 0 0 0 0 0 0 0 0 0 0 0 0 0 0
1.00 1.90 2.29 2.28 1.19 1.83 1.35 0.69 0.00 0.00 0.00 0.00 0.00 0.00 0.00
0 0 0 0 0 0 0 0 0 0 0 0 0 0 0
1.00 1.20 1.48 1.52 0.54 1.05 0.84 0.44 0.00 0.00 0.00 0.00 0.00 0.00 0.00
0 0 0 0 0 0 0 0 0 0 0 0 0 0 0
1.00 0.57 0.76 0.89 0.10 0.47 0.45 0.11 0.00 0.00 0.00 0.00 0.00 0.00 0.00
0 0 0 0 0 0 0 0 0 0 0 0 0 0 0
1.00 0.26 0.26 0.16 0.05 0.00 -0.04 0.02 0.00 0.00 0.00 0.00 0.00 0.00 0.00
0 0 0 0 0 0 0 0 0 0 0 0 0 0 0
1.00 -0.44 -0.79 -1.23 -0.26 -0.81 -0.86 -0.21 0.00 0.00 0.00 0.00 0.00 0.00 0.00
0 0 0 0 0 0 0 0 0 0 0 0 0 0 0
1.00 -1.62 -2.55 -2.95 -0.86 -1.92 -1.80 -0.59 0.00 0.00 0.00 0.00 0.00 0.00 0.00
0 0 0 0 0 0 0 0 0 0 0 0 0 0 0
