1.00 3.76 5.57 5.67 1.60 3.97 3.38 1.21 0.00 0.00 0.00 0.00 0.00 0.00 0.00
1.00 2.30 3.01 3.11 1.00 2.28 1.98 0.64 0.00 0.00 0.00 0.00 0.00 0.00 0.00
1.00 2.12 2.48 2.61 1.07 1.99 1.59 0.70 0.00 0.00 0.00 0.00 0.00 0.00 0.00
0 0 0 0 0 0 0 0 0 0 0 0 0 0 0
1.00 1.50 1.45 1.31 0.85 1.22 0.75 0.52 0.00 0.00 0.00 0.00 0.00 0.00 0.00
0 0 0 0 0 0 0 0 0 0 0 0 0 0 0
1.00 1.50 1.45 1.31 0.85 1.22 0.75 0.52 0.00 0.00 0.00 0.00 0.00 0.00 0.00
0 0 0 0 0 0 0 0 0 0 0 0 0 0 0
1.00 0.56 0.26 0.01 0.32 -0.07 -0.10 0.15 0.00 0.00 0.00 0.00 0.00 0.00 0.00
0 0 0 0 0 0 0 0 0 0 0 0 0 0 0
1.00 0.88 0.90 0.61 0.29 0.53 0.36 0.24 0.00 0.00 0.00 0.00 0.00 0.00 0.00
0 0 0 0 0 0 0 0 0 0 0 0 0 0 0
1.00 0.02 -0.13 -0.14 -0.10 -0.23 -0.14 0.03 0.00 0.00 0.00 0.00 0.00 0.00 0.00
0 0 0 0 0 0 0 0 0 0 0 0 0 0 0
1.00 -0.60 -0.90 -0.74 -0.39 -0.82 -0.63 -0.28 0.00 0.00 0.00 0.00 0.00 0.00 0.00
0 0 0 0 0 0 0 0 0 0 0 0 0 0 0
1.00 -1.19 -1.40 -1.88 -0.54 -1.29 -1.35 -0.44 0.00 0.00 0.00 0.00 0.00 0.00 0.00
0 0 0 0 0 0 0 0 0 0 0 0 0 0 0
1.00 -1.82 -2.89 -3.56 -1.03 -2.15 -2.08 -0.71 0.00 0.00 0.00 0.00 0.00 0.00 0.00
0 0 0 0 0 0 0 0 0 0 0 0 0 0 0
1.00 -1.16 -1.55 -1.64 -0.51 -1.19 -0.93 -0.37 0.00 0.00 0.00 0.00 0.00 0.00 0.00
0 0 0 0 0 0 0 0 0 0 0 0 0 0 0
1.00 -1.49 -1.89 -2.06 -0.67 -1.36 -1.14 -0.47 0.00 0.00 0.00 0.00 0.00 0.00 0.00
0 0 0 0 0 0 0 0 0 0 0 0 0 0 0
