1.00 2.00 1.33 0.93 0.98 0.33 0.30 0.22 0.00 0.00 0.00 0.00 0.00 0.00 0.00
1.00 1.58 1.24 0.89 0.82 0.48 0.20 0.30 0.00 0.00 0.00 0.00 0.00 0.00 0.00
1.00 1.71 1.11 0.75 1.12 0.55 0.39 0.25 0.00 0.00 0.00 0.00 0.00 0.00 0.00
0 0 0 0 0 0 0 0 0 0 0 0 0 0 0
1.00 1.36 0.64 0.36 1.10 0.43 0.07 0.17 0.00 0.00 0.00 0.00 0.00 0.00 0.00
0 0 0 0 0 0 0 0 0 0 0 0 0 0 0
1.00 1.36 0.64 0.36 1.10 0.43 0.07 0.17 0.00 0.00 0.00 0.00 0.00 0.00 0.00
0 0 0 0 0 0 0 0 0 0 0 0 0 0 0
1.00 0.24 0.05 -0.03 0.38 0.20 0.03 0.04 0.00 0.00 0.00 0.00 0.00 0.00 0.00
0 0 0 0 0 0 0 0 0 0 0 0 0 0 0
1.00 0.58 0.50 0.21 0.46 0.56 0.06 0.14 0.00 0.00 0.00 0.00 0.00 0.00 0.00
0 0 0 0 0 0 0 0 0 0 0 0 0 0 0
1.00 0.09 0.05 0.10 0.30 0.33 0.20 0.04 0.00 0.00 0.00 0.00 0.00 0.00 0.00
0 0 0 0 0 0 0 0 0 0 0 0 0 0 0
1.00 -0.45 -0.15 -0.03 -0.05 0.19 0.12 -0.03 0.00 0.00 0.00 0.00 0.00 0.00 0.00
0 0 0 0 0 0 0 0 0 0 0 0 0 0 0
1.00 -1.16 -0.74 -0.30 -0.65 -0.16 -0.04 -0.16 0.00 0.00 0.00 0.00 0.00 0.00 0.00
0 0 0 0 0 0 0 0 0 0 0 0 0 0 0
1.00 -2.14 -1.50 -1.14 -1.75 -1.02 -0.43 -0.42 0.00 0.00 0.00 0.00 0.00 0.00 0.00
0 0 0 0 0 0 0 0 0 0 0 0 0 0 0
1.00 -1.25 -0.82 -0.35 -0.89 -0.50 -0.14 -0.20 0.00 0.00 0.00 0.00 0.00 0.00 0.00
0 0 0 0 0 0 0 0 0 0 0 0 0 0 0
1.00 -1.37 -0.77 -0.50 -0.91 -0.46 -0.21 -0.21 0.00 0.00 0.00 0.00 0.00 0.00 0.00
0 0 0 0 0 0 0 0 0 0 0 0 0 0 0
