1.00 -2.84 -3.38 -3.94 -3.82 -4.99 -3.38 -1.27 0.00 0.00 0.00 0.00 0.00 0.00 0.00
1.00 -2.80 -2.06 -0.65 -3.91 -3.49 -0.76 -1.03 0.00 0.00 0.00 0.00 0.00 0.00 0.00
1.00 0.83 2.05 2.88 0.27 2.24 2.38 0.49 0.00 0.00 0.00 0.00 0.00 0.00 0.00
0 0 0 0 0 0 0 0 0 0 0 0 0 0 0
1.00 4.16 4.72 4.91 5.26 6.98 4.29 1.83 0.00 0.00 0.00 0.00 0.00 0.00 0.00
0 0 0 0 0 0 0 0 0 0 0 0 0 0 0
1.00 4.16 4.72 4.91 5.26 6.98 4.29 1.83 0.00 0.00 0.00 0.00 0.00 0.00 0.00
0 0 0 0 0 0 0 0 0 0 0 0 0 0 0
1.00 5.99 5.86 5.51 9.15 9.49 5.01 2.56 0.00 0.00 0.00 0.00 0.00 0.00 0.00
0 0 0 0 0 0 0 0 0 0 0 0 0 0 0
1.00 5.25 5.08 4.84 8.44 8.57 4.59 2.26 0.00 0.00 0.00 0.00 0.00 0.00 0.00
0 0 0 0 0 0 0 0 0 0 0 0 0 0 0
1.00 3.89 3.50 2.86 6.72 6.41 2.92 1.69 0.00 0.00 0.00 0.00 0.00 0.00 0.00
0 0 0 0 0 0 0 0 0 0 0 0 0 0 0
1.00 1.32 0.46 -0.53 2.55 0.82 -0.54 0.24 0.00 0.00 0.00 0.00 0.00 0.00 0.00
0 0 0 0 0 0 0 0 0 0 0 0 0 0 0
1.00 -2.18 -2.99 -3.94 -4.39 -5.93 -4.12 -1.41 0.00 0.00 0.00 0.00 0.00 0.00 0.00
0 0 0 0 0 0 0 0 0 0 0 0 0 0 0
1.00 0.72 -0.07 -1.18 -0.63 -1.72 -1.66 -0.33 0.00 0.00 0.00 0.00 0.00 0.00 0.00
0 0 0 0 0 0 0 0 0 0 0 0 0 0 0
1.00 1.00 0.23 -0.88 -0.19 -1.22 -1.37 -0.20 0.00 0.00 0.00 0.00 0.00 0.00 0.00
0 0 0 0 0 0 0 0 0 0 0 0 0 0 0
1.00 -2.17 -2.64 -2.72 -3.82 -4.40 -2.45 -1.12 0.00 0.00 0.00 0.00 0.00 0.00 0.00
0 0 0 0 0 0 0 0 0 0 0 0 0 0 0
