1.00 1.47 3.15 3.31 0.69 2.01 1.86 0.48 0.00 0.00 0.00 0.00 0.00 0.00 0.00
1.00 2.08 2.72 2.86 0.89 1.84 1.88 0.52 0.00 0.00 0.00 0.00 0.00 0.00 0.00
1.00 1.77 2.23 2.32 0.80 1.69 1.52 0.55 0.00 0.00 0.00 0.00 0.00 0.00 0.00
0 0 0 0 0 0 0 0 0 0 0 0 0 0 0
1.00 1.34 1.61 1.54 0.70 1.33 0.97 0.54 0.00 0.00 0.00 0.00 0.00 0.00 0.00
0 0 0 0 0 0 0 0 0 0 0 0 0 0 0
1.00 1.34 1.61 1.54 0.70 1.33 0.97 0.54 0.00 0.00 0.00 0.00 0.00 0.00 0.00
0 0 0 0 0 0 0 0 0 0 0 0 0 0 0
1.00 0.94 0.75 0.48 0.43 0.67 0.29 0.37 0.00 0.00 0.00 0.00 0.00 0.00 0.00
0 0 0 0 0 0 0 0 0 0 0 0 0 0 0
1.00 0.93 0.88 0.87 0.48 0.76 0.58 0.36 0.00 0.00 0.00 0.00 0.00 0.00 0.00
0 0 0 0 0 0 0 0 0 0 0 0 0 0 0
1.00 0.37 0.25 0.04 0.19 0.19 0.09 0.15 0.00 0.00 0.00 0.00 0.00 0.00 0.00
0 0 0 0 0 0 0 0 0 0 0 0 0 0 0
1.00 -0.42 -0.55 -0.67 -0.23 -0.54 -0.46 -0.13 0.00 0.00 0.00 0.00 0.00 0.00 0.00
0 0 0 0 0 0 0 0 0 0 0 0 0 0 0
1.00 -0.76 -1.45 -1.90 -0.48 -1.40 -1.28 -0.46 0.00 0.00 0.00 0.00 0.00 0.00 0.00
0 0 0 0 0 0 0 0 0 0 0 0 0 0 0
1.00 -1.77 -2.37 -2.60 -1.00 -1.96 -1.76 -0.66 0.00 0.00 0.00 0.00 0.00 0.00 0.00
0 0 0 0 0 0 0 0 0 0 0 0 0 0 0
1.00 0.06 -0.20 -0.86 0.05 -0.39 -0.63 -0.08 0.00 0.00 0.00 0.00 0.00 0.00 0.00
0 0 0 0 0 0 0 0 0 0 0 0 0 0 0
1.00 -0.86 -1.73 -2.04 -0.40 -1.33 -1.19 -0.44 0.00 0.00 0.00 0.00 0.00 0.00 0.00
0 0 0 0 0 0 0 0 0 0 0 0 0 0 0
