1.00 -3.71 -3.76 -2.48 -5.25 -5.83 -2.34 -1.52 0.00 0.00 0.00 0.00 0.00 0.00 0.00
1.00 -1.12 0.67 1.73 -2.52 -0.10 1.33 -0.12 0.00 0.00 0.00 0.00 0.00 0.00 0.00
1.00 2.82 3.79 4.19 3.03 5.33 3.88 1.39 0.00 0.00 0.00 0.00 0.00 0.00 0.00
0 0 0 0 0 0 0 0 0 0 0 0 0 0 0
1.00 4.95 5.05 4.55 7.45 8.24 4.37 2.12 0.00 0.00 0.00 0.00 0.00 0.00 0.00
0 0 0 0 0 0 0 0 0 0 0 0 0 0 0
1.00 4.95 5.05 4.55 7.45 8.24 4.37 2.12 0.00 0.00 0.00 0.00 0.00 0.00 0.00
0 0 0 0 0 0 0 0 0 0 0 0 0 0 0
1.00 5.55 5.01 4.39 8.82 8.53 4.30 2.27 0.00 0.00 0.00 0.00 0.00 0.00 0.00
0 0 0 0 0 0 0 0 0 0 0 0 0 0 0
1.00 5.19 5.07 4.81 8.34 8.99 4.76 2.32 0.00 0.00 0.00 0.00 0.00 0.00 0.00
0 0 0 0 0 0 0 0 0 0 0 0 0 0 0
1.00 4.57 4.51 4.34 7.47 8.16 4.36 2.10 0.00 0.00 0.00 0.00 0.00 0.00 0.00
0 0 0 0 0 0 0 0 0 0 0 0 0 0 0
1.00 3.38 3.13 2.67 5.92 5.83 2.74 1.43 0.00 0.00 0.00 0.00 0.00 0.00 0.00
0 0 0 0 0 0 0 0 0 0 0 0 0 0 0
1.00 1.17 0.53 -0.24 2.32 0.89 -0.36 0.26 0.00 0.00 0.00 0.00 0.00 0.00 0.00
0 0 0 0 0 0 0 0 0 0 0 0 0 0 0
1.00 -2.60 -3.31 -4.12 -4.59 -6.45 -4.30 -1.59 0.00 0.00 0.00 0.00 0.00 0.00 0.00
0 0 0 0 0 0 0 0 0 0 0 0 0 0 0
1.00 -6.98 -7.64 -7.33 -11.51 -12.85 -7.18 -3.24 0.00 0.00 0.00 0.00 0.00 0.00 0.00
0 0 0 0 0 0 0 0 0 0 0 0 0 0 0
1.00 -4.12 -3.76 -3.39 -6.39 -6.24 -3.32 -1.61 0.00 0.00 0.00 0.00 0.00 0.00 0.00
0 0 0 0 0 0 0 0 0 0 0 0 0 0 0
