1.00 -1.34 -1.26 -0.69 -1.62 -1.91 -0.67 -0.52 0.00 0.00 0.00 0.00 0.00 0.00 0.00
1.00 -1.59 -1.62 -1.12 -1.91 -2.40 -1.06 -0.64 0.00 0.00 0.00 0.00 0.00 0.00 0.00
1.00 0.97 2.31 2.83 0.94 2.66 2.31 0.68 0.00 0.00 0.00 0.00 0.00 0.00 0.00
0 0 0 0 0 0 0 0 0 0 0 0 0 0 0
1.00 4.86 5.62 5.65 6.12 8.25 5.16 2.12 0.00 0.00 0.00 0.00 0.00 0.00 0.00
0 0 0 0 0 0 0 0 0 0 0 0 0 0 0
1.00 4.86 5.62 5.65 6.12 8.25 5.16 2.12 0.00 0.00 0.00 0.00 0.00 0.00 0.00
0 0 0 0 0 0 0 0 0 0 0 0 0 0 0
1.00 4.85 4.99 4.90 7.61 8.06 4.61 2.12 0.00 0.00 0.00 0.00 0.00 0.00 0.00
0 0 0 0 0 0 0 0 0 0 0 0 0 0 0
1.00 4.51 4.28 3.87 7.37 7.36 3.56 1.92 0.00 0.00 0.00 0.00 0.00 0.00 0.00
0 0 0 0 0 0 0 0 0 0 0 0 0 0 0
1.00 3.34 2.75 2.07 5.61 4.98 2.00 1.30 0.00 0.00 0.00 0.00 0.00 0.00 0.00
0 0 0 0 0 0 0 0 0 0 0 0 0 0 0
1.00 0.87 -0.17 -1.22 1.53 -0.48 -1.25 0.01 0.00 0.00 0.00 0.00 0.00 0.00 0.00
0 0 0 0 0 0 0 0 0 0 0 0 0 0 0
1.00 1.70 0.95 0.03 1.83 0.46 -0.53 0.27 0.00 0.00 0.00 0.00 0.00 0.00 0.00
0 0 0 0 0 0 0 0 0 0 0 0 0 0 0
1.00 -1.45 -2.39 -3.11 -3.87 -4.91 -3.17 -1.15 0.00 0.00 0.00 0.00 0.00 0.00 0.00
0 0 0 0 0 0 0 0 0 0 0 0 0 0 0
1.00 -5.17 -5.21 -4.94 -7.78 -8.14 -4.50 -2.18 0.00 0.00 0.00 0.00 0.00 0.00 0.00
0 0 0 0 0 0 0 0 0 0 0 0 0 0 0
1.00 -6.14 -5.90 -5.14 -8.89 -8.89 -4.70 -2.34 0.00 0.00 0.00 0.00 0.00 0.00 0.00
0 0 0 0 0 0 0 0 0 0 0 0 0 0 0
