1.00 -0.58 0.76 1.80 -2.56 -0.62 1.46 -0.16 0.00 0.00 0.00 0.00 0.00 0.00 0.00
1.00 2.51 3.35 3.49 1.66 3.99 3.12 1.01 0.00 0.00 0.00 0.00 0.00 0.00 0.00
1.00 3.76 3.92 3.86 4.33 6.08 3.57 1.51 0.00 0.00 0.00 0.00 0.00 0.00 0.00
0 0 0 0 0 0 0 0 0 0 0 0 0 0 0
1.00 3.99 4.12 3.70 6.25 6.93 3.59 1.72 0.00 0.00 0.00 0.00 0.00 0.00 0.00
0 0 0 0 0 0 0 0 0 0 0 0 0 0 0
1.00 3.99 4.12 3.70 6.25 6.93 3.59 1.72 0.00 0.00 0.00 0.00 0.00 0.00 0.00
0 0 0 0 0 0 0 0 0 0 0 0 0 0 0
1.00 3.99 3.57 3.00 6.62 6.33 2.91 1.56 0.00 0.00 0.00 0.00 0.00 0.00 0.00
0 0 0 0 0 0 0 0 0 0 0 0 0 0 0
1.00 4.30 4.32 3.83 7.59 7.57 3.80 1.84 0.00 0.00 0.00 0.00 0.00 0.00 0.00
0 0 0 0 0 0 0 0 0 0 0 0 0 0 0
1.00 2.23 2.03 1.16 3.84 3.38 1.12 0.83 0.00 0.00 0.00 0.00 0.00 0.00 0.00
0 0 0 0 0 0 0 0 0 0 0 0 0 0 0
1.00 -0.87 -1.71 -2.41 -2.09 -3.28 -2.57 -0.75 0.00 0.00 0.00 0.00 0.00 0.00 0.00
0 0 0 0 0 0 0 0 0 0 0 0 0 0 0
1.00 -1.40 -2.16 -2.73 -2.71 -3.88 -2.83 -0.91 0.00 0.00 0.00 0.00 0.00 0.00 0.00
0 0 0 0 0 0 0 0 0 0 0 0 0 0 0
1.00 -5.94 -6.60 -6.21 -8.93 -10.71 -5.93 -2.60 0.00 0.00 0.00 0.00 0.00 0.00 0.00
0 0 0 0 0 0 0 0 0 0 0 0 0 0 0
1.00 -3.93 -3.58 -2.93 -5.32 -5.89 -2.95 -1.42 0.00 0.00 0.00 0.00 0.00 0.00 0.00
0 0 0 0 0 0 0 0 0 0 0 0 0 0 0
1.00 -3.97 -3.74 -3.19 -5.21 -5.94 -2.86 -1.47 0.00 0.00 0.00 0.00 0.00 0.00 0.00
0 0 0 0 0 0 0 0 0 0 0 0 0 0 0
