1.00 -3.05 -1.94 -0.61 -4.75 -3.82 -0.82 -1.08 0.00 0.00 0.00 0.00 0.00 0.00 0.00
1.00 0.56 1.79 2.39 -0.65 1.68 1.89 0.36 0.00 0.00 0.00 0.00 0.00 0.00 0.00
1.00 3.26 3.62 3.58 4.22 5.41 3.34 1.37 0.00 0.00 0.00 0.00 0.00 0.00 0.00
0 0 0 0 0 0 0 0 0 0 0 0 0 0 0
1.00 4.43 4.29 3.85 6.93 7.07 3.64 1.84 0.00 0.00 0.00 0.00 0.00 0.00 0.00
0 0 0 0 0 0 0 0 0 0 0 0 0 0 0
1.00 4.43 4.29 3.85 6.93 7.07 3.64 1.84 0.00 0.00 0.00 0.00 0.00 0.00 0.00
0 0 0 0 0 0 0 0 0 0 0 0 0 0 0
1.00 4.74 4.16 3.19 7.59 6.93 3.06 1.85 0.00 0.00 0.00 0.00 0.00 0.00 0.00
0 0 0 0 0 0 0 0 0 0 0 0 0 0 0
1.00 4.55 4.43 3.77 7.52 7.42 3.65 1.91 0.00 0.00 0.00 0.00 0.00 0.00 0.00
0 0 0 0 0 0 0 0 0 0 0 0 0 0 0
1.00 3.00 2.47 1.59 4.98 4.14 1.55 1.08 0.00 0.00 0.00 0.00 0.00 0.00 0.00
0 0 0 0 0 0 0 0 0 0 0 0 0 0 0
1.00 0.19 -0.67 -1.61 -0.29 -1.96 -1.89 -0.42 0.00 0.00 0.00 0.00 0.00 0.00 0.00
0 0 0 0 0 0 0 0 0 0 0 0 0 0 0
1.00 -7.47 -7.97 -7.35 -11.59 -12.46 -6.66 -3.09 0.00 0.00 0.00 0.00 0.00 0.00 0.00
0 0 0 0 0 0 0 0 0 0 0 0 0 0 0
1.00 -3.51 -3.42 -3.16 -5.40 -5.38 -2.87 -1.35 0.00 0.00 0.00 0.00 0.00 0.00 0.00
0 0 0 0 0 0 0 0 0 0 0 0 0 0 0
1.00 -3.38 -3.24 -3.00 -4.88 -4.94 -2.69 -1.26 0.00 0.00 0.00 0.00 0.00 0.00 0.00
0 0 0 0 0 0 0 0 0 0 0 0 0 0 0
1.00 -3.06 -3.03 -2.72 -4.39 -4.74 -2.51 -1.19 0.00 0.00 0.00 0.00 0.00 0.00 0.00
0 0 0 0 0 0 0 0 0 0 0 0 0 0 0
