1.00 1.09 0.36 0.26 0.64 -0.03 -0.07 0.07 0.00 0.00 0.00 0.00 0.00 0.00 0.00
1.00 1.74 0.97 0.33 1.12 0.49 0.01 0.21 0.00 0.00 0.00 0.00 0.00 0.00 0.00
1.00 1.49 0.83 0.30 1.08 0.28 -0.05 0.20 0.00 0.00 0.00 0.00 0.00 0.00 0.00
0 0 0 0 0 0 0 0 0 0 0 0 0 0 0
1.00 0.96 0.35 -0.08 0.63 0.04 -0.09 0.05 0.00 0.00 0.00 0.00 0.00 0.00 0.00
0 0 0 0 0 0 0 0 0 0 0 0 0 0 0
1.00 0.96 0.35 -0.08 0.63 0.04 -0.09 0.05 0.00 0.00 0.00 0.00 0.00 0.00 0.00
0 0 0 0 0 0 0 0 0 0 0 0 0 0 0
1.00 -0.19 -0.23 -0.04 -0.16 -0.17 -0.03 -0.12 0.00 0.00 0.00 0.00 0.00 0.00 0.00
0 0 0 0 0 0 0 0 0 0 0 0 0 0 0
1.00 -0.72 -0.45 -0.20 -0.43 -0.02 0.02 -0.06 0.00 0.00 0.00 0.00 0.00 0.00 0.00
0 0 0 0 0 0 0 0 0 0 0 0 0 0 0
1.00 -0.06 -0.13 -0.14 0.07 0.09 -0.12 -0.01 0.00 0.00 0.00 0.00 0.00 0.00 0.00
0 0 0 0 0 0 0 0 0 0 0 0 0 0 0
1.00 -0.23 -0.13 0.04 -0.13 0.18 0.05 -0.00 0.00 0.00 0.00 0.00 0.00 0.00 0.00
0 0 0 0 0 0 0 0 0 0 0 0 0 0 0
1.00 -0.45 0.02 0.06 -0.06 0.25 0.20 0.00 0.00 0.00 0.00 0.00 0.00 0.00 0.00
0 0 0 0 0 0 0 0 0 0 0 0 0 0 0
1.00 -0.86 -0.51 -0.27 -0.44 -0.21 -0.08 -0.11 0.00 0.00 0.00 0.00 0.00 0.00 0.00
0 0 0 0 0 0 0 0 0 0 0 0 0 0 0
1.00 -1.47 -0.93 -0.38 -1.05 -0.47 -0.16 -0.21 0.00 0.00 0.00 0.00 0.00 0.00 0.00
0 0 0 0 0 0 0 0 0 0 0 0 0 0 0
1.00 -0.70 -0.41 -0.05 -0.40 -0.30 0.10 -0.10 0.00 0.00 0.00 0.00 0.00 0.00 0.00
0 0 0 0 0 0 0 0 0 0 0 0 0 0 0
