1.00 -1.11 -1.68 -1.51 -0.54 -1.31 -1.04 -0.33 0.00 0.00 0.00 0.00 0.00 0.00 0.00
1.00 4.65 7.25 8.40 2.49 6.04 5.65 1.59 0.00 0.00 0.00 0.00 0.00 0.00 0.00
1.00 0.83 2.78 3.63 -0.11 1.78 2.26 0.31 0.00 0.00 0.00 0.00 0.00 0.00 0.00
0 0 0 0 0 0 0 0 0 0 0 0 0 0 0
1.00 2.76 3.31 3.76 1.54 2.97 2.52 0.71 0.00 0.00 0.00 0.00 0.00 0.00 0.00
0 0 0 0 0 0 0 0 0 0 0 0 0 0 0
1.00 2.76 3.31 3.76 1.54 2.97 2.52 0.71 0.00 0.00 0.00 0.00 0.00 0.00 0.00
0 0 0 0 0 0 0 0 0 0 0 0 0 0 0
1.00 2.59 3.07 3.36 1.68 2.97 2.60 0.80 0.00 0.00 0.00 0.00 0.00 0.00 0.00
0 0 0 0 0 0 0 0 0 0 0 0 0 0 0
1.00 2.20 2.51 2.69 1.68 2.57 2.07 0.80 0.00 0.00 0.00 0.00 0.00 0.00 0.00
0 0 0 0 0 0 0 0 0 0 0 0 0 0 0
1.00 1.57 1.51 1.57 1.38 1.57 1.25 0.59 0.00 0.00 0.00 0.00 0.00 0.00 0.00
0 0 0 0 0 0 0 0 0 0 0 0 0 0 0
1.00 0.61 0.35 0.19 0.61 0.58 0.15 0.23 0.00 0.00 0.00 0.00 0.00 0.00 0.00
0 0 0 0 0 0 0 0 0 0 0 0 0 0 0
1.00 -0.47 -1.15 -1.68 -0.21 -0.92 -1.29 -0.14 0.00 0.00 0.00 0.00 0.00 0.00 0.00
0 0 0 0 0 0 0 0 0 0 0 0 0 0 0
1.00 0.60 0.20 0.05 0.55 0.42 0.05 0.19 0.00 0.00 0.00 0.00 0.00 0.00 0.00
0 0 0 0 0 0 0 0 0 0 0 0 0 0 0
1.00 -1.06 -1.42 -2.00 -0.93 -1.60 -1.55 -0.47 0.00 0.00 0.00 0.00 0.00 0.00 0.00
0 0 0 0 0 0 0 0 0 0 0 0 0 0 0
1.00 -2.52 -3.32 -3.94 -1.82 -3.62 -2.97 -1.02 0.00 0.00 0.00 0.00 0.00 0.00 0.00
0 0 0 0 0 0 0 0 0 0 0 0 0 0 0
