1.00 -1.82 -0.28 0.76 -3.64 -1.67 0.41 -0.53 0.00 0.00 0.00 0.00 0.00 0.00 0.00
1.00 1.73 2.65 2.93 0.89 3.07 2.40 0.75 0.00 0.00 0.00 0.00 0.00 0.00 0.00
1.00 3.40 3.62 3.63 4.52 5.70 3.24 1.42 0.00 0.00 0.00 0.00 0.00 0.00 0.00
0 0 0 0 0 0 0 0 0 0 0 0 0 0 0
1.00 4.28 4.05 3.67 6.79 6.68 3.34 1.73 0.00 0.00 0.00 0.00 0.00 0.00 0.00
0 0 0 0 0 0 0 0 0 0 0 0 0 0 0
1.00 4.28 4.05 3.67 6.79 6.68 3.34 1.73 0.00 0.00 0.00 0.00 0.00 0.00 0.00
0 0 0 0 0 0 0 0 0 0 0 0 0 0 0
1.00 4.19 3.62 2.78 7.04 5.79 2.60 1.53 0.00 0.00 0.00 0.00 0.00 0.00 0.00
0 0 0 0 0 0 0 0 0 0 0 0 0 0 0
1.00 3.77 3.39 2.99 6.70 6.17 2.92 1.53 0.00 0.00 0.00 0.00 0.00 0.00 0.00
0 0 0 0 0 0 0 0 0 0 0 0 0 0 0
1.00 1.62 0.94 0.16 3.01 1.70 0.08 0.47 0.00 0.00 0.00 0.00 0.00 0.00 0.00
0 0 0 0 0 0 0 0 0 0 0 0 0 0 0
1.00 -1.42 -2.02 -2.66 -2.88 -4.05 -2.78 -0.96 0.00 0.00 0.00 0.00 0.00 0.00 0.00
0 0 0 0 0 0 0 0 0 0 0 0 0 0 0
1.00 -4.59 -5.27 -5.59 -8.21 -9.26 -5.38 -2.25 0.00 0.00 0.00 0.00 0.00 0.00 0.00
0 0 0 0 0 0 0 0 0 0 0 0 0 0 0
1.00 -2.33 -3.00 -3.02 -4.21 -4.84 -2.78 -1.18 0.00 0.00 0.00 0.00 0.00 0.00 0.00
0 0 0 0 0 0 0 0 0 0 0 0 0 0 0
1.00 -2.02 -2.66 -2.68 -3.72 -4.30 -2.46 -1.05 0.00 0.00 0.00 0.00 0.00 0.00 0.00
0 0 0 0 0 0 0 0 0 0 0 0 0 0 0
1.00 -3.40 -3.03 -2.66 -4.60 -4.50 -2.12 -1.19 0.00 0.00 0.00 0.00 0.00 0.00 0.00
0 0 0 0 0 0 0 0 0 0 0 0 0 0 0
