1.00 -0.93 -0.59 -0.33 -0.74 -0.20 -0.06 -0.06 0.00 0.00 0.00 0.00 0.00 0.00 0.00
1.00 0.09 -0.07 0.03 -0.29 0.01 -0.02 -0.04 0.00 0.00 0.00 0.00 0.00 0.00 0.00
1.00 1.12 0.66 0.44 0.72 0.19 0.01 0.12 0.00 0.00 0.00 0.00 0.00 0.00 0.00
0 0 0 0 0 0 0 0 0 0 0 0 0 0 0
1.00 1.82 1.17 0.82 1.39 0.43 0.07 0.21 0.00 0.00 0.00 0.00 0.00 0.00 0.00
0 0 0 0 0 0 0 0 0 0 0 0 0 0 0
1.00 1.82 1.17 0.82 1.39 0.43 0.07 0.21 0.00 0.00 0.00 0.00 0.00 0.00 0.00
0 0 0 0 0 0 0 0 0 0 0 0 0 0 0
1.00 1.89 1.08 0.23 1.37 0.53 -0.07 0.15 0.00 0.00 0.00 0.00 0.00 0.00 0.00
0 0 0 0 0 0 0 0 0 0 0 0 0 0 0
1.00 1.78 0.97 0.30 1.22 0.29 0.13 0.17 0.00 0.00 0.00 0.00 0.00 0.00 0.00
0 0 0 0 0 0 0 0 0 0 0 0 0 0 0
1.00 0.75 -0.02 -0.22 0.45 -0.29 -0.11 0.00 0.00 0.00 0.00 0.00 0.00 0.00 0.00
0 0 0 0 0 0 0 0 0 0 0 0 0 0 0
1.00 -0.41 -0.41 -0.21 -0.53 -0.13 -0.01 -0.10 0.00 0.00 0.00 0.00 0.00 0.00 0.00
0 0 0 0 0 0 0 0 0 0 0 0 0 0 0
1.00 -1.03 -0.78 -0.38 -0.79 -0.43 0.05 -0.20 0.00 0.00 0.00 0.00 0.00 0.00 0.00
0 0 0 0 0 0 0 0 0 0 0 0 0 0 0
1.00 -1.55 -0.78 -0.27 -0.89 -0.04 0.04 -0.14 0.00 0.00 0.00 0.00 0.00 0.00 0.00
0 0 0 0 0 0 0 0 0 0 0 0 0 0 0
1.00 -0.26 -0.19 0.20 -0.01 0.05 0.13 -0.01 0.00 0.00 0.00 0.00 0.00 0.00 0.00
0 0 0 0 0 0 0 0 0 0 0 0 0 0 0
1.00 -0.50 -0.29 -0.19 -0.26 0.06 -0.02 0.02 0.00 0.00 0.00 0.00 0.00 0.00 0.00
0 0 0 0 0 0 0 0 0 0 0 0 0 0 0
