1.00 -0.66 0.99 2.70 -0.28 0.44 1.45 0.06 0.00 0.00 0.00 0.00 0.00 0.00 0.00
1.00 2.72 3.60 4.03 1.00 2.63 2.37 0.88 0.00 0.00 0.00 0.00 0.00 0.00 0.00
1.00 2.89 3.47 3.48 1.31 2.50 2.00 0.89 0.00 0.00 0.00 0.00 0.00 0.00 0.00
0 0 0 0 0 0 0 0 0 0 0 0 0 0 0
1.00 1.80 2.23 2.24 0.88 1.83 1.27 0.68 0.00 0.00 0.00 0.00 0.00 0.00 0.00
0 0 0 0 0 0 0 0 0 0 0 0 0 0 0
1.00 1.80 2.23 2.24 0.88 1.83 1.27 0.68 0.00 0.00 0.00 0.00 0.00 0.00 0.00
0 0 0 0 0 0 0 0 0 0 0 0 0 0 0
1.00 1.05 1.22 1.19 0.32 0.67 0.52 0.26 0.00 0.00 0.00 0.00 0.00 0.00 0.00
0 0 0 0 0 0 0 0 0 0 0 0 0 0 0
1.00 0.75 0.83 0.76 0.23 0.44 0.30 0.17 0.00 0.00 0.00 0.00 0.00 0.00 0.00
0 0 0 0 0 0 0 0 0 0 0 0 0 0 0
1.00 0.11 0.20 0.11 -0.09 -0.14 0.03 0.01 0.00 0.00 0.00 0.00 0.00 0.00 0.00
0 0 0 0 0 0 0 0 0 0 0 0 0 0 0
1.00 -0.37 -0.87 -1.22 -0.24 -0.82 -0.83 -0.21 0.00 0.00 0.00 0.00 0.00 0.00 0.00
0 0 0 0 0 0 0 0 0 0 0 0 0 0 0
1.00 -1.29 -1.75 -2.10 -0.67 -1.42 -1.29 -0.50 0.00 0.00 0.00 0.00 0.00 0.00 0.00
0 0 0 0 0 0 0 0 0 0 0 0 0 0 0
1.00 -0.13 -0.37 -0.40 -0.19 -0.46 -0.37 -0.20 0.00 0.00 0.00 0.00 0.00 0.00 0.00
0 0 0 0 0 0 0 0 0 0 0 0 0 0 0
1.00 -0.56 -0.96 -1.34 -0.29 -0.86 -0.92 -0.34 0.00 0.00 0.00 0.00 0.00 0.00 0.00
0 0 0 0 0 0 0 0 0 0 0 0 0 0 0
1.00 -1.45 -1.99 -2.36 -0.72 -1.38 -1.19 -0.51 0.00 0.00 0.00 0.00 0.00 0.00 0.00
0 0 0 0 0 0 0 0 0 0 0 0 0 0 0
