1.00 -1.34 0.32 1.38 -3.60 -1.47 0.67 -0.36 0.00 0.00 0.00 0.00 0.00 0.00 0.00
1.00 2.17 3.11 3.75 1.69 4.19 3.17 1.06 0.00 0.00 0.00 0.00 0.00 0.00 0.00
1.00 4.12 4.65 4.38 6.55 7.52 4.25 1.86 0.00 0.00 0.00 0.00 0.00 0.00 0.00
0 0 0 0 0 0 0 0 0 0 0 0 0 0 0
1.00 4.77 4.37 3.72 7.81 7.74 3.70 1.95 0.00 0.00 0.00 0.00 0.00 0.00 0.00
0 0 0 0 0 0 0 0 0 0 0 0 0 0 0
1.00 4.77 4.37 3.72 7.81 7.74 3.70 1.95 0.00 0.00 0.00 0.00 0.00 0.00 0.00
0 0 0 0 0 0 0 0 0 0 0 0 0 0 0
1.00 3.93 3.13 2.23 6.87 5.98 2.24 1.57 0.00 0.00 0.00 0.00 0.00 0.00 0.00
0 0 0 0 0 0 0 0 0 0 0 0 0 0 0
1.00 3.87 3.73 3.11 7.13 6.90 3.10 1.67 0.00 0.00 0.00 0.00 0.00 0.00 0.00
0 0 0 0 0 0 0 0 0 0 0 0 0 0 0
1.00 1.61 1.06 0.32 2.89 1.59 -0.03 0.36 0.00 0.00 0.00 0.00 0.00 0.00 0.00
0 0 0 0 0 0 0 0 0 0 0 0 0 0 0
1.00 -1.76 -2.72 -3.49 -4.02 -5.73 -3.81 -1.28 0.00 0.00 0.00 0.00 0.00 0.00 0.00
0 0 0 0 0 0 0 0 0 0 0 0 0 0 0
1.00 -6.35 -7.26 -7.13 -10.85 -12.19 -6.54 -3.03 0.00 0.00 0.00 0.00 0.00 0.00 0.00
0 0 0 0 0 0 0 0 0 0 0 0 0 0 0
1.00 -3.63 -3.52 -3.07 -5.81 -5.66 -2.96 -1.48 0.00 0.00 0.00 0.00 0.00 0.00 0.00
0 0 0 0 0 0 0 0 0 0 0 0 0 0 0
1.00 -3.34 -3.20 -2.74 -5.32 -5.09 -2.63 -1.34 0.00 0.00 0.00 0.00 0.00 0.00 0.00
0 0 0 0 0 0 0 0 0 0 0 0 0 0 0
1.00 -3.44 -3.35 -2.87 -5.06 -5.20 -2.61 -1.34 0.00 0.00 0.00 0.00 0.00 0.00 0.00
0 0 0 0 0 0 0 0 0 0 0 0 0 0 0
