1.00 -2.59 -3.15 -3.49 -3.35 -4.45 -2.97 -1.12 0.00 0.00 0.00 0.00 0.00 0.00 0.00
1.00 -3.40 -3.68 -3.14 -4.22 -5.25 -2.65 -1.37 0.00 0.00 0.00 0.00 0.00 0.00 0.00
1.00 -2.07 -0.73 0.67 -3.28 -1.72 0.34 -0.57 0.00 0.00 0.00 0.00 0.00 0.00 0.00
0 0 0 0 0 0 0 0 0 0 0 0 0 0 0
1.00 2.17 3.12 3.48 1.68 3.62 2.73 0.98 0.00 0.00 0.00 0.00 0.00 0.00 0.00
0 0 0 0 0 0 0 0 0 0 0 0 0 0 0
1.00 2.17 3.12 3.48 1.68 3.62 2.73 0.98 0.00 0.00 0.00 0.00 0.00 0.00 0.00
0 0 0 0 0 0 0 0 0 0 0 0 0 0 0
1.00 4.53 4.69 4.28 5.79 6.64 3.55 1.78 0.00 0.00 0.00 0.00 0.00 0.00 0.00
0 0 0 0 0 0 0 0 0 0 0 0 0 0 0
1.00 5.53 5.17 4.54 8.37 8.32 4.08 2.16 0.00 0.00 0.00 0.00 0.00 0.00 0.00
0 0 0 0 0 0 0 0 0 0 0 0 0 0 0
1.00 4.42 4.63 4.42 7.34 7.73 4.11 2.05 0.00 0.00 0.00 0.00 0.00 0.00 0.00
0 0 0 0 0 0 0 0 0 0 0 0 0 0 0
1.00 3.73 3.44 2.96 6.45 6.15 2.85 1.54 0.00 0.00 0.00 0.00 0.00 0.00 0.00
0 0 0 0 0 0 0 0 0 0 0 0 0 0 0
1.00 2.00 1.56 0.79 3.91 2.94 0.80 0.73 0.00 0.00 0.00 0.00 0.00 0.00 0.00
0 0 0 0 0 0 0 0 0 0 0 0 0 0 0
1.00 -0.54 -1.28 -1.89 -0.69 -2.26 -2.05 -0.57 0.00 0.00 0.00 0.00 0.00 0.00 0.00
0 0 0 0 0 0 0 0 0 0 0 0 0 0 0
1.00 -3.59 -4.51 -4.87 -6.67 -8.07 -4.67 -1.96 0.00 0.00 0.00 0.00 0.00 0.00 0.00
0 0 0 0 0 0 0 0 0 0 0 0 0 0 0
1.00 -1.40 -2.06 -2.10 -3.44 -4.29 -2.38 -0.98 0.00 0.00 0.00 0.00 0.00 0.00 0.00
0 0 0 0 0 0 0 0 0 0 0 0 0 0 0
