1.00 0.33 2.06 3.00 -0.07 1.09 1.33 0.27 0.00 0.00 0.00 0.00 0.00 0.00 0.00
1.00 1.95 2.63 2.79 0.63 1.69 1.48 0.52 0.00 0.00 0.00 0.00 0.00 0.00 0.00
1.00 2.23 2.69 2.97 1.20 2.04 1.86 0.73 0.00 0.00 0.00 0.00 0.00 0.00 0.00
0 0 0 0 0 0 0 0 0 0 0 0 0 0 0
1.00 1.91 2.26 1.95 1.00 1.60 1.09 0.63 0.00 0.00 0.00 0.00 0.00 0.00 0.00
0 0 0 0 0 0 0 0 0 0 0 0 0 0 0
1.00 1.91 2.26 1.95 1.00 1.60 1.09 0.63 0.00 0.00 0.00 0.00 0.00 0.00 0.00
0 0 0 0 0 0 0 0 0 0 0 0 0 0 0
1.00 1.44 1.59 1.45 0.73 1.33 0.97 0.49 0.00 0.00 0.00 0.00 0.00 0.00 0.00
0 0 0 0 0 0 0 0 0 0 0 0 0 0 0
1.00 0.48 0.59 0.82 0.18 0.28 0.35 0.15 0.00 0.00 0.00 0.00 0.00 0.00 0.00
0 0 0 0 0 0 0 0 0 0 0 0 0 0 0
1.00 0.17 0.21 0.40 0.07 0.06 0.14 0.07 0.00 0.00 0.00 0.00 0.00 0.00 0.00
0 0 0 0 0 0 0 0 0 0 0 0 0 0 0
1.00 -0.06 -0.17 -0.22 -0.10 -0.21 -0.14 -0.06 0.00 0.00 0.00 0.00 0.00 0.00 0.00
0 0 0 0 0 0 0 0 0 0 0 0 0 0 0
1.00 -0.57 -1.05 -1.39 -0.42 -0.98 -0.93 -0.32 0.00 0.00 0.00 0.00 0.00 0.00 0.00
0 0 0 0 0 0 0 0 0 0 0 0 0 0 0
1.00 -1.21 -1.71 -2.11 -0.67 -1.40 -1.22 -0.47 0.00 0.00 0.00 0.00 0.00 0.00 0.00
0 0 0 0 0 0 0 0 0 0 0 0 0 0 0
1.00 -0.09 -0.23 -0.45 -0.21 -0.37 -0.40 -0.11 0.00 0.00 0.00 0.00 0.00 0.00 0.00
0 0 0 0 0 0 0 0 0 0 0 0 0 0 0
1.00 -0.70 -1.10 -1.64 -0.46 -0.86 -0.90 -0.34 0.00 0.00 0.00 0.00 0.00 0.00 0.00
0 0 0 0 0 0 0 0 0 0 0 0 0 0 0
