1.00 -1.62 -1.15 0.66 -0.72 -0.95 0.28 -0.43 0.00 0.00 0.00 0.00 0.00 0.00 0.00
1.00 1.21 2.81 3.46 0.38 1.92 1.89 0.48 0.00 0.00 0.00 0.00 0.00 0.00 0.00
1.00 2.29 2.68 2.72 0.93 1.84 1.46 0.60 0.00 0.00 0.00 0.00 0.00 0.00 0.00
0 0 0 0 0 0 0 0 0 0 0 0 0 0 0
1.00 1.72 2.16 2.40 0.91 1.60 1.44 0.56 0.00 0.00 0.00 0.00 0.00 0.00 0.00
0 0 0 0 0 0 0 0 0 0 0 0 0 0 0
1.00 1.72 2.16 2.40 0.91 1.60 1.44 0.56 0.00 0.00 0.00 0.00 0.00 0.00 0.00
0 0 0 0 0 0 0 0 0 0 0 0 0 0 0
1.00 1.61 1.79 1.65 0.76 1.28 0.92 0.56 0.00 0.00 0.00 0.00 0.00 0.00 0.00
0 0 0 0 0 0 0 0 0 0 0 0 0 0 0
1.00 1.30 1.36 1.21 0.87 1.09 0.67 0.48 0.00 0.00 0.00 0.00 0.00 0.00 0.00
0 0 0 0 0 0 0 0 0 0 0 0 0 0 0
1.00 0.14 -0.13 -0.27 0.04 -0.44 -0.31 -0.02 0.00 0.00 0.00 0.00 0.00 0.00 0.00
0 0 0 0 0 0 0 0 0 0 0 0 0 0 0
1.00 -0.58 -0.92 -1.04 -0.53 -0.82 -0.59 -0.23 0.00 0.00 0.00 0.00 0.00 0.00 0.00
0 0 0 0 0 0 0 0 0 0 0 0 0 0 0
1.00 -0.97 -1.43 -1.90 -0.62 -1.23 -1.19 -0.44 0.00 0.00 0.00 0.00 0.00 0.00 0.00
0 0 0 0 0 0 0 0 0 0 0 0 0 0 0
1.00 -0.03 -0.33 -0.50 -0.03 -0.21 -0.13 -0.09 0.00 0.00 0.00 0.00 0.00 0.00 0.00
0 0 0 0 0 0 0 0 0 0 0 0 0 0 0
1.00 -0.56 -1.03 -1.35 -0.43 -0.78 -0.87 -0.26 0.00 0.00 0.00 0.00 0.00 0.00 0.00
0 0 0 0 0 0 0 0 0 0 0 0 0 0 0
1.00 -1.56 -2.12 -2.37 -0.82 -1.56 -1.47 -0.51 0.00 0.00 0.00 0.00 0.00 0.00 0.00
0 0 0 0 0 0 0 0 0 0 0 0 0 0 0
