1.00 2.77 4.90 5.64 0.94 3.33 3.15 1.00 0.00 0.00 0.00 0.00 0.00 0.00 0.00
1.00 2.18 2.77 3.03 0.98 1.97 1.69 0.62 0.00 0.00 0.00 0.00 0.00 0.00 0.00
1.00 1.67 2.03 2.38 0.77 1.61 1.43 0.53 0.00 0.00 0.00 0.00 0.00 0.00 0.00
0 0 0 0 0 0 0 0 0 0 0 0 0 0 0
1.00 1.56 1.64 1.73 0.81 1.25 0.96 0.51 0.00 0.00 0.00 0.00 0.00 0.00 0.00
0 0 0 0 0 0 0 0 0 0 0 0 0 0 0
1.00 1.56 1.64 1.73 0.81 1.25 0.96 0.51 0.00 0.00 0.00 0.00 0.00 0.00 0.00
0 0 0 0 0 0 0 0 0 0 0 0 0 0 0
1.00 0.84 0.80 0.59 0.34 0.55 0.36 0.25 0.00 0.00 0.00 0.00 0.00 0.00 0.00
0 0 0 0 0 0 0 0 0 0 0 0 0 0 0
1.00 0.38 0.20 -0.10 0.14 0.12 -0.03 0.10 0.00 0.00 0.00 0.00 0.00 0.00 0.00
0 0 0 0 0 0 0 0 0 0 0 0 0 0 0
1.00 0.73 0.76 0.61 0.42 0.60 0.25 0.28 0.00 0.00 0.00 0.00 0.00 0.00 0.00
0 0 0 0 0 0 0 0 0 0 0 0 0 0 0
1.00 -0.13 -0.28 -0.40 -0.16 -0.24 -0.34 -0.11 0.00 0.00 0.00 0.00 0.00 0.00 0.00
0 0 0 0 0 0 0 0 0 0 0 0 0 0 0
1.00 -0.64 -0.83 -0.96 -0.45 -0.90 -0.73 -0.29 0.00 0.00 0.00 0.00 0.00 0.00 0.00
0 0 0 0 0 0 0 0 0 0 0 0 0 0 0
1.00 -1.22 -1.58 -2.01 -0.71 -1.39 -1.25 -0.48 0.00 0.00 0.00 0.00 0.00 0.00 0.00
0 0 0 0 0 0 0 0 0 0 0 0 0 0 0
1.00 -1.90 -2.49 -2.95 -0.89 -1.94 -1.62 -0.60 0.00 0.00 0.00 0.00 0.00 0.00 0.00
0 0 0 0 0 0 0 0 0 0 0 0 0 0 0
1.00 -0.59 -1.11 -1.46 -0.35 -0.88 -0.97 -0.29 0.00 0.00 0.00 0.00 0.00 0.00 0.00
0 0 0 0 0 0 0 0 0 0 0 0 0 0 0
