1.00 -0.26 1.35 2.21 -1.85 0.82 1.64 0.06 0.00 0.00 0.00 0.00 0.00 0.00 0.00
1.00 2.70 3.53 3.70 2.88 4.96 3.30 1.23 0.00 0.00 0.00 0.00 0.00 0.00 0.00
1.00 4.03 4.17 3.88 5.95 6.81 3.60 1.81 0.00 0.00 0.00 0.00 0.00 0.00 0.00
0 0 0 0 0 0 0 0 0 0 0 0 0 0 0
1.00 4.31 3.99 3.40 6.87 6.42 3.14 1.71 0.00 0.00 0.00 0.00 0.00 0.00 0.00
0 0 0 0 0 0 0 0 0 0 0 0 0 0 0
1.00 4.31 3.99 3.40 6.87 6.42 3.14 1.71 0.00 0.00 0.00 0.00 0.00 0.00 0.00
0 0 0 0 0 0 0 0 0 0 0 0 0 0 0
1.00 3.58 2.72 1.85 6.00 4.81 1.61 1.33 0.00 0.00 0.00 0.00 0.00 0.00 0.00
0 0 0 0 0 0 0 0 0 0 0 0 0 0 0
1.00 4.90 4.66 3.82 8.56 7.93 3.51 2.05 0.00 0.00 0.00 0.00 0.00 0.00 0.00
0 0 0 0 0 0 0 0 0 0 0 0 0 0 0
1.00 2.55 1.79 0.78 4.02 2.37 0.44 0.68 0.00 0.00 0.00 0.00 0.00 0.00 0.00
0 0 0 0 0 0 0 0 0 0 0 0 0 0 0
1.00 -0.85 -1.90 -2.66 -2.62 -4.03 -2.92 -0.93 0.00 0.00 0.00 0.00 0.00 0.00 0.00
0 0 0 0 0 0 0 0 0 0 0 0 0 0 0
1.00 -4.83 -5.59 -5.66 -8.13 -9.28 -5.09 -2.37 0.00 0.00 0.00 0.00 0.00 0.00 0.00
0 0 0 0 0 0 0 0 0 0 0 0 0 0 0
1.00 -7.39 -7.15 -6.32 -10.80 -10.85 -5.56 -2.89 0.00 0.00 0.00 0.00 0.00 0.00 0.00
0 0 0 0 0 0 0 0 0 0 0 0 0 0 0
1.00 -3.32 -3.09 -2.92 -4.96 -4.90 -2.48 -1.27 0.00 0.00 0.00 0.00 0.00 0.00 0.00
0 0 0 0 0 0 0 0 0 0 0 0 0 0 0
1.00 -2.91 -3.07 -2.59 -4.25 -4.43 -2.19 -1.14 0.00 0.00 0.00 0.00 0.00 0.00 0.00
0 0 0 0 0 0 0 0 0 0 0 0 0 0 0
