1.00 -1.55 -1.92 -2.11 -1.78 -2.70 -2.84 -0.82 0.00 0.00 0.00 0.00 0.00 0.00 0.00
1.00 -1.44 -1.26 -0.28 -1.88 -2.05 -0.54 -0.58 0.00 0.00 0.00 0.00 0.00 0.00 0.00
1.00 1.09 2.27 3.07 0.88 2.62 3.74 0.79 0.00 0.00 0.00 0.00 0.00 0.00 0.00
0 0 0 0 0 0 0 0 0 0 0 0 0 0 0
1.00 4.95 5.03 4.66 6.45 8.41 6.32 2.43 0.00 0.00 0.00 0.00 0.00 0.00 0.00
0 0 0 0 0 0 0 0 0 0 0 0 0 0 0
1.00 4.95 5.03 4.66 6.45 8.41 6.32 2.43 0.00 0.00 0.00 0.00 0.00 0.00 0.00
0 0 0 0 0 0 0 0 0 0 0 0 0 0 0
1.00 2.96 2.96 2.83 4.40 5.72 4.24 1.51 0.00 0.00 0.00 0.00 0.00 0.00 0.00
0 0 0 0 0 0 0 0 0 0 0 0 0 0 0
1.00 2.90 2.86 2.44 5.03 5.89 3.83 1.55 0.00 0.00 0.00 0.00 0.00 0.00 0.00
0 0 0 0 0 0 0 0 0 0 0 0 0 0 0
1.00 2.46 2.20 1.73 4.49 4.63 2.80 1.21 0.00 0.00 0.00 0.00 0.00 0.00 0.00
0 0 0 0 0 0 0 0 0 0 0 0 0 0 0
1.00 1.66 1.15 0.56 2.77 2.31 0.83 0.68 0.00 0.00 0.00 0.00 0.00 0.00 0.00
0 0 0 0 0 0 0 0 0 0 0 0 0 0 0
1.00 -0.15 -0.94 -1.21 -0.56 -2.43 -2.45 -0.46 0.00 0.00 0.00 0.00 0.00 0.00 0.00
0 0 0 0 0 0 0 0 0 0 0 0 0 0 0
1.00 1.63 0.86 0.32 1.24 -0.09 -0.57 0.28 0.00 0.00 0.00 0.00 0.00 0.00 0.00
0 0 0 0 0 0 0 0 0 0 0 0 0 0 0
1.00 -1.53 -2.22 -2.61 -3.75 -5.26 -4.11 -1.28 0.00 0.00 0.00 0.00 0.00 0.00 0.00
0 0 0 0 0 0 0 0 0 0 0 0 0 0 0
1.00 -4.72 -4.90 -4.68 -7.66 -8.84 -6.33 -2.52 0.00 0.00 0.00 0.00 0.00 0.00 0.00
0 0 0 0 0 0 0 0 0 0 0 0 0 0 0
