1.00 -0.01 0.05 0.21 0.14 0.18 0.25 0.09 0.00 0.00 0.00 0.00 0.00 0.00 0.00
1.00 -0.43 -0.36 -0.29 -0.41 -0.51 -0.25 -0.10 0.00 0.00 0.00 0.00 0.00 0.00 0.00
1.00 -0.42 -0.35 -0.27 -0.40 -0.49 -0.24 -0.11 0.00 0.00 0.00 0.00 0.00 0.00 0.00
0 0 0 0 0 0 0 0 0 0 0 0 0 0 0
1.00 -0.86 -0.75 -0.71 -0.83 -0.85 -0.68 -0.31 0.00 0.00 0.00 0.00 0.00 0.00 0.00
0 0 0 0 0 0 0 0 0 0 0 0 0 0 0
1.00 -0.86 -0.75 -0.71 -0.83 -0.85 -0.68 -0.31 0.00 0.00 0.00 0.00 0.00 0.00 0.00
0 0 0 0 0 0 0 0 0 0 0 0 0 0 0
1.00 -1.34 -1.07 -0.84 -1.26 -1.10 -0.81 -0.35 0.00 0.00 0.00 0.00 0.00 0.00 0.00
0 0 0 0 0 0 0 0 0 0 0 0 0 0 0
1.00 -0.70 -0.47 -0.48 -0.51 -0.42 -0.37 -0.18 0.00 0.00 0.00 0.00 0.00 0.00 0.00
0 0 0 0 0 0 0 0 0 0 0 0 0 0 0
1.00 -0.69 -0.57 -0.34 -0.53 -0.63 -0.44 -0.20 0.00 0.00 0.00 0.00 0.00 0.00 0.00
0 0 0 0 0 0 0 0 0 0 0 0 0 0 0
1.00 -0.66 -0.48 -0.43 -0.58 -0.53 -0.40 -0.19 0.00 0.00 0.00 0.00 0.00 0.00 0.00
0 0 0 0 0 0 0 0 0 0 0 0 0 0 0
1.00 -0.41 -0.33 -0.21 -0.37 -0.31 -0.17 -0.16 0.00 0.00 0.00 0.00 0.00 0.00 0.00
0 0 0 0 0 0 0 0 0 0 0 0 0 0 0
1.00 -0.29 -0.18 -0.24 -0.29 -0.22 -0.10 -0.08 0.00 0.00 0.00 0.00 0.00 0.00 0.00
0 0 0 0 0 0 0 0 0 0 0 0 0 0 0
1.00 -0.12 -0.16 -0.10 0.01 -0.18 -0.14 -0.09 0.00 0.00 0.00 0.00 0.00 0.00 0.00
0 0 0 0 0 0 0 0 0 0 0 0 0 0 0
1.00 0.02 -0.06 -0.03 -0.11 -0.00 0.05 -0.02 0.00 0.00 0.00 0.00 0.00 0.00 0.00
0 0 0 0 0 0 0 0 0 0 0 0 0 0 0
