1.00 0.67 0.92 1.17 0.84 0.94 1.15 0.41 0.00 0.00 0.00 0.00 0.00 0.00 0.00
1.00 0.72 0.69 0.64 0.78 0.87 0.63 0.35 0.00 0.00 0.00 0.00 0.00 0.00 0.00
1.00 0.53 0.31 0.18 0.69 0.45 0.10 0.19 0.00 0.00 0.00 0.00 0.00 0.00 0.00
0 0 0 0 0 0 0 0 0 0 0 0 0 0 0
1.00 0.36 -0.15 -0.52 0.13 0.04 -0.46 -0.00 0.00 0.00 0.00 0.00 0.00 0.00 0.00
0 0 0 0 0 0 0 0 0 0 0 0 0 0 0
1.00 0.36 -0.15 -0.52 0.13 0.04 -0.46 -0.00 0.00 0.00 0.00 0.00 0.00 0.00 0.00
0 0 0 0 0 0 0 0 0 0 0 0 0 0 0
1.00 0.37 0.13 -0.15 0.28 0.23 -0.05 0.12 0.00 0.00 0.00 0.00 0.00 0.00 0.00
0 0 0 0 0 0 0 0 0 0 0 0 0 0 0
1.00 0.05 -0.37 -0.51 0.06 -0.20 -0.37 -0.12 0.00 0.00 0.00 0.00 0.00 0.00 0.00
0 0 0 0 0 0 0 0 0 0 0 0 0 0 0
1.00 -0.54 -0.75 -0.74 -0.53 -0.71 -0.87 -0.25 0.00 0.00 0.00 0.00 0.00 0.00 0.00
0 0 0 0 0 0 0 0 0 0 0 0 0 0 0
1.00 -1.04 -1.07 -1.37 -1.03 -1.19 -1.40 -0.49 0.00 0.00 0.00 0.00 0.00 0.00 0.00
0 0 0 0 0 0 0 0 0 0 0 0 0 0 0
1.00 -0.17 -0.28 -0.47 -0.13 -0.28 -0.42 -0.03 0.00 0.00 0.00 0.00 0.00 0.00 0.00
0 0 0 0 0 0 0 0 0 0 0 0 0 0 0
1.00 -0.71 -0.70 -0.86 -0.65 -0.63 -0.83 -0.32 0.00 0.00 0.00 0.00 0.00 0.00 0.00
0 0 0 0 0 0 0 0 0 0 0 0 0 0 0
1.00 -0.77 -0.90 -0.92 -0.74 -0.84 -1.08 -0.37 0.00 0.00 0.00 0.00 0.00 0.00 0.00
0 0 0 0 0 0 0 0 0 0 0 0 0 0 0
1.00 -0.79 -0.90 -1.04 -0.87 -1.09 -1.00 -0.35 0.00 0.00 0.00 0.00 0.00 0.00 0.00
0 0 0 0 0 0 0 0 0 0 0 0 0 0 0
