1.00 -2.32 -2.06 -1.03 -3.01 -3.31 -1.52 -0.99 0.00 0.00 0.00 0.00 0.00 0.00 0.00
1.00 -0.11 1.23 1.97 -0.87 0.65 2.13 0.25 0.00 0.00 0.00 0.00 0.00 0.00 0.00
1.00 3.43 3.70 3.54 4.11 5.65 4.78 1.68 0.00 0.00 0.00 0.00 0.00 0.00 0.00
0 0 0 0 0 0 0 0 0 0 0 0 0 0 0
1.00 4.94 4.44 3.78 7.22 7.96 5.25 2.29 0.00 0.00 0.00 0.00 0.00 0.00 0.00
0 0 0 0 0 0 0 0 0 0 0 0 0 0 0
1.00 4.94 4.44 3.78 7.22 7.96 5.25 2.29 0.00 0.00 0.00 0.00 0.00 0.00 0.00
0 0 0 0 0 0 0 0 0 0 0 0 0 0 0
1.00 3.33 3.18 2.81 5.41 6.34 4.17 1.65 0.00 0.00 0.00 0.00 0.00 0.00 0.00
0 0 0 0 0 0 0 0 0 0 0 0 0 0 0
1.00 2.76 2.47 2.12 4.75 5.28 3.30 1.34 0.00 0.00 0.00 0.00 0.00 0.00 0.00
0 0 0 0 0 0 0 0 0 0 0 0 0 0 0
1.00 1.68 1.41 1.11 3.18 3.14 1.72 0.78 0.00 0.00 0.00 0.00 0.00 0.00 0.00
0 0 0 0 0 0 0 0 0 0 0 0 0 0 0
1.00 0.29 -0.13 -0.56 0.39 -0.66 -0.97 -0.09 0.00 0.00 0.00 0.00 0.00 0.00 0.00
0 0 0 0 0 0 0 0 0 0 0 0 0 0 0
1.00 -1.74 -2.55 -2.79 -3.82 -5.70 -4.68 -1.37 0.00 0.00 0.00 0.00 0.00 0.00 0.00
0 0 0 0 0 0 0 0 0 0 0 0 0 0 0
1.00 -0.23 -0.98 -1.34 -1.84 -3.16 -2.70 -0.67 0.00 0.00 0.00 0.00 0.00 0.00 0.00
0 0 0 0 0 0 0 0 0 0 0 0 0 0 0
1.00 -2.84 -3.11 -3.21 -5.21 -6.22 -4.50 -1.75 0.00 0.00 0.00 0.00 0.00 0.00 0.00
0 0 0 0 0 0 0 0 0 0 0 0 0 0 0
1.00 -4.67 -4.47 -4.02 -6.70 -7.20 -4.91 -2.14 0.00 0.00 0.00 0.00 0.00 0.00 0.00
0 0 0 0 0 0 0 0 0 0 0 0 0 0 0
