1.00 0.23 1.51 2.16 -0.67 1.02 2.44 0.42 0.00 0.00 0.00 0.00 0.00 0.00 0.00
1.00 2.95 2.95 3.00 3.50 4.82 4.10 1.35 0.00 0.00 0.00 0.00 0.00 0.00 0.00
1.00 3.67 3.14 2.86 5.51 6.07 3.94 1.64 0.00 0.00 0.00 0.00 0.00 0.00 0.00
0 0 0 0 0 0 0 0 0 0 0 0 0 0 0
1.00 3.56 2.96 2.14 5.97 5.86 3.31 1.58 0.00 0.00 0.00 0.00 0.00 0.00 0.00
0 0 0 0 0 0 0 0 0 0 0 0 0 0 0
1.00 3.56 2.96 2.14 5.97 5.86 3.31 1.58 0.00 0.00 0.00 0.00 0.00 0.00 0.00
0 0 0 0 0 0 0 0 0 0 0 0 0 0 0
1.00 3.25 3.17 2.90 6.06 6.68 4.35 1.72 0.00 0.00 0.00 0.00 0.00 0.00 0.00
0 0 0 0 0 0 0 0 0 0 0 0 0 0 0
1.00 2.46 2.16 1.86 4.40 4.48 2.86 1.25 0.00 0.00 0.00 0.00 0.00 0.00 0.00
0 0 0 0 0 0 0 0 0 0 0 0 0 0 0
1.00 1.04 0.49 0.30 1.17 0.47 -0.25 0.26 0.00 0.00 0.00 0.00 0.00 0.00 0.00
0 0 0 0 0 0 0 0 0 0 0 0 0 0 0
1.00 -1.30 -1.70 -2.06 -3.14 -4.44 -3.80 -1.06 0.00 0.00 0.00 0.00 0.00 0.00 0.00
0 0 0 0 0 0 0 0 0 0 0 0 0 0 0
1.00 -4.42 -4.94 -5.25 -7.90 -9.63 -7.21 -2.56 0.00 0.00 0.00 0.00 0.00 0.00 0.00
0 0 0 0 0 0 0 0 0 0 0 0 0 0 0
1.00 -3.27 -3.48 -3.27 -5.33 -6.29 -4.34 -1.66 0.00 0.00 0.00 0.00 0.00 0.00 0.00
0 0 0 0 0 0 0 0 0 0 0 0 0 0 0
1.00 -4.01 -3.53 -3.09 -5.53 -5.93 -3.91 -1.76 0.00 0.00 0.00 0.00 0.00 0.00 0.00
0 0 0 0 0 0 0 0 0 0 0 0 0 0 0
1.00 -3.61 -3.06 -2.78 -4.59 -4.74 -3.32 -1.46 0.00 0.00 0.00 0.00 0.00 0.00 0.00
0 0 0 0 0 0 0 0 0 0 0 0 0 0 0
