1.00 1.18 0.98 1.01 1.20 1.20 0.91 0.42 0.00 0.00 0.00 0.00 0.00 0.00 0.00
1.00 1.21 0.88 0.86 1.18 1.03 0.67 0.41 0.00 0.00 0.00 0.00 0.00 0.00 0.00
1.00 1.53 1.17 0.98 1.38 1.13 0.74 0.47 0.00 0.00 0.00 0.00 0.00 0.00 0.00
0 0 0 0 0 0 0 0 0 0 0 0 0 0 0
1.00 1.49 1.15 0.96 1.35 1.11 0.74 0.46 0.00 0.00 0.00 0.00 0.00 0.00 0.00
0 0 0 0 0 0 0 0 0 0 0 0 0 0 0
1.00 1.49 1.15 0.96 1.35 1.11 0.74 0.46 0.00 0.00 0.00 0.00 0.00 0.00 0.00
0 0 0 0 0 0 0 0 0 0 0 0 0 0 0
1.00 0.55 0.21 0.11 0.44 0.07 0.01 0.06 0.00 0.00 0.00 0.00 0.00 0.00 0.00
0 0 0 0 0 0 0 0 0 0 0 0 0 0 0
1.00 -0.77 -0.76 -0.84 -0.71 -0.86 -0.61 -0.25 0.00 0.00 0.00 0.00 0.00 0.00 0.00
0 0 0 0 0 0 0 0 0 0 0 0 0 0 0
1.00 -1.63 -1.25 -1.10 -1.32 -1.41 -0.98 -0.50 0.00 0.00 0.00 0.00 0.00 0.00 0.00
0 0 0 0 0 0 0 0 0 0 0 0 0 0 0
1.00 -2.09 -1.57 -1.20 -1.65 -1.52 -1.08 -0.54 0.00 0.00 0.00 0.00 0.00 0.00 0.00
0 0 0 0 0 0 0 0 0 0 0 0 0 0 0
1.00 -1.17 -0.85 -0.62 -0.79 -0.81 -0.51 -0.29 0.00 0.00 0.00 0.00 0.00 0.00 0.00
0 0 0 0 0 0 0 0 0 0 0 0 0 0 0
1.00 -0.92 -0.66 -0.48 -0.73 -0.82 -0.26 -0.24 0.00 0.00 0.00 0.00 0.00 0.00 0.00
0 0 0 0 0 0 0 0 0 0 0 0 0 0 0
1.00 -0.67 -0.57 -0.42 -0.68 -0.64 -0.40 -0.23 0.00 0.00 0.00 0.00 0.00 0.00 0.00
0 0 0 0 0 0 0 0 0 0 0 0 0 0 0
1.00 -0.62 -0.42 -0.23 -0.50 -0.47 -0.22 -0.07 0.00 0.00 0.00 0.00 0.00 0.00 0.00
0 0 0 0 0 0 0 0 0 0 0 0 0 0 0
