1.00 -1.53 -1.33 -0.90 -1.28 -1.18 -0.87 -0.46 0.00 0.00 0.00 0.00 0.00 0.00 0.00
1.00 -0.74 -0.57 -0.32 -0.58 -0.72 -0.43 -0.25 0.00 0.00 0.00 0.00 0.00 0.00 0.00
1.00 -0.55 -0.44 -0.20 -0.48 -0.41 -0.15 -0.14 0.00 0.00 0.00 0.00 0.00 0.00 0.00
0 0 0 0 0 0 0 0 0 0 0 0 0 0 0
1.00 -0.80 -0.45 -0.32 -0.59 -0.53 -0.19 -0.20 0.00 0.00 0.00 0.00 0.00 0.00 0.00
0 0 0 0 0 0 0 0 0 0 0 0 0 0 0
1.00 -0.80 -0.45 -0.32 -0.59 -0.53 -0.19 -0.20 0.00 0.00 0.00 0.00 0.00 0.00 0.00
0 0 0 0 0 0 0 0 0 0 0 0 0 0 0
1.00 -0.68 -0.54 -0.40 -0.49 -0.51 -0.28 -0.12 0.00 0.00 0.00 0.00 0.00 0.00 0.00
0 0 0 0 0 0 0 0 0 0 0 0 0 0 0
1.00 -0.63 -0.48 -0.36 -0.55 -0.41 -0.50 -0.17 0.00 0.00 0.00 0.00 0.00 0.00 0.00
0 0 0 0 0 0 0 0 0 0 0 0 0 0 0
1.00 -0.46 -0.20 -0.26 -0.26 -0.30 -0.37 -0.14 0.00 0.00 0.00 0.00 0.00 0.00 0.00
0 0 0 0 0 0 0 0 0 0 0 0 0 0 0
1.00 -0.39 -0.19 -0.16 -0.20 -0.16 -0.04 -0.05 0.00 0.00 0.00 0.00 0.00 0.00 0.00
0 0 0 0 0 0 0 0 0 0 0 0 0 0 0
1.00 -0.23 -0.08 -0.09 -0.08 -0.06 0.03 -0.02 0.00 0.00 0.00 0.00 0.00 0.00 0.00
0 0 0 0 0 0 0 0 0 0 0 0 0 0 0
1.00 0.23 0.07 0.13 0.05 0.06 0.09 0.09 0.00 0.00 0.00 0.00 0.00 0.00 0.00
0 0 0 0 0 0 0 0 0 0 0 0 0 0 0
1.00 -0.01 -0.04 0.03 0.04 -0.03 -0.11 0.00 0.00 0.00 0.00 0.00 0.00 0.00 0.00
0 0 0 0 0 0 0 0 0 0 0 0 0 0 0
1.00 0.04 -0.02 -0.06 0.05 0.08 0.10 0.03 0.00 0.00 0.00 0.00 0.00 0.00 0.00
0 0 0 0 0 0 0 0 0 0 0 0 0 0 0
