1.00 0.82 0.44 0.50 0.70 0.70 0.46 0.25 0.00 0.00 0.00 0.00 0.00 0.00 0.00
1.00 0.46 0.28 0.16 0.49 0.46 0.07 0.23 0.00 0.00 0.00 0.00 0.00 0.00 0.00
1.00 0.11 -0.07 -0.30 0.12 -0.17 -0.12 -0.08 0.00 0.00 0.00 0.00 0.00 0.00 0.00
0 0 0 0 0 0 0 0 0 0 0 0 0 0 0
1.00 0.72 0.49 0.15 0.59 0.46 0.31 0.12 0.00 0.00 0.00 0.00 0.00 0.00 0.00
0 0 0 0 0 0 0 0 0 0 0 0 0 0 0
1.00 0.72 0.49 0.15 0.59 0.46 0.31 0.12 0.00 0.00 0.00 0.00 0.00 0.00 0.00
0 0 0 0 0 0 0 0 0 0 0 0 0 0 0
1.00 -0.24 -0.16 0.10 -0.05 -0.13 0.04 -0.01 0.00 0.00 0.00 0.00 0.00 0.00 0.00
0 0 0 0 0 0 0 0 0 0 0 0 0 0 0
1.00 -0.43 -0.35 -0.21 -0.36 -0.44 -0.17 -0.08 0.00 0.00 0.00 0.00 0.00 0.00 0.00
0 0 0 0 0 0 0 0 0 0 0 0 0 0 0
1.00 -0.78 -0.73 -0.58 -0.56 -0.77 -0.63 -0.26 0.00 0.00 0.00 0.00 0.00 0.00 0.00
0 0 0 0 0 0 0 0 0 0 0 0 0 0 0
1.00 -1.11 -0.97 -0.95 -1.05 -1.09 -0.90 -0.39 0.00 0.00 0.00 0.00 0.00 0.00 0.00
0 0 0 0 0 0 0 0 0 0 0 0 0 0 0
1.00 -0.55 -0.57 -0.57 -0.39 -0.66 -0.60 -0.27 0.00 0.00 0.00 0.00 0.00 0.00 0.00
0 0 0 0 0 0 0 0 0 0 0 0 0 0 0
1.00 -0.54 -0.63 -0.59 -0.48 -0.55 -0.47 -0.25 0.00 0.00 0.00 0.00 0.00 0.00 0.00
0 0 0 0 0 0 0 0 0 0 0 0 0 0 0
1.00 -0.50 -0.39 -0.55 -0.47 -0.48 -0.24 -0.10 0.00 0.00 0.00 0.00 0.00 0.00 0.00
0 0 0 0 0 0 0 0 0 0 0 0 0 0 0
1.00 -0.46 -0.39 -0.45 -0.29 -0.43 -0.44 -0.15 0.00 0.00 0.00 0.00 0.00 0.00 0.00
0 0 0 0 0 0 0 0 0 0 0 0 0 0 0
