1.00 -1.33 -0.99 -0.93 -1.13 -1.34 -0.93 -0.41 0.00 0.00 0.00 0.00 0.00 0.00 0.00
1.00 -1.12 -0.81 -0.61 -0.90 -0.92 -0.50 -0.27 0.00 0.00 0.00 0.00 0.00 0.00 0.00
1.00 -0.99 -0.72 -0.53 -0.78 -0.81 -0.42 -0.24 0.00 0.00 0.00 0.00 0.00 0.00 0.00
0 0 0 0 0 0 0 0 0 0 0 0 0 0 0
1.00 -0.93 -0.71 -0.55 -0.86 -0.85 -0.60 -0.27 0.00 0.00 0.00 0.00 0.00 0.00 0.00
0 0 0 0 0 0 0 0 0 0 0 0 0 0 0
1.00 -0.93 -0.71 -0.55 -0.86 -0.85 -0.60 -0.27 0.00 0.00 0.00 0.00 0.00 0.00 0.00
0 0 0 0 0 0 0 0 0 0 0 0 0 0 0
1.00 -0.87 -0.64 -0.55 -0.77 -0.64 -0.51 -0.25 0.00 0.00 0.00 0.00 0.00 0.00 0.00
0 0 0 0 0 0 0 0 0 0 0 0 0 0 0
1.00 -0.75 -0.60 -0.55 -0.65 -0.66 -0.42 -0.27 0.00 0.00 0.00 0.00 0.00 0.00 0.00
0 0 0 0 0 0 0 0 0 0 0 0 0 0 0
1.00 -0.42 -0.35 -0.28 -0.33 -0.42 -0.24 -0.13 0.00 0.00 0.00 0.00 0.00 0.00 0.00
0 0 0 0 0 0 0 0 0 0 0 0 0 0 0
1.00 -0.28 -0.29 -0.22 -0.23 -0.24 -0.14 -0.15 0.00 0.00 0.00 0.00 0.00 0.00 0.00
0 0 0 0 0 0 0 0 0 0 0 0 0 0 0
1.00 -0.13 -0.04 -0.05 -0.01 0.03 0.06 0.00 0.00 0.00 0.00 0.00 0.00 0.00 0.00
0 0 0 0 0 0 0 0 0 0 0 0 0 0 0
1.00 -0.02 0.07 0.01 0.14 0.07 -0.02 0.05 0.00 0.00 0.00 0.00 0.00 0.00 0.00
0 0 0 0 0 0 0 0 0 0 0 0 0 0 0
1.00 -0.01 0.22 -0.06 0.04 0.17 0.16 0.11 0.00 0.00 0.00 0.00 0.00 0.00 0.00
0 0 0 0 0 0 0 0 0 0 0 0 0 0 0
1.00 0.04 -0.08 0.06 -0.04 -0.06 0.20 0.05 0.00 0.00 0.00 0.00 0.00 0.00 0.00
0 0 0 0 0 0 0 0 0 0 0 0 0 0 0
