1.00 -1.30 -1.36 -0.98 -1.47 -2.04 -1.24 -0.65 0.00 0.00 0.00 0.00 0.00 0.00 0.00
1.00 0.44 1.57 2.57 0.03 1.81 2.81 0.49 0.00 0.00 0.00 0.00 0.00 0.00 0.00
1.00 4.28 4.98 5.00 5.13 7.56 6.31 2.22 0.00 0.00 0.00 0.00 0.00 0.00 0.00
0 0 0 0 0 0 0 0 0 0 0 0 0 0 0
1.00 3.03 3.19 2.98 4.07 5.36 4.23 1.53 0.00 0.00 0.00 0.00 0.00 0.00 0.00
0 0 0 0 0 0 0 0 0 0 0 0 0 0 0
1.00 3.03 3.19 2.98 4.07 5.36 4.23 1.53 0.00 0.00 0.00 0.00 0.00 0.00 0.00
0 0 0 0 0 0 0 0 0 0 0 0 0 0 0
1.00 3.30 2.94 2.58 5.17 5.62 3.66 1.55 0.00 0.00 0.00 0.00 0.00 0.00 0.00
0 0 0 0 0 0 0 0 0 0 0 0 0 0 0
1.00 2.74 2.22 1.64 4.45 4.48 2.25 1.21 0.00 0.00 0.00 0.00 0.00 0.00 0.00
0 0 0 0 0 0 0 0 0 0 0 0 0 0 0
1.00 1.78 1.03 0.44 2.66 1.87 0.35 0.54 0.00 0.00 0.00 0.00 0.00 0.00 0.00
0 0 0 0 0 0 0 0 0 0 0 0 0 0 0
1.00 2.57 2.25 2.02 4.00 3.67 2.04 1.15 0.00 0.00 0.00 0.00 0.00 0.00 0.00
0 0 0 0 0 0 0 0 0 0 0 0 0 0 0
1.00 0.55 0.23 -0.32 0.16 -0.90 -1.20 0.01 0.00 0.00 0.00 0.00 0.00 0.00 0.00
0 0 0 0 0 0 0 0 0 0 0 0 0 0 0
1.00 -2.29 -3.11 -3.49 -4.57 -6.57 -5.11 -1.67 0.00 0.00 0.00 0.00 0.00 0.00 0.00
0 0 0 0 0 0 0 0 0 0 0 0 0 0 0
1.00 -6.11 -6.36 -6.34 -9.39 -10.91 -7.75 -3.08 0.00 0.00 0.00 0.00 0.00 0.00 0.00
0 0 0 0 0 0 0 0 0 0 0 0 0 0 0
1.00 -4.18 -3.83 -3.44 -5.87 -6.40 -4.28 -1.87 0.00 0.00 0.00 0.00 0.00 0.00 0.00
0 0 0 0 0 0 0 0 0 0 0 0 0 0 0
