1.00 -0.14 -0.09 -0.02 -0.19 -0.11 -0.05 0.05 0.00 0.00 0.00 0.00 0.00 0.00 0.00
1.00 -0.61 -0.55 -0.55 -0.55 -0.71 -0.44 -0.21 0.00 0.00 0.00 0.00 0.00 0.00 0.00
1.00 -1.17 -0.94 -0.65 -1.10 -1.06 -0.67 -0.37 0.00 0.00 0.00 0.00 0.00 0.00 0.00
0 0 0 0 0 0 0 0 0 0 0 0 0 0 0
1.00 -1.27 -1.00 -0.74 -1.11 -1.07 -0.73 -0.38 0.00 0.00 0.00 0.00 0.00 0.00 0.00
0 0 0 0 0 0 0 0 0 0 0 0 0 0 0
1.00 -1.27 -1.00 -0.74 -1.11 -1.07 -0.73 -0.38 0.00 0.00 0.00 0.00 0.00 0.00 0.00
0 0 0 0 0 0 0 0 0 0 0 0 0 0 0
1.00 -0.64 -0.49 -0.38 -0.64 -0.32 -0.31 -0.21 0.00 0.00 0.00 0.00 0.00 0.00 0.00
0 0 0 0 0 0 0 0 0 0 0 0 0 0 0
1.00 -0.51 -0.51 -0.21 -0.36 -0.40 -0.25 -0.16 0.00 0.00 0.00 0.00 0.00 0.00 0.00
0 0 0 0 0 0 0 0 0 0 0 0 0 0 0
1.00 -0.52 -0.35 -0.37 -0.40 -0.36 -0.19 -0.16 0.00 0.00 0.00 0.00 0.00 0.00 0.00
0 0 0 0 0 0 0 0 0 0 0 0 0 0 0
1.00 -0.41 -0.26 -0.20 -0.29 -0.47 -0.10 -0.07 0.00 0.00 0.00 0.00 0.00 0.00 0.00
0 0 0 0 0 0 0 0 0 0 0 0 0 0 0
1.00 -0.36 -0.25 -0.16 -0.24 -0.27 -0.28 -0.09 0.00 0.00 0.00 0.00 0.00 0.00 0.00
0 0 0 0 0 0 0 0 0 0 0 0 0 0 0
1.00 -0.17 -0.21 -0.23 -0.19 -0.14 -0.11 -0.04 0.00 0.00 0.00 0.00 0.00 0.00 0.00
0 0 0 0 0 0 0 0 0 0 0 0 0 0 0
1.00 -0.13 -0.00 -0.05 -0.15 0.01 -0.04 -0.03 0.00 0.00 0.00 0.00 0.00 0.00 0.00
0 0 0 0 0 0 0 0 0 0 0 0 0 0 0
1.00 0.10 0.11 -0.03 0.17 0.16 -0.02 0.07 0.00 0.00 0.00 0.00 0.00 0.00 0.00
0 0 0 0 0 0 0 0 0 0 0 0 0 0 0
