1.00 -1.35 -1.83 -2.15 -1.81 -2.60 -2.69 -0.71 0.00 0.00 0.00 0.00 0.00 0.00 0.00
1.00 -1.71 -2.24 -2.01 -1.93 -3.22 -2.61 -0.88 0.00 0.00 0.00 0.00 0.00 0.00 0.00
1.00 -1.13 -0.39 0.50 -1.79 -1.28 0.49 -0.35 0.00 0.00 0.00 0.00 0.00 0.00 0.00
0 0 0 0 0 0 0 0 0 0 0 0 0 0 0
1.00 1.78 2.88 3.64 1.76 3.89 4.37 1.06 0.00 0.00 0.00 0.00 0.00 0.00 0.00
0 0 0 0 0 0 0 0 0 0 0 0 0 0 0
1.00 1.78 2.88 3.64 1.76 3.89 4.37 1.06 0.00 0.00 0.00 0.00 0.00 0.00 0.00
0 0 0 0 0 0 0 0 0 0 0 0 0 0 0
1.00 4.89 4.89 4.45 6.57 8.13 5.85 2.25 0.00 0.00 0.00 0.00 0.00 0.00 0.00
0 0 0 0 0 0 0 0 0 0 0 0 0 0 0
1.00 2.89 3.00 2.64 4.48 5.39 3.82 1.40 0.00 0.00 0.00 0.00 0.00 0.00 0.00
0 0 0 0 0 0 0 0 0 0 0 0 0 0 0
1.00 3.02 2.62 2.16 4.56 5.05 3.03 1.34 0.00 0.00 0.00 0.00 0.00 0.00 0.00
0 0 0 0 0 0 0 0 0 0 0 0 0 0 0
1.00 2.17 1.48 1.14 3.49 3.22 1.50 0.92 0.00 0.00 0.00 0.00 0.00 0.00 0.00
0 0 0 0 0 0 0 0 0 0 0 0 0 0 0
1.00 1.15 0.27 -0.28 1.51 0.36 -0.72 0.17 0.00 0.00 0.00 0.00 0.00 0.00 0.00
0 0 0 0 0 0 0 0 0 0 0 0 0 0 0
1.00 3.16 2.89 2.54 4.45 4.08 2.34 1.33 0.00 0.00 0.00 0.00 0.00 0.00 0.00
0 0 0 0 0 0 0 0 0 0 0 0 0 0 0
1.00 1.52 0.68 0.08 0.84 -0.29 -0.88 0.10 0.00 0.00 0.00 0.00 0.00 0.00 0.00
0 0 0 0 0 0 0 0 0 0 0 0 0 0 0
1.00 -1.50 -2.41 -3.01 -3.72 -5.24 -4.29 -1.33 0.00 0.00 0.00 0.00 0.00 0.00 0.00
0 0 0 0 0 0 0 0 0 0 0 0 0 0 0
