1.00 -0.19 -0.46 -0.61 -0.19 -0.51 -0.51 -0.18 0.00 0.00 0.00 0.00 0.00 0.00 0.00
1.00 -1.14 -0.84 -0.72 -0.87 -0.90 -0.68 -0.32 0.00 0.00 0.00 0.00 0.00 0.00 0.00
1.00 -1.16 -0.81 -0.64 -0.90 -0.95 -0.59 -0.33 0.00 0.00 0.00 0.00 0.00 0.00 0.00
0 0 0 0 0 0 0 0 0 0 0 0 0 0 0
1.00 -1.25 -1.05 -0.72 -0.92 -0.97 -0.65 -0.33 0.00 0.00 0.00 0.00 0.00 0.00 0.00
0 0 0 0 0 0 0 0 0 0 0 0 0 0 0
1.00 -1.25 -1.05 -0.72 -0.92 -0.97 -0.65 -0.33 0.00 0.00 0.00 0.00 0.00 0.00 0.00
0 0 0 0 0 0 0 0 0 0 0 0 0 0 0
1.00 -1.28 -0.82 -0.64 -1.05 -0.83 -0.53 -0.29 0.00 0.00 0.00 0.00 0.00 0.00 0.00
0 0 0 0 0 0 0 0 0 0 0 0 0 0 0
1.00 -0.71 -0.42 -0.24 -0.48 -0.52 -0.23 -0.13 0.00 0.00 0.00 0.00 0.00 0.00 0.00
0 0 0 0 0 0 0 0 0 0 0 0 0 0 0
1.00 -0.44 -0.45 -0.29 -0.45 -0.45 -0.26 -0.13 0.00 0.00 0.00 0.00 0.00 0.00 0.00
0 0 0 0 0 0 0 0 0 0 0 0 0 0 0
1.00 -0.41 -0.29 -0.19 -0.30 -0.17 -0.02 -0.10 0.00 0.00 0.00 0.00 0.00 0.00 0.00
0 0 0 0 0 0 0 0 0 0 0 0 0 0 0
1.00 -0.24 -0.07 -0.07 -0.18 -0.03 -0.14 -0.07 0.00 0.00 0.00 0.00 0.00 0.00 0.00
0 0 0 0 0 0 0 0 0 0 0 0 0 0 0
1.00 -0.03 0.02 -0.10 0.04 -0.10 -0.06 -0.07 0.00 0.00 0.00 0.00 0.00 0.00 0.00
0 0 0 0 0 0 0 0 0 0 0 0 0 0 0
1.00 -0.13 -0.05 -0.01 -0.02 -0.01 -0.03 0.02 0.00 0.00 0.00 0.00 0.00 0.00 0.00
0 0 0 0 0 0 0 0 0 0 0 0 0 0 0
1.00 -0.05 -0.05 0.05 -0.05 0.06 0.02 -0.04 0.00 0.00 0.00 0.00 0.00 0.00 0.00
0 0 0 0 0 0 0 0 0 0 0 0 0 0 0
