1.00 0.36 0.14 -0.00 0.36 0.18 0.00 0.07 0.00 0.00 0.00 0.00 0.00 0.00 0.00
1.00 -0.08 -0.07 -0.00 -0.02 -0.14 -0.17 -0.07 0.00 0.00 0.00 0.00 0.00 0.00 0.00
1.00 -0.81 -0.63 -0.53 -0.75 -0.79 -0.46 -0.23 0.00 0.00 0.00 0.00 0.00 0.00 0.00
0 0 0 0 0 0 0 0 0 0 0 0 0 0 0
1.00 -0.97 -0.74 -0.62 -0.87 -0.89 -0.61 -0.28 0.00 0.00 0.00 0.00 0.00 0.00 0.00
0 0 0 0 0 0 0 0 0 0 0 0 0 0 0
1.00 -0.97 -0.74 -0.62 -0.87 -0.89 -0.61 -0.28 0.00 0.00 0.00 0.00 0.00 0.00 0.00
0 0 0 0 0 0 0 0 0 0 0 0 0 0 0
1.00 -0.26 -0.41 -0.19 -0.42 -0.46 -0.46 -0.15 0.00 0.00 0.00 0.00 0.00 0.00 0.00
0 0 0 0 0 0 0 0 0 0 0 0 0 0 0
1.00 -0.33 -0.41 -0.20 -0.40 -0.36 -0.24 -0.13 0.00 0.00 0.00 0.00 0.00 0.00 0.00
0 0 0 0 0 0 0 0 0 0 0 0 0 0 0
1.00 -0.28 -0.18 -0.20 -0.22 -0.29 -0.05 -0.08 0.00 0.00 0.00 0.00 0.00 0.00 0.00
0 0 0 0 0 0 0 0 0 0 0 0 0 0 0
1.00 -0.38 -0.09 -0.10 -0.23 -0.02 -0.09 -0.04 0.00 0.00 0.00 0.00 0.00 0.00 0.00
0 0 0 0 0 0 0 0 0 0 0 0 0 0 0
1.00 -0.13 -0.08 -0.30 -0.07 -0.30 -0.09 -0.00 0.00 0.00 0.00 0.00 0.00 0.00 0.00
0 0 0 0 0 0 0 0 0 0 0 0 0 0 0
1.00 -0.19 -0.09 -0.17 -0.18 -0.15 -0.20 -0.05 0.00 0.00 0.00 0.00 0.00 0.00 0.00
0 0 0 0 0 0 0 0 0 0 0 0 0 0 0
1.00 -0.20 -0.24 -0.26 -0.07 -0.19 -0.18 -0.07 0.00 0.00 0.00 0.00 0.00 0.00 0.00
0 0 0 0 0 0 0 0 0 0 0 0 0 0 0
1.00 -0.13 -0.17 -0.10 -0.20 -0.26 -0.11 -0.05 0.00 0.00 0.00 0.00 0.00 0.00 0.00
0 0 0 0 0 0 0 0 0 0 0 0 0 0 0
