1.00 -1.20 -1.02 -0.77 -1.09 -1.01 -0.84 -0.41 0.00 0.00 0.00 0.00 0.00 0.00 0.00
1.00 -0.74 -0.53 -0.55 -0.58 -0.73 -0.62 -0.25 0.00 0.00 0.00 0.00 0.00 0.00 0.00
1.00 -0.89 -0.49 -0.49 -0.61 -0.70 -0.47 -0.18 0.00 0.00 0.00 0.00 0.00 0.00 0.00
0 0 0 0 0 0 0 0 0 0 0 0 0 0 0
1.00 -0.87 -0.61 -0.35 -0.62 -0.58 -0.16 -0.16 0.00 0.00 0.00 0.00 0.00 0.00 0.00
0 0 0 0 0 0 0 0 0 0 0 0 0 0 0
1.00 -0.87 -0.61 -0.35 -0.62 -0.58 -0.16 -0.16 0.00 0.00 0.00 0.00 0.00 0.00 0.00
0 0 0 0 0 0 0 0 0 0 0 0 0 0 0
1.00 -0.87 -0.61 -0.44 -0.77 -0.66 -0.39 -0.20 0.00 0.00 0.00 0.00 0.00 0.00 0.00
0 0 0 0 0 0 0 0 0 0 0 0 0 0 0
1.00 -0.47 -0.45 -0.16 -0.30 -0.28 -0.19 -0.09 0.00 0.00 0.00 0.00 0.00 0.00 0.00
0 0 0 0 0 0 0 0 0 0 0 0 0 0 0
1.00 -0.38 -0.31 -0.25 -0.24 -0.28 -0.17 -0.11 0.00 0.00 0.00 0.00 0.00 0.00 0.00
0 0 0 0 0 0 0 0 0 0 0 0 0 0 0
1.00 -0.28 -0.24 -0.27 -0.22 -0.36 -0.14 -0.07 0.00 0.00 0.00 0.00 0.00 0.00 0.00
0 0 0 0 0 0 0 0 0 0 0 0 0 0 0
1.00 -0.26 -0.07 -0.02 -0.16 -0.04 -0.01 -0.03 0.00 0.00 0.00 0.00 0.00 0.00 0.00
0 0 0 0 0 0 0 0 0 0 0 0 0 0 0
1.00 -0.10 -0.17 -0.17 0.02 -0.06 -0.04 -0.04 0.00 0.00 0.00 0.00 0.00 0.00 0.00
0 0 0 0 0 0 0 0 0 0 0 0 0 0 0
1.00 0.05 0.01 -0.00 0.03 0.13 0.03 0.07 0.00 0.00 0.00 0.00 0.00 0.00 0.00
0 0 0 0 0 0 0 0 0 0 0 0 0 0 0
1.00 0.08 0.05 0.08 0.18 0.01 0.07 0.06 0.00 0.00 0.00 0.00 0.00 0.00 0.00
0 0 0 0 0 0 0 0 0 0 0 0 0 0 0
