1.00 -0.06 1.27 2.28 -1.03 0.51 2.30 0.24 0.00 0.00 0.00 0.00 0.00 0.00 0.00
1.00 2.77 3.26 3.36 2.81 4.66 4.19 1.37 0.00 0.00 0.00 0.00 0.00 0.00 0.00
1.00 3.89 3.66 3.43 5.43 6.41 4.59 1.76 0.00 0.00 0.00 0.00 0.00 0.00 0.00
0 0 0 0 0 0 0 0 0 0 0 0 0 0 0
1.00 4.01 3.43 2.86 6.01 6.51 4.02 1.76 0.00 0.00 0.00 0.00 0.00 0.00 0.00
0 0 0 0 0 0 0 0 0 0 0 0 0 0 0
1.00 4.01 3.43 2.86 6.01 6.51 4.02 1.76 0.00 0.00 0.00 0.00 0.00 0.00 0.00
0 0 0 0 0 0 0 0 0 0 0 0 0 0 0
1.00 2.76 2.67 2.53 4.82 5.54 3.75 1.43 0.00 0.00 0.00 0.00 0.00 0.00 0.00
0 0 0 0 0 0 0 0 0 0 0 0 0 0 0
1.00 2.00 1.71 1.29 3.33 3.40 1.84 0.86 0.00 0.00 0.00 0.00 0.00 0.00 0.00
0 0 0 0 0 0 0 0 0 0 0 0 0 0 0
1.00 0.46 0.10 -0.37 0.45 -0.57 -1.08 -0.02 0.00 0.00 0.00 0.00 0.00 0.00 0.00
0 0 0 0 0 0 0 0 0 0 0 0 0 0 0
1.00 -2.06 -2.82 -3.14 -4.27 -6.25 -4.88 -1.54 0.00 0.00 0.00 0.00 0.00 0.00 0.00
0 0 0 0 0 0 0 0 0 0 0 0 0 0 0
1.00 1.49 0.90 0.56 1.20 0.41 -0.09 0.27 0.00 0.00 0.00 0.00 0.00 0.00 0.00
0 0 0 0 0 0 0 0 0 0 0 0 0 0 0
1.00 -1.21 -1.93 -2.34 -3.05 -4.35 -3.51 -1.12 0.00 0.00 0.00 0.00 0.00 0.00 0.00
0 0 0 0 0 0 0 0 0 0 0 0 0 0 0
1.00 -4.55 -4.74 -4.67 -6.72 -7.97 -5.63 -2.19 0.00 0.00 0.00 0.00 0.00 0.00 0.00
0 0 0 0 0 0 0 0 0 0 0 0 0 0 0
1.00 -6.68 -5.77 -5.02 -8.29 -8.71 -5.70 -2.58 0.00 0.00 0.00 0.00 0.00 0.00 0.00
0 0 0 0 0 0 0 0 0 0 0 0 0 0 0
