1.00 -1.51 -0.80 0.12 -1.88 -1.44 0.08 -0.38 0.00 0.00 0.00 0.00 0.00 0.00 0.00
1.00 1.79 2.67 3.34 1.27 3.08 3.71 0.90 0.00 0.00 0.00 0.00 0.00 0.00 0.00
1.00 5.92 5.41 4.74 7.51 8.59 5.74 2.41 0.00 0.00 0.00 0.00 0.00 0.00 0.00
0 0 0 0 0 0 0 0 0 0 0 0 0 0 0
1.00 3.68 3.48 3.14 5.15 5.84 4.21 1.68 0.00 0.00 0.00 0.00 0.00 0.00 0.00
0 0 0 0 0 0 0 0 0 0 0 0 0 0 0
1.00 3.68 3.48 3.14 5.15 5.84 4.21 1.68 0.00 0.00 0.00 0.00 0.00 0.00 0.00
0 0 0 0 0 0 0 0 0 0 0 0 0 0 0
1.00 2.98 2.53 2.15 4.12 4.49 2.72 1.31 0.00 0.00 0.00 0.00 0.00 0.00 0.00
0 0 0 0 0 0 0 0 0 0 0 0 0 0 0
1.00 1.62 1.20 0.61 2.16 1.64 0.55 0.55 0.00 0.00 0.00 0.00 0.00 0.00 0.00
0 0 0 0 0 0 0 0 0 0 0 0 0 0 0
1.00 -0.13 -0.91 -1.31 -1.09 -2.37 -2.32 -0.52 0.00 0.00 0.00 0.00 0.00 0.00 0.00
0 0 0 0 0 0 0 0 0 0 0 0 0 0 0
1.00 1.52 0.63 0.18 0.59 -0.23 -0.50 0.10 0.00 0.00 0.00 0.00 0.00 0.00 0.00
0 0 0 0 0 0 0 0 0 0 0 0 0 0 0
1.00 -0.65 -1.09 -1.15 -2.18 -2.85 -2.03 -0.67 0.00 0.00 0.00 0.00 0.00 0.00 0.00
0 0 0 0 0 0 0 0 0 0 0 0 0 0 0
1.00 -2.30 -2.23 -2.28 -3.65 -4.30 -3.02 -1.20 0.00 0.00 0.00 0.00 0.00 0.00 0.00
0 0 0 0 0 0 0 0 0 0 0 0 0 0 0
1.00 -3.56 -3.27 -3.28 -4.43 -4.99 -3.60 -1.40 0.00 0.00 0.00 0.00 0.00 0.00 0.00
0 0 0 0 0 0 0 0 0 0 0 0 0 0 0
1.00 -4.70 -4.34 -3.77 -4.87 -5.28 -3.87 -1.71 0.00 0.00 0.00 0.00 0.00 0.00 0.00
0 0 0 0 0 0 0 0 0 0 0 0 0 0 0
