1.00 -1.02 -0.81 -0.66 -0.76 -0.81 -0.63 -0.31 0.00 0.00 0.00 0.00 0.00 0.00 0.00
1.00 -1.35 -0.95 -0.81 -1.15 -1.08 -0.62 -0.38 0.00 0.00 0.00 0.00 0.00 0.00 0.00
1.00 -0.59 -0.47 -0.39 -0.51 -0.39 -0.40 -0.14 0.00 0.00 0.00 0.00 0.00 0.00 0.00
0 0 0 0 0 0 0 0 0 0 0 0 0 0 0
1.00 -0.53 -0.40 -0.39 -0.49 -0.55 -0.28 -0.21 0.00 0.00 0.00 0.00 0.00 0.00 0.00
0 0 0 0 0 0 0 0 0 0 0 0 0 0 0
1.00 -0.53 -0.40 -0.39 -0.49 -0.55 -0.28 -0.21 0.00 0.00 0.00 0.00 0.00 0.00 0.00
0 0 0 0 0 0 0 0 0 0 0 0 0 0 0
1.00 -0.39 -0.42 -0.16 -0.19 -0.31 -0.17 -0.12 0.00 0.00 0.00 0.00 0.00 0.00 0.00
0 0 0 0 0 0 0 0 0 0 0 0 0 0 0
1.00 -0.19 -0.13 -0.28 -0.34 -0.12 -0.26 -0.04 0.00 0.00 0.00 0.00 0.00 0.00 0.00
0 0 0 0 0 0 0 0 0 0 0 0 0 0 0
1.00 -0.27 -0.17 -0.21 -0.23 -0.29 -0.19 -0.12 0.00 0.00 0.00 0.00 0.00 0.00 0.00
0 0 0 0 0 0 0 0 0 0 0 0 0 0 0
1.00 -0.09 -0.24 -0.09 -0.18 -0.12 -0.05 -0.08 0.00 0.00 0.00 0.00 0.00 0.00 0.00
0 0 0 0 0 0 0 0 0 0 0 0 0 0 0
1.00 -0.03 0.02 -0.15 -0.05 0.01 -0.11 -0.03 0.00 0.00 0.00 0.00 0.00 0.00 0.00
0 0 0 0 0 0 0 0 0 0 0 0 0 0 0
1.00 0.03 -0.04 -0.10 0.11 0.07 -0.02 -0.03 0.00 0.00 0.00 0.00 0.00 0.00 0.00
0 0 0 0 0 0 0 0 0 0 0 0 0 0 0
1.00 -0.12 -0.12 0.03 -0.00 -0.04 0.06 -0.06 0.00 0.00 0.00 0.00 0.00 0.00 0.00
0 0 0 0 0 0 0 0 0 0 0 0 0 0 0
1.00 0.04 0.08 0.04 -0.16 0.04 -0.09 -0.04 0.00 0.00 0.00 0.00 0.00 0.00 0.00
0 0 0 0 0 0 0 0 0 0 0 0 0 0 0
