1.00 -2.06 -2.41 -2.77 -2.44 -3.70 -3.44 -1.04 0.00 0.00 0.00 0.00 0.00 0.00 0.00
1.00 -2.22 -1.99 -0.97 -2.77 -3.09 -1.14 -0.91 0.00 0.00 0.00 0.00 0.00 0.00 0.00
1.00 -0.33 1.07 2.03 -0.84 0.87 2.20 0.27 0.00 0.00 0.00 0.00 0.00 0.00 0.00
0 0 0 0 0 0 0 0 0 0 0 0 0 0 0
1.00 3.10 3.82 3.90 3.72 5.58 4.73 1.60 0.00 0.00 0.00 0.00 0.00 0.00 0.00
0 0 0 0 0 0 0 0 0 0 0 0 0 0 0
1.00 3.10 3.82 3.90 3.72 5.58 4.73 1.60 0.00 0.00 0.00 0.00 0.00 0.00 0.00
0 0 0 0 0 0 0 0 0 0 0 0 0 0 0
1.00 5.16 4.45 3.84 6.91 7.71 5.14 2.20 0.00 0.00 0.00 0.00 0.00 0.00 0.00
0 0 0 0 0 0 0 0 0 0 0 0 0 0 0
1.00 3.05 2.75 2.43 4.20 5.11 3.47 1.41 0.00 0.00 0.00 0.00 0.00 0.00 0.00
0 0 0 0 0 0 0 0 0 0 0 0 0 0 0
1.00 2.54 2.14 1.66 3.99 4.31 2.57 1.09 0.00 0.00 0.00 0.00 0.00 0.00 0.00
0 0 0 0 0 0 0 0 0 0 0 0 0 0 0
1.00 1.70 1.11 0.73 2.86 2.51 1.00 0.71 0.00 0.00 0.00 0.00 0.00 0.00 0.00
0 0 0 0 0 0 0 0 0 0 0 0 0 0 0
1.00 0.26 -0.44 -0.96 0.32 -1.16 -1.74 -0.23 0.00 0.00 0.00 0.00 0.00 0.00 0.00
0 0 0 0 0 0 0 0 0 0 0 0 0 0 0
1.00 2.78 2.03 1.53 3.17 2.38 0.87 0.90 0.00 0.00 0.00 0.00 0.00 0.00 0.00
0 0 0 0 0 0 0 0 0 0 0 0 0 0 0
1.00 0.45 -0.54 -1.33 -1.30 -2.54 -2.51 -0.54 0.00 0.00 0.00 0.00 0.00 0.00 0.00
0 0 0 0 0 0 0 0 0 0 0 0 0 0 0
1.00 -2.84 -3.31 -3.52 -5.13 -6.27 -4.63 -1.69 0.00 0.00 0.00 0.00 0.00 0.00 0.00
0 0 0 0 0 0 0 0 0 0 0 0 0 0 0
