1.00 0.14 1.28 2.09 -1.00 0.89 2.46 0.34 0.00 0.00 0.00 0.00 0.00 0.00 0.00
1.00 2.28 2.69 2.82 2.38 4.05 3.55 1.18 0.00 0.00 0.00 0.00 0.00 0.00 0.00
1.00 2.89 2.84 2.60 4.10 4.94 3.63 1.39 0.00 0.00 0.00 0.00 0.00 0.00 0.00
0 0 0 0 0 0 0 0 0 0 0 0 0 0 0
1.00 2.97 2.56 2.00 4.41 4.74 2.96 1.31 0.00 0.00 0.00 0.00 0.00 0.00 0.00
0 0 0 0 0 0 0 0 0 0 0 0 0 0 0
1.00 2.97 2.56 2.00 4.41 4.74 2.96 1.31 0.00 0.00 0.00 0.00 0.00 0.00 0.00
0 0 0 0 0 0 0 0 0 0 0 0 0 0 0
1.00 2.21 1.64 1.17 3.17 3.09 1.46 0.82 0.00 0.00 0.00 0.00 0.00 0.00 0.00
0 0 0 0 0 0 0 0 0 0 0 0 0 0 0
1.00 0.73 0.10 -0.35 0.82 -0.27 -1.07 0.06 0.00 0.00 0.00 0.00 0.00 0.00 0.00
0 0 0 0 0 0 0 0 0 0 0 0 0 0 0
1.00 2.04 1.41 1.08 2.13 1.44 0.56 0.60 0.00 0.00 0.00 0.00 0.00 0.00 0.00
0 0 0 0 0 0 0 0 0 0 0 0 0 0 0
1.00 -0.19 -1.04 -1.53 -1.67 -2.96 -2.53 -0.61 0.00 0.00 0.00 0.00 0.00 0.00 0.00
0 0 0 0 0 0 0 0 0 0 0 0 0 0 0
1.00 -3.25 -3.82 -4.11 -5.47 -7.06 -5.36 -1.95 0.00 0.00 0.00 0.00 0.00 0.00 0.00
0 0 0 0 0 0 0 0 0 0 0 0 0 0 0
1.00 -6.54 -6.06 -5.64 -8.29 -9.33 -6.52 -2.78 0.00 0.00 0.00 0.00 0.00 0.00 0.00
0 0 0 0 0 0 0 0 0 0 0 0 0 0 0
1.00 -3.53 -3.05 -2.62 -4.34 -4.52 -2.93 -1.37 0.00 0.00 0.00 0.00 0.00 0.00 0.00
0 0 0 0 0 0 0 0 0 0 0 0 0 0 0
1.00 -2.83 -2.53 -2.13 -3.46 -3.49 -2.27 -1.03 0.00 0.00 0.00 0.00 0.00 0.00 0.00
0 0 0 0 0 0 0 0 0 0 0 0 0 0 0
