1.00 0.39 0.25 0.36 0.06 0.18 0.47 0.05 0.00 0.00 0.00 0.00 0.00 0.00 0.00
1.00 -0.13 0.20 0.34 -0.15 0.14 0.24 0.19 0.00 0.00 0.00 0.00 0.00 0.00 0.00
1.00 -0.07 -0.12 0.05 -0.18 -0.13 -0.06 -0.12 0.00 0.00 0.00 0.00 0.00 0.00 0.00
0 0 0 0 0 0 0 0 0 0 0 0 0 0 0
1.00 -0.61 -0.40 -0.16 -0.55 -0.53 -0.27 -0.15 0.00 0.00 0.00 0.00 0.00 0.00 0.00
0 0 0 0 0 0 0 0 0 0 0 0 0 0 0
1.00 -0.61 -0.40 -0.16 -0.55 -0.53 -0.27 -0.15 0.00 0.00 0.00 0.00 0.00 0.00 0.00
0 0 0 0 0 0 0 0 0 0 0 0 0 0 0
1.00 -0.58 -0.52 -0.52 -0.54 -0.64 -0.29 -0.16 0.00 0.00 0.00 0.00 0.00 0.00 0.00
0 0 0 0 0 0 0 0 0 0 0 0 0 0 0
1.00 -0.81 -0.73 -0.73 -0.51 -0.77 -0.66 -0.23 0.00 0.00 0.00 0.00 0.00 0.00 0.00
0 0 0 0 0 0 0 0 0 0 0 0 0 0 0
1.00 -0.76 -0.69 -0.70 -0.48 -0.73 -0.64 -0.23 0.00 0.00 0.00 0.00 0.00 0.00 0.00
0 0 0 0 0 0 0 0 0 0 0 0 0 0 0
1.00 -0.28 -0.31 -0.25 -0.21 -0.24 -0.45 -0.12 0.00 0.00 0.00 0.00 0.00 0.00 0.00
0 0 0 0 0 0 0 0 0 0 0 0 0 0 0
1.00 -0.23 -0.30 -0.21 -0.27 -0.33 -0.08 -0.07 0.00 0.00 0.00 0.00 0.00 0.00 0.00
0 0 0 0 0 0 0 0 0 0 0 0 0 0 0
1.00 -0.18 -0.16 -0.15 -0.20 -0.24 -0.10 -0.06 0.00 0.00 0.00 0.00 0.00 0.00 0.00
0 0 0 0 0 0 0 0 0 0 0 0 0 0 0
1.00 -0.10 -0.08 -0.18 -0.06 -0.24 -0.23 -0.09 0.00 0.00 0.00 0.00 0.00 0.00 0.00
0 0 0 0 0 0 0 0 0 0 0 0 0 0 0
1.00 -0.11 -0.10 -0.21 -0.16 -0.13 -0.10 -0.02 0.00 0.00 0.00 0.00 0.00 0.00 0.00
0 0 0 0 0 0 0 0 0 0 0 0 0 0 0
