1.00 3.45 4.52 4.35 3.87 5.73 5.57 1.71 0.00 0.00 0.00 0.00 0.00 0.00 0.00
1.00 3.47 3.53 3.16 4.78 6.08 4.51 1.70 0.00 0.00 0.00 0.00 0.00 0.00 0.00
1.00 3.54 3.24 2.65 5.15 5.68 3.78 1.54 0.00 0.00 0.00 0.00 0.00 0.00 0.00
0 0 0 0 0 0 0 0 0 0 0 0 0 0 0
1.00 2.81 2.50 1.96 4.14 4.48 2.85 1.21 0.00 0.00 0.00 0.00 0.00 0.00 0.00
0 0 0 0 0 0 0 0 0 0 0 0 0 0 0
1.00 2.81 2.50 1.96 4.14 4.48 2.85 1.21 0.00 0.00 0.00 0.00 0.00 0.00 0.00
0 0 0 0 0 0 0 0 0 0 0 0 0 0 0
1.00 2.13 1.50 1.03 3.45 3.12 1.50 0.82 0.00 0.00 0.00 0.00 0.00 0.00 0.00
0 0 0 0 0 0 0 0 0 0 0 0 0 0 0
1.00 4.41 3.98 3.40 6.94 7.36 4.92 2.02 0.00 0.00 0.00 0.00 0.00 0.00 0.00
0 0 0 0 0 0 0 0 0 0 0 0 0 0 0
1.00 3.13 2.50 1.95 4.21 3.58 2.26 1.14 0.00 0.00 0.00 0.00 0.00 0.00 0.00
0 0 0 0 0 0 0 0 0 0 0 0 0 0 0
1.00 0.71 0.01 -0.50 -0.02 -1.57 -1.72 -0.23 0.00 0.00 0.00 0.00 0.00 0.00 0.00
0 0 0 0 0 0 0 0 0 0 0 0 0 0 0
1.00 -2.65 -3.20 -3.43 -4.73 -6.45 -5.00 -1.70 0.00 0.00 0.00 0.00 0.00 0.00 0.00
0 0 0 0 0 0 0 0 0 0 0 0 0 0 0
1.00 -5.29 -5.06 -4.30 -7.74 -8.05 -5.57 -2.34 0.00 0.00 0.00 0.00 0.00 0.00 0.00
0 0 0 0 0 0 0 0 0 0 0 0 0 0 0
1.00 -5.57 -5.08 -4.36 -7.46 -7.66 -5.69 -2.21 0.00 0.00 0.00 0.00 0.00 0.00 0.00
0 0 0 0 0 0 0 0 0 0 0 0 0 0 0
1.00 -3.16 -2.71 -2.33 -4.15 -4.18 -3.03 -1.20 0.00 0.00 0.00 0.00 0.00 0.00 0.00
0 0 0 0 0 0 0 0 0 0 0 0 0 0 0
