1.00 2.70 3.38 3.76 2.50 4.67 4.34 1.38 0.00 0.00 0.00 0.00 0.00 0.00 0.00
1.00 3.84 3.76 3.55 4.92 6.10 4.59 1.74 0.00 0.00 0.00 0.00 0.00 0.00 0.00
1.00 3.64 3.24 2.97 5.34 5.82 3.94 1.65 0.00 0.00 0.00 0.00 0.00 0.00 0.00
0 0 0 0 0 0 0 0 0 0 0 0 0 0 0
1.00 2.96 2.47 1.96 4.52 4.38 2.51 1.26 0.00 0.00 0.00 0.00 0.00 0.00 0.00
0 0 0 0 0 0 0 0 0 0 0 0 0 0 0
1.00 2.96 2.47 1.96 4.52 4.38 2.51 1.26 0.00 0.00 0.00 0.00 0.00 0.00 0.00
0 0 0 0 0 0 0 0 0 0 0 0 0 0 0
1.00 3.15 2.98 2.96 5.28 5.85 3.82 1.60 0.00 0.00 0.00 0.00 0.00 0.00 0.00
0 0 0 0 0 0 0 0 0 0 0 0 0 0 0
1.00 1.70 1.54 1.34 2.36 2.18 1.18 0.75 0.00 0.00 0.00 0.00 0.00 0.00 0.00
0 0 0 0 0 0 0 0 0 0 0 0 0 0 0
1.00 -0.60 -1.14 -1.47 -1.91 -3.13 -2.61 -0.72 0.00 0.00 0.00 0.00 0.00 0.00 0.00
0 0 0 0 0 0 0 0 0 0 0 0 0 0 0
1.00 -1.01 -1.45 -1.69 -2.29 -3.46 -2.81 -0.84 0.00 0.00 0.00 0.00 0.00 0.00 0.00
0 0 0 0 0 0 0 0 0 0 0 0 0 0 0
1.00 -4.58 -4.89 -5.27 -7.40 -8.79 -6.58 -2.44 0.00 0.00 0.00 0.00 0.00 0.00 0.00
0 0 0 0 0 0 0 0 0 0 0 0 0 0 0
1.00 -3.36 -3.59 -3.54 -5.21 -6.19 -4.13 -1.71 0.00 0.00 0.00 0.00 0.00 0.00 0.00
0 0 0 0 0 0 0 0 0 0 0 0 0 0 0
1.00 -4.50 -3.69 -3.23 -5.56 -5.68 -3.51 -1.70 0.00 0.00 0.00 0.00 0.00 0.00 0.00
0 0 0 0 0 0 0 0 0 0 0 0 0 0 0
1.00 -3.99 -3.30 -2.87 -4.52 -4.56 -3.02 -1.50 0.00 0.00 0.00 0.00 0.00 0.00 0.00
0 0 0 0 0 0 0 0 0 0 0 0 0 0 0
