1.00 1.31 1.24 1.26 0.98 1.41 1.05 0.44 0.00 0.00 0.00 0.00 0.00 0.00 0.00
1.00 1.07 0.93 0.88 1.11 1.04 0.65 0.36 0.00 0.00 0.00 0.00 0.00 0.00 0.00
1.00 0.41 0.03 -0.05 0.47 0.13 -0.17 0.02 0.00 0.00 0.00 0.00 0.00 0.00 0.00
0 0 0 0 0 0 0 0 0 0 0 0 0 0 0
1.00 -0.83 -0.90 -0.96 -0.72 -0.93 -0.84 -0.26 0.00 0.00 0.00 0.00 0.00 0.00 0.00
0 0 0 0 0 0 0 0 0 0 0 0 0 0 0
1.00 -0.83 -0.90 -0.96 -0.72 -0.93 -0.84 -0.26 0.00 0.00 0.00 0.00 0.00 0.00 0.00
0 0 0 0 0 0 0 0 0 0 0 0 0 0 0
1.00 -0.35 -0.41 -0.61 -0.18 -0.39 -0.46 -0.07 0.00 0.00 0.00 0.00 0.00 0.00 0.00
0 0 0 0 0 0 0 0 0 0 0 0 0 0 0
1.00 -1.01 -0.81 -0.88 -0.71 -1.00 -0.91 -0.32 0.00 0.00 0.00 0.00 0.00 0.00 0.00
0 0 0 0 0 0 0 0 0 0 0 0 0 0 0
1.00 -1.51 -1.23 -1.06 -1.18 -1.27 -0.91 -0.44 0.00 0.00 0.00 0.00 0.00 0.00 0.00
0 0 0 0 0 0 0 0 0 0 0 0 0 0 0
1.00 -1.52 -1.27 -0.97 -1.14 -1.31 -0.88 -0.47 0.00 0.00 0.00 0.00 0.00 0.00 0.00
0 0 0 0 0 0 0 0 0 0 0 0 0 0 0
1.00 -0.76 -0.57 -0.59 -0.62 -0.64 -0.60 -0.23 0.00 0.00 0.00 0.00 0.00 0.00 0.00
0 0 0 0 0 0 0 0 0 0 0 0 0 0 0
1.00 -0.68 -0.63 -0.57 -0.62 -0.72 -0.60 -0.31 0.00 0.00 0.00 0.00 0.00 0.00 0.00
0 0 0 0 0 0 0 0 0 0 0 0 0 0 0
1.00 -0.68 -0.39 -0.39 -0.53 -0.34 -0.20 -0.14 0.00 0.00 0.00 0.00 0.00 0.00 0.00
0 0 0 0 0 0 0 0 0 0 0 0 0 0 0
1.00 -0.45 -0.41 -0.26 -0.19 -0.22 -0.15 -0.06 0.00 0.00 0.00 0.00 0.00 0.00 0.00
0 0 0 0 0 0 0 0 0 0 0 0 0 0 0
