1.00 0.85 0.70 0.71 0.87 1.08 0.81 0.28 0.00 0.00 0.00 0.00 0.00 0.00 0.00
1.00 1.44 1.14 0.80 1.40 1.46 0.78 0.48 0.00 0.00 0.00 0.00 0.00 0.00 0.00
1.00 1.04 0.79 0.63 0.94 1.08 0.52 0.31 0.00 0.00 0.00 0.00 0.00 0.00 0.00
0 0 0 0 0 0 0 0 0 0 0 0 0 0 0
1.00 0.55 0.18 0.06 0.44 0.22 0.03 0.14 0.00 0.00 0.00 0.00 0.00 0.00 0.00
0 0 0 0 0 0 0 0 0 0 0 0 0 0 0
1.00 0.55 0.18 0.06 0.44 0.22 0.03 0.14 0.00 0.00 0.00 0.00 0.00 0.00 0.00
0 0 0 0 0 0 0 0 0 0 0 0 0 0 0
1.00 0.60 0.42 0.12 0.63 0.61 0.06 0.21 0.00 0.00 0.00 0.00 0.00 0.00 0.00
0 0 0 0 0 0 0 0 0 0 0 0 0 0 0
1.00 0.18 0.02 0.10 0.14 0.20 0.21 0.04 0.00 0.00 0.00 0.00 0.00 0.00 0.00
0 0 0 0 0 0 0 0 0 0 0 0 0 0 0
1.00 -0.36 -0.29 -0.03 -0.34 -0.48 -0.17 -0.11 0.00 0.00 0.00 0.00 0.00 0.00 0.00
0 0 0 0 0 0 0 0 0 0 0 0 0 0 0
1.00 -0.87 -0.68 -0.34 -0.90 -0.90 -0.31 -0.27 0.00 0.00 0.00 0.00 0.00 0.00 0.00
0 0 0 0 0 0 0 0 0 0 0 0 0 0 0
1.00 -1.37 -0.82 -0.57 -1.19 -1.27 -0.77 -0.38 0.00 0.00 0.00 0.00 0.00 0.00 0.00
0 0 0 0 0 0 0 0 0 0 0 0 0 0 0
1.00 -0.61 -0.45 -0.21 -0.54 -0.62 -0.26 -0.16 0.00 0.00 0.00 0.00 0.00 0.00 0.00
0 0 0 0 0 0 0 0 0 0 0 0 0 0 0
1.00 -0.69 -0.63 -0.58 -0.67 -0.69 -0.59 -0.27 0.00 0.00 0.00 0.00 0.00 0.00 0.00
0 0 0 0 0 0 0 0 0 0 0 0 0 0 0
1.00 -0.87 -0.68 -0.67 -0.89 -0.96 -0.76 -0.31 0.00 0.00 0.00 0.00 0.00 0.00 0.00
0 0 0 0 0 0 0 0 0 0 0 0 0 0 0
