1.00 1.32 0.93 0.77 1.13 0.79 0.60 0.34 0.00 0.00 0.00 0.00 0.00 0.00 0.00
1.00 0.33 -0.03 -0.24 0.16 -0.22 -0.40 0.01 0.00 0.00 0.00 0.00 0.00 0.00 0.00
1.00 -1.00 -0.97 -0.78 -0.94 -1.20 -0.83 -0.32 0.00 0.00 0.00 0.00 0.00 0.00 0.00
0 0 0 0 0 0 0 0 0 0 0 0 0 0 0
1.00 -1.52 -1.14 -0.99 -1.36 -1.26 -0.89 -0.48 0.00 0.00 0.00 0.00 0.00 0.00 0.00
0 0 0 0 0 0 0 0 0 0 0 0 0 0 0
1.00 -1.52 -1.14 -0.99 -1.36 -1.26 -0.89 -0.48 0.00 0.00 0.00 0.00 0.00 0.00 0.00
0 0 0 0 0 0 0 0 0 0 0 0 0 0 0
1.00 -1.56 -1.10 -0.90 -1.26 -1.34 -0.77 -0.49 0.00 0.00 0.00 0.00 0.00 0.00 0.00
0 0 0 0 0 0 0 0 0 0 0 0 0 0 0
1.00 -0.65 -0.57 -0.52 -0.64 -0.51 -0.54 -0.20 0.00 0.00 0.00 0.00 0.00 0.00 0.00
0 0 0 0 0 0 0 0 0 0 0 0 0 0 0
1.00 -0.65 -0.52 -0.25 -0.47 -0.57 -0.31 -0.13 0.00 0.00 0.00 0.00 0.00 0.00 0.00
0 0 0 0 0 0 0 0 0 0 0 0 0 0 0
1.00 -0.48 -0.36 -0.35 -0.47 -0.44 -0.28 -0.14 0.00 0.00 0.00 0.00 0.00 0.00 0.00
0 0 0 0 0 0 0 0 0 0 0 0 0 0 0
1.00 -0.40 -0.29 -0.14 -0.40 -0.35 -0.16 -0.16 0.00 0.00 0.00 0.00 0.00 0.00 0.00
0 0 0 0 0 0 0 0 0 0 0 0 0 0 0
1.00 -0.21 -0.21 -0.19 -0.12 -0.29 0.01 -0.03 0.00 0.00 0.00 0.00 0.00 0.00 0.00
0 0 0 0 0 0 0 0 0 0 0 0 0 0 0
1.00 -0.23 -0.12 -0.19 -0.28 -0.14 -0.22 -0.10 0.00 0.00 0.00 0.00 0.00 0.00 0.00
0 0 0 0 0 0 0 0 0 0 0 0 0 0 0
1.00 -0.03 -0.02 -0.00 -0.12 -0.08 -0.13 -0.01 0.00 0.00 0.00 0.00 0.00 0.00 0.00
0 0 0 0 0 0 0 0 0 0 0 0 0 0 0
