1.00 0.95 0.78 0.73 0.90 0.93 0.73 0.26 0.00 0.00 0.00 0.00 0.00 0.00 0.00
1.00 0.89 0.61 0.62 0.98 0.82 0.57 0.24 0.00 0.00 0.00 0.00 0.00 0.00 0.00
1.00 0.20 0.13 0.15 0.31 0.04 -0.07 0.08 0.00 0.00 0.00 0.00 0.00 0.00 0.00
0 0 0 0 0 0 0 0 0 0 0 0 0 0 0
1.00 -0.58 -0.54 -0.56 -0.50 -0.74 -0.57 -0.18 0.00 0.00 0.00 0.00 0.00 0.00 0.00
0 0 0 0 0 0 0 0 0 0 0 0 0 0 0
1.00 -0.58 -0.54 -0.56 -0.50 -0.74 -0.57 -0.18 0.00 0.00 0.00 0.00 0.00 0.00 0.00
0 0 0 0 0 0 0 0 0 0 0 0 0 0 0
1.00 -0.08 -0.29 -0.38 -0.26 -0.31 -0.47 -0.14 0.00 0.00 0.00 0.00 0.00 0.00 0.00
0 0 0 0 0 0 0 0 0 0 0 0 0 0 0
1.00 -0.74 -0.53 -0.44 -0.61 -0.78 -0.49 -0.24 0.00 0.00 0.00 0.00 0.00 0.00 0.00
0 0 0 0 0 0 0 0 0 0 0 0 0 0 0
1.00 -0.76 -0.69 -0.64 -0.86 -0.67 -0.41 -0.19 0.00 0.00 0.00 0.00 0.00 0.00 0.00
0 0 0 0 0 0 0 0 0 0 0 0 0 0 0
1.00 -0.94 -0.63 -0.56 -0.69 -0.82 -0.56 -0.29 0.00 0.00 0.00 0.00 0.00 0.00 0.00
0 0 0 0 0 0 0 0 0 0 0 0 0 0 0
1.00 -1.09 -0.76 -0.55 -0.86 -0.93 -0.54 -0.33 0.00 0.00 0.00 0.00 0.00 0.00 0.00
0 0 0 0 0 0 0 0 0 0 0 0 0 0 0
1.00 -0.42 -0.38 -0.34 -0.37 -0.39 -0.34 -0.13 0.00 0.00 0.00 0.00 0.00 0.00 0.00
0 0 0 0 0 0 0 0 0 0 0 0 0 0 0
1.00 -0.47 -0.42 -0.23 -0.32 -0.49 -0.36 -0.20 0.00 0.00 0.00 0.00 0.00 0.00 0.00
0 0 0 0 0 0 0 0 0 0 0 0 0 0 0
1.00 -0.46 -0.26 -0.14 -0.45 -0.29 -0.10 -0.13 0.00 0.00 0.00 0.00 0.00 0.00 0.00
0 0 0 0 0 0 0 0 0 0 0 0 0 0 0
