1.00 -2.90 -1.69 -0.47 -4.38 -3.65 -1.02 -0.95 0.00 0.00 0.00 0.00 0.00 0.00 0.00
1.00 0.13 1.54 2.36 -0.93 1.30 2.57 0.37 0.00 0.00 0.00 0.00 0.00 0.00 0.00
1.00 4.15 3.84 3.25 6.09 6.80 4.46 1.86 0.00 0.00 0.00 0.00 0.00 0.00 0.00
0 0 0 0 0 0 0 0 0 0 0 0 0 0 0
1.00 4.04 3.26 2.45 6.01 6.06 3.55 1.61 0.00 0.00 0.00 0.00 0.00 0.00 0.00
0 0 0 0 0 0 0 0 0 0 0 0 0 0 0
1.00 4.04 3.26 2.45 6.01 6.06 3.55 1.61 0.00 0.00 0.00 0.00 0.00 0.00 0.00
0 0 0 0 0 0 0 0 0 0 0 0 0 0 0
1.00 3.15 2.13 1.45 4.61 4.15 1.82 1.19 0.00 0.00 0.00 0.00 0.00 0.00 0.00
0 0 0 0 0 0 0 0 0 0 0 0 0 0 0
1.00 3.22 2.86 2.48 4.97 5.02 3.07 1.42 0.00 0.00 0.00 0.00 0.00 0.00 0.00
0 0 0 0 0 0 0 0 0 0 0 0 0 0 0
1.00 1.46 1.00 0.59 1.39 0.66 0.01 0.39 0.00 0.00 0.00 0.00 0.00 0.00 0.00
0 0 0 0 0 0 0 0 0 0 0 0 0 0 0
1.00 -1.25 -2.26 -2.83 -3.39 -4.81 -4.23 -1.18 0.00 0.00 0.00 0.00 0.00 0.00 0.00
0 0 0 0 0 0 0 0 0 0 0 0 0 0 0
1.00 -5.51 -5.90 -6.21 -8.28 -10.38 -7.68 -2.87 0.00 0.00 0.00 0.00 0.00 0.00 0.00
0 0 0 0 0 0 0 0 0 0 0 0 0 0 0
1.00 -3.50 -3.50 -3.26 -4.94 -5.77 -3.72 -1.67 0.00 0.00 0.00 0.00 0.00 0.00 0.00
0 0 0 0 0 0 0 0 0 0 0 0 0 0 0
1.00 -3.39 -3.10 -2.76 -4.33 -4.74 -3.25 -1.41 0.00 0.00 0.00 0.00 0.00 0.00 0.00
0 0 0 0 0 0 0 0 0 0 0 0 0 0 0
1.00 -3.02 -2.72 -2.38 -3.80 -4.12 -2.78 -1.23 0.00 0.00 0.00 0.00 0.00 0.00 0.00
0 0 0 0 0 0 0 0 0 0 0 0 0 0 0
