1.00 1.29 0.88 0.45 1.28 1.29 0.46 0.32 0.00 0.00 0.00 0.00 0.00 0.00 0.00
1.00 1.13 0.76 0.33 1.13 1.11 0.34 0.27 0.00 0.00 0.00 0.00 0.00 0.00 0.00
1.00 0.71 0.33 0.26 0.68 0.74 0.23 0.18 0.00 0.00 0.00 0.00 0.00 0.00 0.00
0 0 0 0 0 0 0 0 0 0 0 0 0 0 0
1.00 0.32 0.04 -0.02 0.32 0.17 0.06 0.08 0.00 0.00 0.00 0.00 0.00 0.00 0.00
0 0 0 0 0 0 0 0 0 0 0 0 0 0 0
1.00 0.32 0.04 -0.02 0.32 0.17 0.06 0.08 0.00 0.00 0.00 0.00 0.00 0.00 0.00
0 0 0 0 0 0 0 0 0 0 0 0 0 0 0
1.00 -0.15 -0.18 -0.03 -0.23 -0.30 -0.15 -0.04 0.00 0.00 0.00 0.00 0.00 0.00 0.00
0 0 0 0 0 0 0 0 0 0 0 0 0 0 0
1.00 -0.77 -0.53 -0.38 -0.59 -0.74 -0.31 -0.20 0.00 0.00 0.00 0.00 0.00 0.00 0.00
0 0 0 0 0 0 0 0 0 0 0 0 0 0 0
1.00 -0.16 -0.02 0.02 -0.14 -0.16 -0.02 -0.01 0.00 0.00 0.00 0.00 0.00 0.00 0.00
0 0 0 0 0 0 0 0 0 0 0 0 0 0 0
1.00 -0.56 -0.33 -0.08 -0.32 -0.38 -0.13 -0.16 0.00 0.00 0.00 0.00 0.00 0.00 0.00
0 0 0 0 0 0 0 0 0 0 0 0 0 0 0
1.00 -0.58 -0.41 -0.30 -0.54 -0.58 -0.37 -0.15 0.00 0.00 0.00 0.00 0.00 0.00 0.00
0 0 0 0 0 0 0 0 0 0 0 0 0 0 0
1.00 -0.86 -0.62 -0.53 -0.85 -0.81 -0.54 -0.25 0.00 0.00 0.00 0.00 0.00 0.00 0.00
0 0 0 0 0 0 0 0 0 0 0 0 0 0 0
1.00 -0.84 -0.66 -0.59 -0.84 -0.89 -0.65 -0.27 0.00 0.00 0.00 0.00 0.00 0.00 0.00
0 0 0 0 0 0 0 0 0 0 0 0 0 0 0
1.00 -0.39 -0.37 -0.36 -0.40 -0.58 -0.39 -0.16 0.00 0.00 0.00 0.00 0.00 0.00 0.00
0 0 0 0 0 0 0 0 0 0 0 0 0 0 0
