1.00 -0.54 -0.48 -0.38 -0.52 -0.81 -0.64 -0.19 0.00 0.00 0.00 0.00 0.00 0.00 0.00
1.00 -1.63 -1.43 -1.10 -1.47 -1.67 -0.98 -0.46 0.00 0.00 0.00 0.00 0.00 0.00 0.00
1.00 -0.72 -0.56 -0.41 -0.74 -0.65 -0.39 -0.13 0.00 0.00 0.00 0.00 0.00 0.00 0.00
0 0 0 0 0 0 0 0 0 0 0 0 0 0 0
1.00 -0.78 -0.66 -0.56 -0.71 -0.78 -0.51 -0.18 0.00 0.00 0.00 0.00 0.00 0.00 0.00
0 0 0 0 0 0 0 0 0 0 0 0 0 0 0
1.00 -0.78 -0.66 -0.56 -0.71 -0.78 -0.51 -0.18 0.00 0.00 0.00 0.00 0.00 0.00 0.00
0 0 0 0 0 0 0 0 0 0 0 0 0 0 0
1.00 -0.83 -0.60 -0.58 -0.78 -0.80 -0.54 -0.26 0.00 0.00 0.00 0.00 0.00 0.00 0.00
0 0 0 0 0 0 0 0 0 0 0 0 0 0 0
1.00 -0.84 -0.60 -0.50 -0.72 -0.72 -0.36 -0.25 0.00 0.00 0.00 0.00 0.00 0.00 0.00
0 0 0 0 0 0 0 0 0 0 0 0 0 0 0
1.00 -0.74 -0.59 -0.32 -0.61 -0.47 -0.37 -0.20 0.00 0.00 0.00 0.00 0.00 0.00 0.00
0 0 0 0 0 0 0 0 0 0 0 0 0 0 0
1.00 -0.35 -0.31 -0.17 -0.35 -0.32 -0.20 -0.15 0.00 0.00 0.00 0.00 0.00 0.00 0.00
0 0 0 0 0 0 0 0 0 0 0 0 0 0 0
1.00 -0.07 -0.11 -0.18 -0.20 -0.15 -0.16 -0.04 0.00 0.00 0.00 0.00 0.00 0.00 0.00
0 0 0 0 0 0 0 0 0 0 0 0 0 0 0
1.00 -0.14 -0.04 0.06 -0.04 0.02 0.26 0.05 0.00 0.00 0.00 0.00 0.00 0.00 0.00
0 0 0 0 0 0 0 0 0 0 0 0 0 0 0
1.00 0.08 0.12 0.09 0.18 0.11 0.00 0.07 0.00 0.00 0.00 0.00 0.00 0.00 0.00
0 0 0 0 0 0 0 0 0 0 0 0 0 0 0
1.00 0.04 0.06 -0.05 -0.03 -0.02 -0.04 -0.00 0.00 0.00 0.00 0.00 0.00 0.00 0.00
0 0 0 0 0 0 0 0 0 0 0 0 0 0 0
