1.00 0.44 0.49 0.28 0.19 0.03 0.21 0.02 0.00 0.00 0.00 0.00 0.00 0.00 0.00
1.00 1.03 0.98 0.48 0.59 0.65 0.31 0.26 0.00 0.00 0.00 0.00 0.00 0.00 0.00
1.00 0.99 0.66 0.42 0.74 0.74 0.35 0.26 0.00 0.00 0.00 0.00 0.00 0.00 0.00
0 0 0 0 0 0 0 0 0 0 0 0 0 0 0
1.00 0.91 0.71 0.43 0.74 0.79 0.51 0.28 0.00 0.00 0.00 0.00 0.00 0.00 0.00
0 0 0 0 0 0 0 0 0 0 0 0 0 0 0
1.00 0.91 0.71 0.43 0.74 0.79 0.51 0.28 0.00 0.00 0.00 0.00 0.00 0.00 0.00
0 0 0 0 0 0 0 0 0 0 0 0 0 0 0
1.00 0.67 0.52 0.60 0.59 0.81 0.71 0.24 0.00 0.00 0.00 0.00 0.00 0.00 0.00
0 0 0 0 0 0 0 0 0 0 0 0 0 0 0
1.00 0.42 0.31 0.45 0.70 0.64 0.55 0.22 0.00 0.00 0.00 0.00 0.00 0.00 0.00
0 0 0 0 0 0 0 0 0 0 0 0 0 0 0
1.00 1.15 0.97 0.95 1.24 1.15 0.84 0.42 0.00 0.00 0.00 0.00 0.00 0.00 0.00
0 0 0 0 0 0 0 0 0 0 0 0 0 0 0
1.00 0.24 0.04 0.04 0.27 0.03 -0.09 0.08 0.00 0.00 0.00 0.00 0.00 0.00 0.00
0 0 0 0 0 0 0 0 0 0 0 0 0 0 0
1.00 -0.85 -0.85 -0.65 -0.84 -0.93 -0.71 -0.30 0.00 0.00 0.00 0.00 0.00 0.00 0.00
0 0 0 0 0 0 0 0 0 0 0 0 0 0 0
1.00 -1.49 -1.37 -1.19 -1.56 -1.66 -1.11 -0.51 0.00 0.00 0.00 0.00 0.00 0.00 0.00
0 0 0 0 0 0 0 0 0 0 0 0 0 0 0
1.00 -2.41 -2.03 -1.55 -2.07 -1.98 -1.49 -0.70 0.00 0.00 0.00 0.00 0.00 0.00 0.00
0 0 0 0 0 0 0 0 0 0 0 0 0 0 0
1.00 -1.37 -1.10 -0.88 -1.18 -1.10 -0.94 -0.35 0.00 0.00 0.00 0.00 0.00 0.00 0.00
0 0 0 0 0 0 0 0 0 0 0 0 0 0 0
