1.00 0.89 0.63 0.52 0.86 1.05 0.40 0.27 0.00 0.00 0.00 0.00 0.00 0.00 0.00
1.00 0.77 0.32 0.18 0.66 0.56 0.16 0.15 0.00 0.00 0.00 0.00 0.00 0.00 0.00
1.00 0.21 -0.07 0.10 0.10 -0.04 0.14 0.03 0.00 0.00 0.00 0.00 0.00 0.00 0.00
0 0 0 0 0 0 0 0 0 0 0 0 0 0 0
1.00 -0.45 -0.33 -0.38 -0.47 -0.52 -0.31 -0.11 0.00 0.00 0.00 0.00 0.00 0.00 0.00
0 0 0 0 0 0 0 0 0 0 0 0 0 0 0
1.00 -0.45 -0.33 -0.38 -0.47 -0.52 -0.31 -0.11 0.00 0.00 0.00 0.00 0.00 0.00 0.00
0 0 0 0 0 0 0 0 0 0 0 0 0 0 0
1.00 -0.40 -0.26 -0.12 -0.34 -0.30 -0.09 -0.12 0.00 0.00 0.00 0.00 0.00 0.00 0.00
0 0 0 0 0 0 0 0 0 0 0 0 0 0 0
1.00 -0.67 -0.48 -0.13 -0.58 -0.55 -0.36 -0.16 0.00 0.00 0.00 0.00 0.00 0.00 0.00
0 0 0 0 0 0 0 0 0 0 0 0 0 0 0
1.00 -0.92 -0.52 -0.41 -1.02 -0.91 -0.47 -0.26 0.00 0.00 0.00 0.00 0.00 0.00 0.00
0 0 0 0 0 0 0 0 0 0 0 0 0 0 0
1.00 -0.50 -0.18 -0.14 -0.45 -0.33 -0.13 -0.16 0.00 0.00 0.00 0.00 0.00 0.00 0.00
0 0 0 0 0 0 0 0 0 0 0 0 0 0 0
1.00 -0.41 -0.16 -0.14 -0.42 -0.42 -0.15 -0.08 0.00 0.00 0.00 0.00 0.00 0.00 0.00
0 0 0 0 0 0 0 0 0 0 0 0 0 0 0
1.00 -0.39 -0.34 -0.21 -0.28 -0.28 -0.41 -0.11 0.00 0.00 0.00 0.00 0.00 0.00 0.00
0 0 0 0 0 0 0 0 0 0 0 0 0 0 0
1.00 -0.53 -0.56 -0.53 -0.32 -0.68 -0.47 -0.18 0.00 0.00 0.00 0.00 0.00 0.00 0.00
0 0 0 0 0 0 0 0 0 0 0 0 0 0 0
1.00 -0.35 -0.49 -0.53 -0.60 -0.66 -0.31 -0.13 0.00 0.00 0.00 0.00 0.00 0.00 0.00
0 0 0 0 0 0 0 0 0 0 0 0 0 0 0
