1.00 -1.56 -1.51 -1.23 -1.64 -1.94 -1.31 -0.53 0.00 0.00 0.00 0.00 0.00 0.00 0.00
1.00 -1.02 -0.86 -0.63 -0.99 -1.05 -0.49 -0.34 0.00 0.00 0.00 0.00 0.00 0.00 0.00
1.00 -1.16 -0.86 -0.55 -0.87 -1.09 -0.61 -0.34 0.00 0.00 0.00 0.00 0.00 0.00 0.00
0 0 0 0 0 0 0 0 0 0 0 0 0 0 0
1.00 -1.01 -0.79 -0.54 -0.96 -0.79 -0.53 -0.32 0.00 0.00 0.00 0.00 0.00 0.00 0.00
0 0 0 0 0 0 0 0 0 0 0 0 0 0 0
1.00 -1.01 -0.79 -0.54 -0.96 -0.79 -0.53 -0.32 0.00 0.00 0.00 0.00 0.00 0.00 0.00
0 0 0 0 0 0 0 0 0 0 0 0 0 0 0
1.00 -1.01 -0.72 -0.65 -0.90 -0.88 -0.58 -0.26 0.00 0.00 0.00 0.00 0.00 0.00 0.00
0 0 0 0 0 0 0 0 0 0 0 0 0 0 0
1.00 -0.54 -0.33 -0.23 -0.46 -0.30 -0.27 -0.08 0.00 0.00 0.00 0.00 0.00 0.00 0.00
0 0 0 0 0 0 0 0 0 0 0 0 0 0 0
1.00 -0.39 -0.12 -0.08 -0.25 -0.19 -0.09 0.01 0.00 0.00 0.00 0.00 0.00 0.00 0.00
0 0 0 0 0 0 0 0 0 0 0 0 0 0 0
1.00 -0.18 -0.28 -0.23 -0.31 -0.35 -0.27 -0.12 0.00 0.00 0.00 0.00 0.00 0.00 0.00
0 0 0 0 0 0 0 0 0 0 0 0 0 0 0
1.00 -0.25 -0.12 -0.09 -0.20 -0.13 -0.05 -0.05 0.00 0.00 0.00 0.00 0.00 0.00 0.00
0 0 0 0 0 0 0 0 0 0 0 0 0 0 0
1.00 0.03 0.06 0.04 0.09 0.02 0.16 -0.01 0.00 0.00 0.00 0.00 0.00 0.00 0.00
0 0 0 0 0 0 0 0 0 0 0 0 0 0 0
1.00 -0.05 -0.13 0.07 -0.07 -0.21 -0.00 -0.00 0.00 0.00 0.00 0.00 0.00 0.00 0.00
0 0 0 0 0 0 0 0 0 0 0 0 0 0 0
1.00 0.05 -0.01 -0.03 -0.02 0.05 0.06 0.01 0.00 0.00 0.00 0.00 0.00 0.00 0.00
0 0 0 0 0 0 0 0 0 0 0 0 0 0 0
