1.00 -2.43 -1.72 -0.86 -3.25 -3.32 -1.27 -0.93 0.00 0.00 0.00 0.00 0.00 0.00 0.00
1.00 -2.93 -2.26 -1.44 -3.91 -4.21 -1.98 -1.17 0.00 0.00 0.00 0.00 0.00 0.00 0.00
1.00 -0.81 0.26 1.09 -1.98 -0.77 0.79 -0.24 0.00 0.00 0.00 0.00 0.00 0.00 0.00
0 0 0 0 0 0 0 0 0 0 0 0 0 0 0
1.00 2.29 2.74 2.79 2.18 3.69 3.33 1.10 0.00 0.00 0.00 0.00 0.00 0.00 0.00
0 0 0 0 0 0 0 0 0 0 0 0 0 0 0
1.00 2.29 2.74 2.79 2.18 3.69 3.33 1.10 0.00 0.00 0.00 0.00 0.00 0.00 0.00
0 0 0 0 0 0 0 0 0 0 0 0 0 0 0
1.00 3.95 3.52 3.05 5.40 6.28 4.09 1.81 0.00 0.00 0.00 0.00 0.00 0.00 0.00
0 0 0 0 0 0 0 0 0 0 0 0 0 0 0
1.00 4.34 3.46 2.71 6.76 6.85 3.80 1.84 0.00 0.00 0.00 0.00 0.00 0.00 0.00
0 0 0 0 0 0 0 0 0 0 0 0 0 0 0
1.00 3.16 2.80 2.50 5.69 6.32 3.81 1.70 0.00 0.00 0.00 0.00 0.00 0.00 0.00
0 0 0 0 0 0 0 0 0 0 0 0 0 0 0
1.00 1.59 0.82 0.25 2.10 1.01 -0.24 0.41 0.00 0.00 0.00 0.00 0.00 0.00 0.00
0 0 0 0 0 0 0 0 0 0 0 0 0 0 0
1.00 -1.09 -2.20 -3.13 -3.09 -5.63 -4.97 -1.25 0.00 0.00 0.00 0.00 0.00 0.00 0.00
0 0 0 0 0 0 0 0 0 0 0 0 0 0 0
1.00 -0.29 -1.49 -2.33 -2.45 -4.29 -3.56 -0.97 0.00 0.00 0.00 0.00 0.00 0.00 0.00
0 0 0 0 0 0 0 0 0 0 0 0 0 0 0
1.00 -3.92 -3.89 -3.81 -5.84 -6.63 -4.67 -1.87 0.00 0.00 0.00 0.00 0.00 0.00 0.00
0 0 0 0 0 0 0 0 0 0 0 0 0 0 0
1.00 -5.00 -4.42 -3.96 -6.19 -6.84 -4.66 -2.02 0.00 0.00 0.00 0.00 0.00 0.00 0.00
0 0 0 0 0 0 0 0 0 0 0 0 0 0 0
