1.00 0.70 0.28 0.18 0.60 0.56 0.21 0.23 0.00 0.00 0.00 0.00 0.00 0.00 0.00
1.00 0.61 0.36 0.29 0.59 0.55 0.13 0.20 0.00 0.00 0.00 0.00 0.00 0.00 0.00
1.00 0.15 -0.11 -0.08 0.11 0.18 0.06 0.03 0.00 0.00 0.00 0.00 0.00 0.00 0.00
0 0 0 0 0 0 0 0 0 0 0 0 0 0 0
1.00 -0.38 -0.34 -0.22 -0.25 -0.24 -0.05 -0.15 0.00 0.00 0.00 0.00 0.00 0.00 0.00
0 0 0 0 0 0 0 0 0 0 0 0 0 0 0
1.00 -0.38 -0.34 -0.22 -0.25 -0.24 -0.05 -0.15 0.00 0.00 0.00 0.00 0.00 0.00 0.00
0 0 0 0 0 0 0 0 0 0 0 0 0 0 0
1.00 -0.51 -0.41 -0.34 -0.42 -0.66 -0.31 -0.22 0.00 0.00 0.00 0.00 0.00 0.00 0.00
0 0 0 0 0 0 0 0 0 0 0 0 0 0 0
1.00 -0.88 -0.71 -0.50 -0.85 -1.08 -0.69 -0.27 0.00 0.00 0.00 0.00 0.00 0.00 0.00
0 0 0 0 0 0 0 0 0 0 0 0 0 0 0
1.00 -0.30 -0.17 -0.17 -0.32 -0.48 -0.11 -0.09 0.00 0.00 0.00 0.00 0.00 0.00 0.00
0 0 0 0 0 0 0 0 0 0 0 0 0 0 0
1.00 -0.32 -0.12 -0.26 -0.33 -0.38 -0.19 -0.09 0.00 0.00 0.00 0.00 0.00 0.00 0.00
0 0 0 0 0 0 0 0 0 0 0 0 0 0 0
1.00 -0.43 -0.35 -0.59 -0.23 -0.45 -0.47 -0.13 0.00 0.00 0.00 0.00 0.00 0.00 0.00
0 0 0 0 0 0 0 0 0 0 0 0 0 0 0
1.00 -0.51 -0.54 -0.57 -0.56 -0.87 -0.56 -0.27 0.00 0.00 0.00 0.00 0.00 0.00 0.00
0 0 0 0 0 0 0 0 0 0 0 0 0 0 0
1.00 -0.64 -0.60 -0.71 -0.47 -0.68 -0.67 -0.24 0.00 0.00 0.00 0.00 0.00 0.00 0.00
0 0 0 0 0 0 0 0 0 0 0 0 0 0 0
1.00 -0.38 -0.37 -0.35 -0.24 -0.42 -0.34 -0.20 0.00 0.00 0.00 0.00 0.00 0.00 0.00
0 0 0 0 0 0 0 0 0 0 0 0 0 0 0
