1.00 0.84 0.33 0.30 0.67 0.33 0.18 0.14 0.00 0.00 0.00 0.00 0.00 0.00 0.00
1.00 -0.24 -0.41 -0.58 -0.35 -0.60 -0.60 -0.15 0.00 0.00 0.00 0.00 0.00 0.00 0.00
1.00 -0.14 -0.32 -0.51 -0.26 -0.48 -0.52 -0.12 0.00 0.00 0.00 0.00 0.00 0.00 0.00
0 0 0 0 0 0 0 0 0 0 0 0 0 0 0
1.00 -0.80 -0.79 -0.53 -0.79 -0.82 -0.53 -0.25 0.00 0.00 0.00 0.00 0.00 0.00 0.00
0 0 0 0 0 0 0 0 0 0 0 0 0 0 0
1.00 -0.80 -0.79 -0.53 -0.79 -0.82 -0.53 -0.25 0.00 0.00 0.00 0.00 0.00 0.00 0.00
0 0 0 0 0 0 0 0 0 0 0 0 0 0 0
1.00 -0.86 -0.48 -0.50 -0.65 -0.72 -0.32 -0.20 0.00 0.00 0.00 0.00 0.00 0.00 0.00
0 0 0 0 0 0 0 0 0 0 0 0 0 0 0
1.00 -0.66 -0.49 -0.43 -0.62 -0.48 -0.28 -0.17 0.00 0.00 0.00 0.00 0.00 0.00 0.00
0 0 0 0 0 0 0 0 0 0 0 0 0 0 0
1.00 -0.56 -0.50 -0.25 -0.53 -0.49 -0.22 -0.21 0.00 0.00 0.00 0.00 0.00 0.00 0.00
0 0 0 0 0 0 0 0 0 0 0 0 0 0 0
1.00 -0.65 -0.35 -0.28 -0.46 -0.44 -0.37 -0.16 0.00 0.00 0.00 0.00 0.00 0.00 0.00
0 0 0 0 0 0 0 0 0 0 0 0 0 0 0
1.00 -0.47 -0.35 -0.20 -0.39 -0.39 -0.13 -0.10 0.00 0.00 0.00 0.00 0.00 0.00 0.00
0 0 0 0 0 0 0 0 0 0 0 0 0 0 0
1.00 -0.30 -0.15 -0.25 -0.18 -0.08 -0.11 -0.04 0.00 0.00 0.00 0.00 0.00 0.00 0.00
0 0 0 0 0 0 0 0 0 0 0 0 0 0 0
1.00 -0.05 -0.13 0.02 -0.02 -0.11 -0.02 0.03 0.00 0.00 0.00 0.00 0.00 0.00 0.00
0 0 0 0 0 0 0 0 0 0 0 0 0 0 0
1.00 -0.02 -0.04 -0.06 0.04 0.07 0.08 -0.00 0.00 0.00 0.00 0.00 0.00 0.00 0.00
0 0 0 0 0 0 0 0 0 0 0 0 0 0 0
