1.00 2.97 4.17 4.82 2.95 5.54 5.48 1.64 0.00 0.00 0.00 0.00 0.00 0.00 0.00
1.00 2.66 2.98 3.04 2.60 4.28 3.72 1.23 0.00 0.00 0.00 0.00 0.00 0.00 0.00
1.00 3.35 3.13 2.83 4.57 5.32 3.60 1.48 0.00 0.00 0.00 0.00 0.00 0.00 0.00
0 0 0 0 0 0 0 0 0 0 0 0 0 0 0
1.00 3.39 2.70 2.32 5.01 5.29 2.96 1.39 0.00 0.00 0.00 0.00 0.00 0.00 0.00
0 0 0 0 0 0 0 0 0 0 0 0 0 0 0
1.00 3.39 2.70 2.32 5.01 5.29 2.96 1.39 0.00 0.00 0.00 0.00 0.00 0.00 0.00
0 0 0 0 0 0 0 0 0 0 0 0 0 0 0
1.00 2.61 2.08 1.38 4.27 4.06 1.95 1.15 0.00 0.00 0.00 0.00 0.00 0.00 0.00
0 0 0 0 0 0 0 0 0 0 0 0 0 0 0
1.00 2.84 2.66 2.42 4.96 5.58 3.35 1.47 0.00 0.00 0.00 0.00 0.00 0.00 0.00
0 0 0 0 0 0 0 0 0 0 0 0 0 0 0
1.00 1.46 1.14 1.01 2.26 1.84 0.66 0.62 0.00 0.00 0.00 0.00 0.00 0.00 0.00
0 0 0 0 0 0 0 0 0 0 0 0 0 0 0
1.00 -0.79 -1.43 -2.12 -2.26 -3.99 -3.44 -0.80 0.00 0.00 0.00 0.00 0.00 0.00 0.00
0 0 0 0 0 0 0 0 0 0 0 0 0 0 0
1.00 -4.96 -5.79 -6.33 -8.39 -11.01 -8.14 -2.96 0.00 0.00 0.00 0.00 0.00 0.00 0.00
0 0 0 0 0 0 0 0 0 0 0 0 0 0 0
1.00 -3.61 -3.93 -3.88 -5.80 -6.97 -4.72 -1.91 0.00 0.00 0.00 0.00 0.00 0.00 0.00
0 0 0 0 0 0 0 0 0 0 0 0 0 0 0
1.00 -4.26 -3.75 -3.39 -5.57 -6.02 -3.86 -1.75 0.00 0.00 0.00 0.00 0.00 0.00 0.00
0 0 0 0 0 0 0 0 0 0 0 0 0 0 0
1.00 -3.81 -3.06 -2.71 -4.51 -4.54 -2.92 -1.39 0.00 0.00 0.00 0.00 0.00 0.00 0.00
0 0 0 0 0 0 0 0 0 0 0 0 0 0 0
