1.00 -1.44 -1.20 -0.96 -1.16 -1.37 -0.82 -0.44 0.00 0.00 0.00 0.00 0.00 0.00 0.00
1.00 -0.87 -0.73 -0.57 -0.67 -0.82 -0.60 -0.25 0.00 0.00 0.00 0.00 0.00 0.00 0.00
1.00 -0.93 -0.73 -0.51 -0.79 -0.71 -0.39 -0.23 0.00 0.00 0.00 0.00 0.00 0.00 0.00
0 0 0 0 0 0 0 0 0 0 0 0 0 0 0
1.00 -0.91 -0.59 -0.38 -0.76 -0.70 -0.44 -0.18 0.00 0.00 0.00 0.00 0.00 0.00 0.00
0 0 0 0 0 0 0 0 0 0 0 0 0 0 0
1.00 -0.91 -0.59 -0.38 -0.76 -0.70 -0.44 -0.18 0.00 0.00 0.00 0.00 0.00 0.00 0.00
0 0 0 0 0 0 0 0 0 0 0 0 0 0 0
1.00 -0.64 -0.46 -0.42 -0.54 -0.48 -0.34 -0.16 0.00 0.00 0.00 0.00 0.00 0.00 0.00
0 0 0 0 0 0 0 0 0 0 0 0 0 0 0
1.00 -0.29 -0.20 -0.04 -0.29 -0.11 -0.05 0.02 0.00 0.00 0.00 0.00 0.00 0.00 0.00
0 0 0 0 0 0 0 0 0 0 0 0 0 0 0
1.00 -0.17 -0.15 -0.23 -0.14 -0.32 -0.13 -0.08 0.00 0.00 0.00 0.00 0.00 0.00 0.00
0 0 0 0 0 0 0 0 0 0 0 0 0 0 0
1.00 -0.05 -0.06 -0.17 -0.04 -0.20 -0.06 -0.04 0.00 0.00 0.00 0.00 0.00 0.00 0.00
0 0 0 0 0 0 0 0 0 0 0 0 0 0 0
1.00 -0.09 -0.10 -0.03 -0.14 -0.07 -0.09 -0.05 0.00 0.00 0.00 0.00 0.00 0.00 0.00
0 0 0 0 0 0 0 0 0 0 0 0 0 0 0
1.00 -0.06 -0.01 0.10 0.08 0.07 0.14 -0.03 0.00 0.00 0.00 0.00 0.00 0.00 0.00
0 0 0 0 0 0 0 0 0 0 0 0 0 0 0
1.00 -0.06 -0.16 -0.06 -0.06 -0.05 -0.11 -0.07 0.00 0.00 0.00 0.00 0.00 0.00 0.00
0 0 0 0 0 0 0 0 0 0 0 0 0 0 0
1.00 0.06 0.12 0.12 0.11 0.12 0.23 0.03 0.00 0.00 0.00 0.00 0.00 0.00 0.00
0 0 0 0 0 0 0 0 0 0 0 0 0 0 0
