1.00 -2.44 -1.63 -0.47 -3.31 -3.05 -0.96 -0.94 0.00 0.00 0.00 0.00 0.00 0.00 0.00
1.00 0.65 1.98 2.75 -0.07 1.84 3.15 0.57 0.00 0.00 0.00 0.00 0.00 0.00 0.00
1.00 4.14 4.32 3.95 4.82 6.58 4.97 1.91 0.00 0.00 0.00 0.00 0.00 0.00 0.00
0 0 0 0 0 0 0 0 0 0 0 0 0 0 0
1.00 5.36 4.58 4.09 7.53 8.36 5.24 2.29 0.00 0.00 0.00 0.00 0.00 0.00 0.00
0 0 0 0 0 0 0 0 0 0 0 0 0 0 0
1.00 5.36 4.58 4.09 7.53 8.36 5.24 2.29 0.00 0.00 0.00 0.00 0.00 0.00 0.00
0 0 0 0 0 0 0 0 0 0 0 0 0 0 0
1.00 3.42 3.30 2.86 5.25 6.31 3.98 1.67 0.00 0.00 0.00 0.00 0.00 0.00 0.00
0 0 0 0 0 0 0 0 0 0 0 0 0 0 0
1.00 2.86 2.56 2.22 4.90 5.52 3.28 1.47 0.00 0.00 0.00 0.00 0.00 0.00 0.00
0 0 0 0 0 0 0 0 0 0 0 0 0 0 0
1.00 1.85 1.48 1.01 3.35 3.27 1.53 0.83 0.00 0.00 0.00 0.00 0.00 0.00 0.00
0 0 0 0 0 0 0 0 0 0 0 0 0 0 0
1.00 0.42 -0.17 -0.33 0.50 -0.43 -0.85 -0.10 0.00 0.00 0.00 0.00 0.00 0.00 0.00
0 0 0 0 0 0 0 0 0 0 0 0 0 0 0
1.00 -1.39 -1.92 -2.29 -3.05 -4.81 -3.87 -1.16 0.00 0.00 0.00 0.00 0.00 0.00 0.00
0 0 0 0 0 0 0 0 0 0 0 0 0 0 0
1.00 1.96 1.18 0.64 0.94 -0.07 -0.45 0.22 0.00 0.00 0.00 0.00 0.00 0.00 0.00
0 0 0 0 0 0 0 0 0 0 0 0 0 0 0
1.00 -0.81 -1.55 -2.22 -2.84 -4.30 -3.62 -1.06 0.00 0.00 0.00 0.00 0.00 0.00 0.00
0 0 0 0 0 0 0 0 0 0 0 0 0 0 0
1.00 -3.74 -3.85 -4.04 -6.15 -7.30 -4.91 -1.95 0.00 0.00 0.00 0.00 0.00 0.00 0.00
0 0 0 0 0 0 0 0 0 0 0 0 0 0 0
