1.00 -0.90 -0.66 -0.47 -0.65 -0.85 -0.55 -0.28 0.00 0.00 0.00 0.00 0.00 0.00 0.00
1.00 -0.25 -0.19 -0.11 -0.21 -0.34 -0.15 -0.07 0.00 0.00 0.00 0.00 0.00 0.00 0.00
1.00 -0.44 -0.43 -0.45 -0.31 -0.63 -0.41 -0.12 0.00 0.00 0.00 0.00 0.00 0.00 0.00
0 0 0 0 0 0 0 0 0 0 0 0 0 0 0
1.00 -0.80 -0.73 -0.58 -0.58 -0.67 -0.68 -0.25 0.00 0.00 0.00 0.00 0.00 0.00 0.00
0 0 0 0 0 0 0 0 0 0 0 0 0 0 0
1.00 -0.80 -0.73 -0.58 -0.58 -0.67 -0.68 -0.25 0.00 0.00 0.00 0.00 0.00 0.00 0.00
0 0 0 0 0 0 0 0 0 0 0 0 0 0 0
1.00 -0.76 -0.73 -0.73 -0.52 -0.68 -0.62 -0.26 0.00 0.00 0.00 0.00 0.00 0.00 0.00
0 0 0 0 0 0 0 0 0 0 0 0 0 0 0
1.00 -0.50 -0.23 -0.29 -0.28 -0.37 -0.05 -0.04 0.00 0.00 0.00 0.00 0.00 0.00 0.00
0 0 0 0 0 0 0 0 0 0 0 0 0 0 0
1.00 -0.19 -0.24 -0.27 -0.15 -0.21 -0.18 -0.09 0.00 0.00 0.00 0.00 0.00 0.00 0.00
0 0 0 0 0 0 0 0 0 0 0 0 0 0 0
1.00 -0.21 -0.19 -0.22 -0.20 -0.11 -0.13 -0.07 0.00 0.00 0.00 0.00 0.00 0.00 0.00
0 0 0 0 0 0 0 0 0 0 0 0 0 0 0
1.00 -0.10 -0.19 -0.08 -0.13 -0.17 -0.22 -0.08 0.00 0.00 0.00 0.00 0.00 0.00 0.00
0 0 0 0 0 0 0 0 0 0 0 0 0 0 0
1.00 -0.00 -0.10 -0.08 -0.01 -0.15 -0.15 -0.02 0.00 0.00 0.00 0.00 0.00 0.00 0.00
0 0 0 0 0 0 0 0 0 0 0 0 0 0 0
1.00 -0.02 -0.03 -0.11 0.01 -0.15 0.00 -0.04 0.00 0.00 0.00 0.00 0.00 0.00 0.00
0 0 0 0 0 0 0 0 0 0 0 0 0 0 0
1.00 0.01 -0.21 -0.07 -0.04 -0.11 -0.09 0.01 0.00 0.00 0.00 0.00 0.00 0.00 0.00
0 0 0 0 0 0 0 0 0 0 0 0 0 0 0
