1.00 -0.22 -0.52 -0.56 -0.04 -0.52 -0.77 -0.07 0.00 0.00 0.00 0.00 0.00 0.00 0.00
1.00 -1.09 -1.20 -0.94 -1.00 -1.37 -0.88 -0.43 0.00 0.00 0.00 0.00 0.00 0.00 0.00
1.00 -1.30 -1.05 -0.82 -1.09 -1.16 -0.78 -0.33 0.00 0.00 0.00 0.00 0.00 0.00 0.00
0 0 0 0 0 0 0 0 0 0 0 0 0 0 0
1.00 -1.26 -0.99 -0.90 -0.83 -0.96 -0.79 -0.33 0.00 0.00 0.00 0.00 0.00 0.00 0.00
0 0 0 0 0 0 0 0 0 0 0 0 0 0 0
1.00 -1.26 -0.99 -0.90 -0.83 -0.96 -0.79 -0.33 0.00 0.00 0.00 0.00 0.00 0.00 0.00
0 0 0 0 0 0 0 0 0 0 0 0 0 0 0
1.00 -1.44 -1.03 -0.86 -1.14 -1.08 -0.64 -0.37 0.00 0.00 0.00 0.00 0.00 0.00 0.00
0 0 0 0 0 0 0 0 0 0 0 0 0 0 0
1.00 -0.86 -0.70 -0.52 -0.68 -0.69 -0.30 -0.19 0.00 0.00 0.00 0.00 0.00 0.00 0.00
0 0 0 0 0 0 0 0 0 0 0 0 0 0 0
1.00 -0.66 -0.33 -0.20 -0.55 -0.41 -0.32 -0.16 0.00 0.00 0.00 0.00 0.00 0.00 0.00
0 0 0 0 0 0 0 0 0 0 0 0 0 0 0
1.00 -0.51 -0.46 -0.24 -0.40 -0.57 -0.19 -0.19 0.00 0.00 0.00 0.00 0.00 0.00 0.00
0 0 0 0 0 0 0 0 0 0 0 0 0 0 0
1.00 -0.32 -0.25 -0.12 -0.32 -0.20 -0.24 -0.06 0.00 0.00 0.00 0.00 0.00 0.00 0.00
0 0 0 0 0 0 0 0 0 0 0 0 0 0 0
1.00 -0.19 -0.14 -0.03 -0.22 -0.08 -0.15 -0.02 0.00 0.00 0.00 0.00 0.00 0.00 0.00
0 0 0 0 0 0 0 0 0 0 0 0 0 0 0
1.00 -0.12 -0.00 -0.02 -0.08 0.06 0.10 -0.01 0.00 0.00 0.00 0.00 0.00 0.00 0.00
0 0 0 0 0 0 0 0 0 0 0 0 0 0 0
1.00 0.07 0.08 0.20 -0.03 0.08 0.20 0.04 0.00 0.00 0.00 0.00 0.00 0.00 0.00
0 0 0 0 0 0 0 0 0 0 0 0 0 0 0
