1.00 1.02 0.88 0.80 0.89 1.17 0.52 0.33 0.00 0.00 0.00 0.00 0.00 0.00 0.00
1.00 1.09 0.75 0.52 0.83 0.88 0.48 0.21 0.00 0.00 0.00 0.00 0.00 0.00 0.00
1.00 0.65 0.35 0.30 0.55 0.49 0.27 0.18 0.00 0.00 0.00 0.00 0.00 0.00 0.00
0 0 0 0 0 0 0 0 0 0 0 0 0 0 0
1.00 0.14 -0.13 -0.02 0.19 -0.07 -0.13 0.02 0.00 0.00 0.00 0.00 0.00 0.00 0.00
0 0 0 0 0 0 0 0 0 0 0 0 0 0 0
1.00 0.14 -0.13 -0.02 0.19 -0.07 -0.13 0.02 0.00 0.00 0.00 0.00 0.00 0.00 0.00
0 0 0 0 0 0 0 0 0 0 0 0 0 0 0
1.00 0.02 -0.07 0.07 -0.01 0.01 0.10 0.06 0.00 0.00 0.00 0.00 0.00 0.00 0.00
0 0 0 0 0 0 0 0 0 0 0 0 0 0 0
1.00 -0.28 -0.51 -0.44 -0.23 -0.48 -0.53 -0.18 0.00 0.00 0.00 0.00 0.00 0.00 0.00
0 0 0 0 0 0 0 0 0 0 0 0 0 0 0
1.00 -0.95 -0.56 -0.52 -0.84 -0.89 -0.50 -0.23 0.00 0.00 0.00 0.00 0.00 0.00 0.00
0 0 0 0 0 0 0 0 0 0 0 0 0 0 0
1.00 -0.19 -0.03 0.16 -0.26 -0.13 0.04 -0.03 0.00 0.00 0.00 0.00 0.00 0.00 0.00
0 0 0 0 0 0 0 0 0 0 0 0 0 0 0
1.00 -0.42 -0.20 -0.23 -0.51 -0.22 -0.23 -0.16 0.00 0.00 0.00 0.00 0.00 0.00 0.00
0 0 0 0 0 0 0 0 0 0 0 0 0 0 0
1.00 -0.48 -0.46 -0.43 -0.40 -0.50 -0.38 -0.17 0.00 0.00 0.00 0.00 0.00 0.00 0.00
0 0 0 0 0 0 0 0 0 0 0 0 0 0 0
1.00 -0.59 -0.51 -0.42 -0.50 -0.64 -0.46 -0.20 0.00 0.00 0.00 0.00 0.00 0.00 0.00
0 0 0 0 0 0 0 0 0 0 0 0 0 0 0
1.00 -0.64 -0.50 -0.58 -0.41 -0.57 -0.43 -0.15 0.00 0.00 0.00 0.00 0.00 0.00 0.00
0 0 0 0 0 0 0 0 0 0 0 0 0 0 0
