1.00 1.07 0.79 0.75 0.86 0.79 0.35 0.23 0.00 0.00 0.00 0.00 0.00 0.00 0.00
1.00 0.23 0.20 -0.05 -0.05 -0.02 -0.25 0.05 0.00 0.00 0.00 0.00 0.00 0.00 0.00
1.00 -0.56 -0.50 -0.42 -0.48 -0.75 -0.36 -0.21 0.00 0.00 0.00 0.00 0.00 0.00 0.00
0 0 0 0 0 0 0 0 0 0 0 0 0 0 0
1.00 -1.12 -1.05 -0.96 -0.91 -1.39 -0.74 -0.43 0.00 0.00 0.00 0.00 0.00 0.00 0.00
0 0 0 0 0 0 0 0 0 0 0 0 0 0 0
1.00 -1.12 -1.05 -0.96 -0.91 -1.39 -0.74 -0.43 0.00 0.00 0.00 0.00 0.00 0.00 0.00
0 0 0 0 0 0 0 0 0 0 0 0 0 0 0
1.00 -1.54 -1.12 -0.82 -1.38 -1.30 -0.65 -0.38 0.00 0.00 0.00 0.00 0.00 0.00 0.00
0 0 0 0 0 0 0 0 0 0 0 0 0 0 0
1.00 -0.77 -0.64 -0.45 -0.69 -0.76 -0.37 -0.17 0.00 0.00 0.00 0.00 0.00 0.00 0.00
0 0 0 0 0 0 0 0 0 0 0 0 0 0 0
1.00 -0.65 -0.57 -0.42 -0.61 -0.61 -0.42 -0.21 0.00 0.00 0.00 0.00 0.00 0.00 0.00
0 0 0 0 0 0 0 0 0 0 0 0 0 0 0
1.00 -0.51 -0.29 -0.38 -0.33 -0.33 -0.23 -0.15 0.00 0.00 0.00 0.00 0.00 0.00 0.00
0 0 0 0 0 0 0 0 0 0 0 0 0 0 0
1.00 -0.46 -0.23 -0.09 -0.38 -0.38 -0.25 -0.11 0.00 0.00 0.00 0.00 0.00 0.00 0.00
0 0 0 0 0 0 0 0 0 0 0 0 0 0 0
1.00 -0.37 -0.24 -0.05 -0.23 -0.22 -0.03 -0.12 0.00 0.00 0.00 0.00 0.00 0.00 0.00
0 0 0 0 0 0 0 0 0 0 0 0 0 0 0
1.00 0.00 -0.14 -0.02 -0.03 -0.04 -0.23 -0.08 0.00 0.00 0.00 0.00 0.00 0.00 0.00
0 0 0 0 0 0 0 0 0 0 0 0 0 0 0
1.00 0.11 0.13 -0.00 0.05 0.02 0.19 -0.03 0.00 0.00 0.00 0.00 0.00 0.00 0.00
0 0 0 0 0 0 0 0 0 0 0 0 0 0 0
