1.00 1.13 0.92 0.75 0.96 1.31 0.76 0.41 0.00 0.00 0.00 0.00 0.00 0.00 0.00
1.00 1.61 1.04 0.80 1.52 1.48 0.91 0.49 0.00 0.00 0.00 0.00 0.00 0.00 0.00
1.00 1.04 0.81 0.58 0.92 1.05 0.68 0.42 0.00 0.00 0.00 0.00 0.00 0.00 0.00
0 0 0 0 0 0 0 0 0 0 0 0 0 0 0
1.00 0.79 0.32 0.22 0.82 0.65 0.16 0.15 0.00 0.00 0.00 0.00 0.00 0.00 0.00
0 0 0 0 0 0 0 0 0 0 0 0 0 0 0
1.00 0.79 0.32 0.22 0.82 0.65 0.16 0.15 0.00 0.00 0.00 0.00 0.00 0.00 0.00
0 0 0 0 0 0 0 0 0 0 0 0 0 0 0
1.00 0.08 -0.07 -0.12 0.00 -0.07 -0.14 -0.05 0.00 0.00 0.00 0.00 0.00 0.00 0.00
0 0 0 0 0 0 0 0 0 0 0 0 0 0 0
1.00 -0.65 -0.58 -0.44 -0.59 -0.70 -0.53 -0.23 0.00 0.00 0.00 0.00 0.00 0.00 0.00
0 0 0 0 0 0 0 0 0 0 0 0 0 0 0
1.00 -0.15 -0.20 -0.09 -0.16 -0.10 -0.17 -0.02 0.00 0.00 0.00 0.00 0.00 0.00 0.00
0 0 0 0 0 0 0 0 0 0 0 0 0 0 0
1.00 -0.67 -0.40 -0.24 -0.45 -0.60 -0.33 -0.11 0.00 0.00 0.00 0.00 0.00 0.00 0.00
0 0 0 0 0 0 0 0 0 0 0 0 0 0 0
1.00 -1.01 -0.78 -0.64 -0.91 -1.02 -0.74 -0.36 0.00 0.00 0.00 0.00 0.00 0.00 0.00
0 0 0 0 0 0 0 0 0 0 0 0 0 0 0
1.00 -1.22 -0.94 -0.81 -1.26 -1.38 -0.91 -0.33 0.00 0.00 0.00 0.00 0.00 0.00 0.00
0 0 0 0 0 0 0 0 0 0 0 0 0 0 0
1.00 -0.64 -0.42 -0.41 -0.67 -0.57 -0.37 -0.14 0.00 0.00 0.00 0.00 0.00 0.00 0.00
0 0 0 0 0 0 0 0 0 0 0 0 0 0 0
1.00 -0.70 -0.63 -0.55 -0.49 -0.66 -0.43 -0.22 0.00 0.00 0.00 0.00 0.00 0.00 0.00
0 0 0 0 0 0 0 0 0 0 0 0 0 0 0
