1.00 1.29 1.22 1.11 1.09 1.19 0.84 0.43 0.00 0.00 0.00 0.00 0.00 0.00 0.00
1.00 1.47 1.41 1.40 1.28 1.64 1.14 0.58 0.00 0.00 0.00 0.00 0.00 0.00 0.00
1.00 1.32 1.12 1.08 1.23 1.28 0.67 0.42 0.00 0.00 0.00 0.00 0.00 0.00 0.00
0 0 0 0 0 0 0 0 0 0 0 0 0 0 0
1.00 0.51 0.28 0.27 0.40 0.25 0.04 0.16 0.00 0.00 0.00 0.00 0.00 0.00 0.00
0 0 0 0 0 0 0 0 0 0 0 0 0 0 0
1.00 0.51 0.28 0.27 0.40 0.25 0.04 0.16 0.00 0.00 0.00 0.00 0.00 0.00 0.00
0 0 0 0 0 0 0 0 0 0 0 0 0 0 0
1.00 -0.83 -1.05 -0.91 -0.70 -1.23 -0.86 -0.31 0.00 0.00 0.00 0.00 0.00 0.00 0.00
0 0 0 0 0 0 0 0 0 0 0 0 0 0 0
1.00 -2.02 -1.52 -1.25 -1.79 -1.75 -1.09 -0.52 0.00 0.00 0.00 0.00 0.00 0.00 0.00
0 0 0 0 0 0 0 0 0 0 0 0 0 0 0
1.00 -0.95 -0.66 -0.65 -0.77 -0.78 -0.45 -0.24 0.00 0.00 0.00 0.00 0.00 0.00 0.00
0 0 0 0 0 0 0 0 0 0 0 0 0 0 0
1.00 -1.02 -0.73 -0.57 -0.85 -0.89 -0.42 -0.23 0.00 0.00 0.00 0.00 0.00 0.00 0.00
0 0 0 0 0 0 0 0 0 0 0 0 0 0 0
1.00 -0.92 -0.70 -0.44 -0.79 -0.75 -0.41 -0.22 0.00 0.00 0.00 0.00 0.00 0.00 0.00
0 0 0 0 0 0 0 0 0 0 0 0 0 0 0
1.00 -0.87 -0.63 -0.34 -0.66 -0.60 -0.39 -0.15 0.00 0.00 0.00 0.00 0.00 0.00 0.00
0 0 0 0 0 0 0 0 0 0 0 0 0 0 0
1.00 -0.44 -0.28 -0.12 -0.25 -0.21 0.02 0.02 0.00 0.00 0.00 0.00 0.00 0.00 0.00
0 0 0 0 0 0 0 0 0 0 0 0 0 0 0
1.00 -0.30 -0.24 -0.25 -0.12 -0.16 -0.30 -0.04 0.00 0.00 0.00 0.00 0.00 0.00 0.00
0 0 0 0 0 0 0 0 0 0 0 0 0 0 0
