1.00 -1.36 0.07 1.30 -2.19 -0.44 1.26 -0.26 0.00 0.00 0.00 0.00 0.00 0.00 0.00
1.00 2.47 2.82 3.05 2.05 3.60 3.24 1.05 0.00 0.00 0.00 0.00 0.00 0.00 0.00
1.00 4.02 3.55 3.21 4.86 5.63 3.90 1.62 0.00 0.00 0.00 0.00 0.00 0.00 0.00
0 0 0 0 0 0 0 0 0 0 0 0 0 0 0
1.00 4.27 3.62 2.92 5.65 6.05 3.44 1.79 0.00 0.00 0.00 0.00 0.00 0.00 0.00
0 0 0 0 0 0 0 0 0 0 0 0 0 0 0
1.00 4.27 3.62 2.92 5.65 6.05 3.44 1.79 0.00 0.00 0.00 0.00 0.00 0.00 0.00
0 0 0 0 0 0 0 0 0 0 0 0 0 0 0
1.00 2.81 2.43 1.81 4.20 4.35 2.33 1.21 0.00 0.00 0.00 0.00 0.00 0.00 0.00
0 0 0 0 0 0 0 0 0 0 0 0 0 0 0
1.00 1.35 0.89 0.64 1.83 1.39 0.48 0.42 0.00 0.00 0.00 0.00 0.00 0.00 0.00
0 0 0 0 0 0 0 0 0 0 0 0 0 0 0
1.00 -0.46 -1.01 -1.40 -1.11 -2.25 -1.98 -0.51 0.00 0.00 0.00 0.00 0.00 0.00 0.00
0 0 0 0 0 0 0 0 0 0 0 0 0 0 0
1.00 -1.07 -1.55 -1.87 -1.81 -3.01 -2.48 -0.74 0.00 0.00 0.00 0.00 0.00 0.00 0.00
0 0 0 0 0 0 0 0 0 0 0 0 0 0 0
1.00 1.82 0.98 0.06 0.85 0.09 -0.62 0.23 0.00 0.00 0.00 0.00 0.00 0.00 0.00
0 0 0 0 0 0 0 0 0 0 0 0 0 0 0
1.00 -1.01 -1.83 -2.32 -2.64 -4.11 -3.11 -1.00 0.00 0.00 0.00 0.00 0.00 0.00 0.00
0 0 0 0 0 0 0 0 0 0 0 0 0 0 0
1.00 -3.34 -3.33 -2.86 -4.57 -5.15 -3.18 -1.46 0.00 0.00 0.00 0.00 0.00 0.00 0.00
0 0 0 0 0 0 0 0 0 0 0 0 0 0 0
1.00 -3.17 -2.73 -2.25 -3.68 -3.96 -2.38 -1.13 0.00 0.00 0.00 0.00 0.00 0.00 0.00
0 0 0 0 0 0 0 0 0 0 0 0 0 0 0
