1.00 3.63 3.72 3.55 4.29 5.73 4.11 1.61 0.00 0.00 0.00 0.00 0.00 0.00 0.00
1.00 3.83 3.48 3.10 5.13 5.82 3.90 1.65 0.00 0.00 0.00 0.00 0.00 0.00 0.00
1.00 3.13 2.79 2.43 4.22 4.71 3.09 1.35 0.00 0.00 0.00 0.00 0.00 0.00 0.00
0 0 0 0 0 0 0 0 0 0 0 0 0 0 0
1.00 2.74 2.13 1.64 3.76 3.80 1.86 1.06 0.00 0.00 0.00 0.00 0.00 0.00 0.00
0 0 0 0 0 0 0 0 0 0 0 0 0 0 0
1.00 2.74 2.13 1.64 3.76 3.80 1.86 1.06 0.00 0.00 0.00 0.00 0.00 0.00 0.00
0 0 0 0 0 0 0 0 0 0 0 0 0 0 0
1.00 3.87 3.74 3.28 5.78 6.44 3.88 1.79 0.00 0.00 0.00 0.00 0.00 0.00 0.00
0 0 0 0 0 0 0 0 0 0 0 0 0 0 0
1.00 2.59 2.02 1.57 3.22 2.76 1.37 0.83 0.00 0.00 0.00 0.00 0.00 0.00 0.00
0 0 0 0 0 0 0 0 0 0 0 0 0 0 0
1.00 0.03 -0.51 -0.94 -0.91 -1.93 -1.89 -0.40 0.00 0.00 0.00 0.00 0.00 0.00 0.00
0 0 0 0 0 0 0 0 0 0 0 0 0 0 0
1.00 -3.18 -3.60 -4.03 -5.40 -6.94 -5.04 -1.77 0.00 0.00 0.00 0.00 0.00 0.00 0.00
0 0 0 0 0 0 0 0 0 0 0 0 0 0 0
1.00 -6.50 -6.38 -5.88 -8.76 -10.07 -6.72 -2.84 0.00 0.00 0.00 0.00 0.00 0.00 0.00
0 0 0 0 0 0 0 0 0 0 0 0 0 0 0
1.00 -3.84 -3.54 -3.01 -4.93 -5.54 -3.51 -1.55 0.00 0.00 0.00 0.00 0.00 0.00 0.00
0 0 0 0 0 0 0 0 0 0 0 0 0 0 0
1.00 -2.95 -2.60 -2.34 -3.53 -3.68 -2.44 -1.11 0.00 0.00 0.00 0.00 0.00 0.00 0.00
0 0 0 0 0 0 0 0 0 0 0 0 0 0 0
1.00 -2.03 -1.72 -1.55 -2.35 -2.45 -1.64 -0.73 0.00 0.00 0.00 0.00 0.00 0.00 0.00
0 0 0 0 0 0 0 0 0 0 0 0 0 0 0
