1.00 1.86 1.24 0.97 1.62 1.66 0.86 0.51 0.00 0.00 0.00 0.00 0.00 0.00 0.00
1.00 1.41 1.00 0.59 1.22 1.37 0.68 0.40 0.00 0.00 0.00 0.00 0.00 0.00 0.00
1.00 0.99 0.58 0.34 0.95 0.78 0.38 0.26 0.00 0.00 0.00 0.00 0.00 0.00 0.00
0 0 0 0 0 0 0 0 0 0 0 0 0 0 0
1.00 0.44 0.14 -0.08 0.38 0.24 -0.04 0.07 0.00 0.00 0.00 0.00 0.00 0.00 0.00
0 0 0 0 0 0 0 0 0 0 0 0 0 0 0
1.00 0.44 0.14 -0.08 0.38 0.24 -0.04 0.07 0.00 0.00 0.00 0.00 0.00 0.00 0.00
0 0 0 0 0 0 0 0 0 0 0 0 0 0 0
1.00 -0.31 -0.11 -0.10 -0.22 -0.20 -0.19 -0.08 0.00 0.00 0.00 0.00 0.00 0.00 0.00
0 0 0 0 0 0 0 0 0 0 0 0 0 0 0
1.00 -0.68 -0.58 -0.22 -0.60 -0.77 -0.32 -0.21 0.00 0.00 0.00 0.00 0.00 0.00 0.00
0 0 0 0 0 0 0 0 0 0 0 0 0 0 0
1.00 -0.09 -0.02 0.04 -0.18 -0.03 -0.06 -0.08 0.00 0.00 0.00 0.00 0.00 0.00 0.00
0 0 0 0 0 0 0 0 0 0 0 0 0 0 0
1.00 -0.32 -0.37 -0.18 -0.57 -0.52 -0.29 -0.18 0.00 0.00 0.00 0.00 0.00 0.00 0.00
0 0 0 0 0 0 0 0 0 0 0 0 0 0 0
1.00 -0.76 -0.37 -0.31 -0.61 -0.54 -0.30 -0.11 0.00 0.00 0.00 0.00 0.00 0.00 0.00
0 0 0 0 0 0 0 0 0 0 0 0 0 0 0
1.00 -0.80 -0.81 -0.67 -0.53 -0.98 -0.70 -0.15 0.00 0.00 0.00 0.00 0.00 0.00 0.00
0 0 0 0 0 0 0 0 0 0 0 0 0 0 0
1.00 -1.24 -0.98 -0.84 -0.94 -1.20 -0.77 -0.32 0.00 0.00 0.00 0.00 0.00 0.00 0.00
0 0 0 0 0 0 0 0 0 0 0 0 0 0 0
1.00 -0.63 -0.51 -0.56 -0.41 -0.57 -0.50 -0.20 0.00 0.00 0.00 0.00 0.00 0.00 0.00
0 0 0 0 0 0 0 0 0 0 0 0 0 0 0
