1.00 1.04 0.56 0.13 0.74 0.46 -0.05 0.12 0.00 0.00 0.00 0.00 0.00 0.00 0.00
1.00 0.71 0.39 -0.07 0.56 0.29 -0.08 0.12 0.00 0.00 0.00 0.00 0.00 0.00 0.00
1.00 0.57 0.34 0.20 0.57 0.30 -0.02 0.12 0.00 0.00 0.00 0.00 0.00 0.00 0.00
0 0 0 0 0 0 0 0 0 0 0 0 0 0 0
1.00 0.40 0.19 0.19 0.17 0.21 0.22 0.08 0.00 0.00 0.00 0.00 0.00 0.00 0.00
0 0 0 0 0 0 0 0 0 0 0 0 0 0 0
1.00 0.40 0.19 0.19 0.17 0.21 0.22 0.08 0.00 0.00 0.00 0.00 0.00 0.00 0.00
0 0 0 0 0 0 0 0 0 0 0 0 0 0 0
1.00 0.06 0.23 0.45 0.08 0.38 0.52 0.11 0.00 0.00 0.00 0.00 0.00 0.00 0.00
0 0 0 0 0 0 0 0 0 0 0 0 0 0 0
1.00 0.61 0.50 0.59 0.54 0.68 0.74 0.27 0.00 0.00 0.00 0.00 0.00 0.00 0.00
0 0 0 0 0 0 0 0 0 0 0 0 0 0 0
1.00 0.51 0.46 0.54 0.57 0.63 0.69 0.26 0.00 0.00 0.00 0.00 0.00 0.00 0.00
0 0 0 0 0 0 0 0 0 0 0 0 0 0 0
1.00 0.10 0.18 0.31 0.19 0.20 0.15 0.12 0.00 0.00 0.00 0.00 0.00 0.00 0.00
0 0 0 0 0 0 0 0 0 0 0 0 0 0 0
1.00 0.00 0.11 0.25 0.12 0.12 0.10 0.10 0.00 0.00 0.00 0.00 0.00 0.00 0.00
0 0 0 0 0 0 0 0 0 0 0 0 0 0 0
1.00 -0.78 -0.61 -0.38 -0.66 -0.57 -0.46 -0.21 0.00 0.00 0.00 0.00 0.00 0.00 0.00
0 0 0 0 0 0 0 0 0 0 0 0 0 0 0
1.00 -1.36 -1.19 -0.92 -1.24 -1.16 -0.66 -0.42 0.00 0.00 0.00 0.00 0.00 0.00 0.00
0 0 0 0 0 0 0 0 0 0 0 0 0 0 0
1.00 -1.04 -0.72 -0.60 -0.76 -0.54 -0.43 -0.21 0.00 0.00 0.00 0.00 0.00 0.00 0.00
0 0 0 0 0 0 0 0 0 0 0 0 0 0 0
