1.00 -1.47 -1.89 -2.19 -1.62 -2.93 -2.49 -0.72 0.00 0.00 0.00 0.00 0.00 0.00 0.00
1.00 -1.52 -1.23 -0.39 -1.79 -2.00 -0.67 -0.60 0.00 0.00 0.00 0.00 0.00 0.00 0.00
1.00 0.88 2.12 2.84 0.74 2.85 3.41 0.68 0.00 0.00 0.00 0.00 0.00 0.00 0.00
0 0 0 0 0 0 0 0 0 0 0 0 0 0 0
1.00 5.08 5.21 4.95 6.27 8.64 6.22 2.36 0.00 0.00 0.00 0.00 0.00 0.00 0.00
0 0 0 0 0 0 0 0 0 0 0 0 0 0 0
1.00 5.08 5.21 4.95 6.27 8.64 6.22 2.36 0.00 0.00 0.00 0.00 0.00 0.00 0.00
0 0 0 0 0 0 0 0 0 0 0 0 0 0 0
1.00 3.47 3.28 3.17 5.01 6.34 4.06 1.65 0.00 0.00 0.00 0.00 0.00 0.00 0.00
0 0 0 0 0 0 0 0 0 0 0 0 0 0 0
1.00 3.38 2.91 2.52 5.38 5.66 3.22 1.53 0.00 0.00 0.00 0.00 0.00 0.00 0.00
0 0 0 0 0 0 0 0 0 0 0 0 0 0 0
1.00 2.48 1.84 1.41 3.62 3.31 1.46 0.95 0.00 0.00 0.00 0.00 0.00 0.00 0.00
0 0 0 0 0 0 0 0 0 0 0 0 0 0 0
1.00 1.06 0.37 -0.27 1.17 -0.14 -0.77 0.15 0.00 0.00 0.00 0.00 0.00 0.00 0.00
0 0 0 0 0 0 0 0 0 0 0 0 0 0 0
1.00 3.47 2.40 1.87 3.78 3.10 1.75 1.04 0.00 0.00 0.00 0.00 0.00 0.00 0.00
0 0 0 0 0 0 0 0 0 0 0 0 0 0 0
1.00 0.82 -0.03 -0.82 -0.37 -1.63 -1.83 -0.25 0.00 0.00 0.00 0.00 0.00 0.00 0.00
0 0 0 0 0 0 0 0 0 0 0 0 0 0 0
1.00 -2.56 -3.15 -3.51 -4.74 -6.28 -4.56 -1.66 0.00 0.00 0.00 0.00 0.00 0.00 0.00
0 0 0 0 0 0 0 0 0 0 0 0 0 0 0
1.00 -5.23 -5.08 -4.61 -7.15 -8.06 -5.30 -2.25 0.00 0.00 0.00 0.00 0.00 0.00 0.00
0 0 0 0 0 0 0 0 0 0 0 0 0 0 0
