1.00 -0.89 -0.84 -0.69 -0.65 -0.83 -0.69 -0.22 0.00 0.00 0.00 0.00 0.00 0.00 0.00
1.00 -1.10 -0.91 -0.66 -0.92 -1.13 -0.45 -0.31 0.00 0.00 0.00 0.00 0.00 0.00 0.00
1.00 -1.12 -0.79 -0.60 -1.05 -0.95 -0.69 -0.20 0.00 0.00 0.00 0.00 0.00 0.00 0.00
0 0 0 0 0 0 0 0 0 0 0 0 0 0 0
1.00 -0.76 -0.60 -0.37 -0.66 -0.52 -0.38 -0.16 0.00 0.00 0.00 0.00 0.00 0.00 0.00
0 0 0 0 0 0 0 0 0 0 0 0 0 0 0
1.00 -0.76 -0.60 -0.37 -0.66 -0.52 -0.38 -0.16 0.00 0.00 0.00 0.00 0.00 0.00 0.00
0 0 0 0 0 0 0 0 0 0 0 0 0 0 0
1.00 -0.59 -0.48 -0.22 -0.43 -0.49 -0.14 -0.15 0.00 0.00 0.00 0.00 0.00 0.00 0.00
0 0 0 0 0 0 0 0 0 0 0 0 0 0 0
1.00 -0.52 -0.28 -0.22 -0.39 -0.38 -0.33 -0.14 0.00 0.00 0.00 0.00 0.00 0.00 0.00
0 0 0 0 0 0 0 0 0 0 0 0 0 0 0
1.00 -0.39 -0.19 -0.16 -0.28 -0.28 -0.26 -0.11 0.00 0.00 0.00 0.00 0.00 0.00 0.00
0 0 0 0 0 0 0 0 0 0 0 0 0 0 0
1.00 -0.06 -0.08 -0.11 -0.08 -0.12 -0.03 -0.06 0.00 0.00 0.00 0.00 0.00 0.00 0.00
0 0 0 0 0 0 0 0 0 0 0 0 0 0 0
1.00 -0.14 -0.00 -0.04 -0.22 -0.07 0.04 -0.03 0.00 0.00 0.00 0.00 0.00 0.00 0.00
0 0 0 0 0 0 0 0 0 0 0 0 0 0 0
1.00 -0.11 0.00 -0.00 -0.14 -0.07 -0.08 0.01 0.00 0.00 0.00 0.00 0.00 0.00 0.00
0 0 0 0 0 0 0 0 0 0 0 0 0 0 0
1.00 0.05 -0.10 0.01 -0.01 -0.06 0.14 0.02 0.00 0.00 0.00 0.00 0.00 0.00 0.00
0 0 0 0 0 0 0 0 0 0 0 0 0 0 0
1.00 0.16 0.20 -0.00 0.04 0.13 0.05 0.10 0.00 0.00 0.00 0.00 0.00 0.00 0.00
0 0 0 0 0 0 0 0 0 0 0 0 0 0 0
