1.00 -0.55 -0.39 -0.32 -0.64 -0.48 -0.29 -0.06 0.00 0.00 0.00 0.00 0.00 0.00 0.00
1.00 -0.87 -0.77 -0.64 -0.83 -1.03 -0.45 -0.28 0.00 0.00 0.00 0.00 0.00 0.00 0.00
1.00 -1.39 -1.13 -0.82 -1.11 -1.14 -0.86 -0.37 0.00 0.00 0.00 0.00 0.00 0.00 0.00
0 0 0 0 0 0 0 0 0 0 0 0 0 0 0
1.00 -0.55 -0.48 -0.39 -0.48 -0.58 -0.48 -0.23 0.00 0.00 0.00 0.00 0.00 0.00 0.00
0 0 0 0 0 0 0 0 0 0 0 0 0 0 0
1.00 -0.55 -0.48 -0.39 -0.48 -0.58 -0.48 -0.23 0.00 0.00 0.00 0.00 0.00 0.00 0.00
0 0 0 0 0 0 0 0 0 0 0 0 0 0 0
1.00 -0.45 -0.41 -0.34 -0.40 -0.50 -0.43 -0.21 0.00 0.00 0.00 0.00 0.00 0.00 0.00
0 0 0 0 0 0 0 0 0 0 0 0 0 0 0
1.00 -0.49 -0.46 -0.21 -0.40 -0.48 -0.37 -0.16 0.00 0.00 0.00 0.00 0.00 0.00 0.00
0 0 0 0 0 0 0 0 0 0 0 0 0 0 0
1.00 -0.55 -0.31 -0.19 -0.37 -0.36 -0.17 -0.16 0.00 0.00 0.00 0.00 0.00 0.00 0.00
0 0 0 0 0 0 0 0 0 0 0 0 0 0 0
1.00 -0.39 -0.24 -0.19 -0.36 -0.37 -0.18 -0.14 0.00 0.00 0.00 0.00 0.00 0.00 0.00
0 0 0 0 0 0 0 0 0 0 0 0 0 0 0
1.00 -0.21 -0.11 -0.22 -0.24 -0.26 -0.09 -0.05 0.00 0.00 0.00 0.00 0.00 0.00 0.00
0 0 0 0 0 0 0 0 0 0 0 0 0 0 0
1.00 -0.07 -0.11 -0.13 -0.09 0.10 0.01 0.09 0.00 0.00 0.00 0.00 0.00 0.00 0.00
0 0 0 0 0 0 0 0 0 0 0 0 0 0 0
1.00 -0.21 0.05 -0.00 0.06 -0.00 -0.00 -0.01 0.00 0.00 0.00 0.00 0.00 0.00 0.00
0 0 0 0 0 0 0 0 0 0 0 0 0 0 0
1.00 0.03 0.04 0.09 -0.07 0.08 0.13 0.04 0.00 0.00 0.00 0.00 0.00 0.00 0.00
0 0 0 0 0 0 0 0 0 0 0 0 0 0 0
