1.00 -0.71 0.70 1.72 -1.37 0.60 1.64 0.09 0.00 0.00 0.00 0.00 0.00 0.00 0.00
1.00 2.72 3.22 2.97 2.99 4.51 3.54 1.33 0.00 0.00 0.00 0.00 0.00 0.00 0.00
1.00 4.05 3.50 2.91 5.41 6.09 3.83 1.72 0.00 0.00 0.00 0.00 0.00 0.00 0.00
0 0 0 0 0 0 0 0 0 0 0 0 0 0 0
1.00 4.03 3.17 2.72 5.89 6.10 3.48 1.63 0.00 0.00 0.00 0.00 0.00 0.00 0.00
0 0 0 0 0 0 0 0 0 0 0 0 0 0 0
1.00 4.03 3.17 2.72 5.89 6.10 3.48 1.63 0.00 0.00 0.00 0.00 0.00 0.00 0.00
0 0 0 0 0 0 0 0 0 0 0 0 0 0 0
1.00 3.04 2.82 2.69 5.12 5.77 3.60 1.47 0.00 0.00 0.00 0.00 0.00 0.00 0.00
0 0 0 0 0 0 0 0 0 0 0 0 0 0 0
1.00 2.03 1.67 1.45 3.45 3.51 1.72 0.96 0.00 0.00 0.00 0.00 0.00 0.00 0.00
0 0 0 0 0 0 0 0 0 0 0 0 0 0 0
1.00 0.32 -0.28 -0.75 -0.00 -1.20 -1.42 -0.24 0.00 0.00 0.00 0.00 0.00 0.00 0.00
0 0 0 0 0 0 0 0 0 0 0 0 0 0 0
1.00 -2.80 -3.65 -4.45 -5.24 -7.80 -6.03 -1.91 0.00 0.00 0.00 0.00 0.00 0.00 0.00
0 0 0 0 0 0 0 0 0 0 0 0 0 0 0
1.00 -1.56 -2.61 -3.31 -3.70 -5.51 -4.08 -1.36 0.00 0.00 0.00 0.00 0.00 0.00 0.00
0 0 0 0 0 0 0 0 0 0 0 0 0 0 0
1.00 -4.49 -4.03 -3.62 -5.89 -6.73 -4.04 -1.95 0.00 0.00 0.00 0.00 0.00 0.00 0.00
0 0 0 0 0 0 0 0 0 0 0 0 0 0 0
1.00 -4.12 -3.43 -3.05 -5.05 -5.51 -3.44 -1.57 0.00 0.00 0.00 0.00 0.00 0.00 0.00
0 0 0 0 0 0 0 0 0 0 0 0 0 0 0
1.00 -3.52 -2.95 -2.48 -4.15 -4.18 -2.74 -1.25 0.00 0.00 0.00 0.00 0.00 0.00 0.00
0 0 0 0 0 0 0 0 0 0 0 0 0 0 0
