1.00 1.01 0.68 0.34 0.87 0.85 0.41 0.21 0.00 0.00 0.00 0.00 0.00 0.00 0.00
1.00 0.94 0.54 0.36 0.79 0.76 0.23 0.24 0.00 0.00 0.00 0.00 0.00 0.00 0.00
1.00 0.68 0.38 0.10 0.60 0.55 0.21 0.23 0.00 0.00 0.00 0.00 0.00 0.00 0.00
0 0 0 0 0 0 0 0 0 0 0 0 0 0 0
1.00 0.49 0.17 0.02 0.61 0.29 0.16 0.13 0.00 0.00 0.00 0.00 0.00 0.00 0.00
0 0 0 0 0 0 0 0 0 0 0 0 0 0 0
1.00 0.49 0.17 0.02 0.61 0.29 0.16 0.13 0.00 0.00 0.00 0.00 0.00 0.00 0.00
0 0 0 0 0 0 0 0 0 0 0 0 0 0 0
1.00 0.02 -0.13 -0.07 0.03 -0.17 -0.08 0.03 0.00 0.00 0.00 0.00 0.00 0.00 0.00
0 0 0 0 0 0 0 0 0 0 0 0 0 0 0
1.00 -0.76 -0.51 -0.28 -0.67 -0.70 -0.41 -0.13 0.00 0.00 0.00 0.00 0.00 0.00 0.00
0 0 0 0 0 0 0 0 0 0 0 0 0 0 0
1.00 0.04 0.19 0.17 -0.05 0.18 0.16 0.02 0.00 0.00 0.00 0.00 0.00 0.00 0.00
0 0 0 0 0 0 0 0 0 0 0 0 0 0 0
1.00 -0.27 -0.19 0.01 -0.20 -0.22 -0.07 -0.08 0.00 0.00 0.00 0.00 0.00 0.00 0.00
0 0 0 0 0 0 0 0 0 0 0 0 0 0 0
1.00 -0.60 -0.45 -0.15 -0.55 -0.42 -0.17 -0.09 0.00 0.00 0.00 0.00 0.00 0.00 0.00
0 0 0 0 0 0 0 0 0 0 0 0 0 0 0
1.00 -0.66 -0.49 -0.35 -0.60 -0.67 -0.47 -0.15 0.00 0.00 0.00 0.00 0.00 0.00 0.00
0 0 0 0 0 0 0 0 0 0 0 0 0 0 0
1.00 -0.89 -0.72 -0.56 -0.71 -0.85 -0.57 -0.29 0.00 0.00 0.00 0.00 0.00 0.00 0.00
0 0 0 0 0 0 0 0 0 0 0 0 0 0 0
1.00 -0.91 -0.76 -0.72 -0.73 -0.94 -0.62 -0.25 0.00 0.00 0.00 0.00 0.00 0.00 0.00
0 0 0 0 0 0 0 0 0 0 0 0 0 0 0
