1.00 -2.67 -2.65 -2.77 -3.44 -4.42 -3.44 -1.21 0.00 0.00 0.00 0.00 0.00 0.00 0.00
1.00 -3.17 -3.08 -2.53 -4.11 -5.02 -2.92 -1.41 0.00 0.00 0.00 0.00 0.00 0.00 0.00
1.00 -2.79 -1.42 -0.17 -3.80 -2.87 -0.34 -0.82 0.00 0.00 0.00 0.00 0.00 0.00 0.00
0 0 0 0 0 0 0 0 0 0 0 0 0 0 0
1.00 -0.07 1.09 2.15 -0.86 1.02 2.24 0.26 0.00 0.00 0.00 0.00 0.00 0.00 0.00
0 0 0 0 0 0 0 0 0 0 0 0 0 0 0
1.00 -0.07 1.09 2.15 -0.86 1.02 2.24 0.26 0.00 0.00 0.00 0.00 0.00 0.00 0.00
0 0 0 0 0 0 0 0 0 0 0 0 0 0 0
1.00 2.30 2.57 2.79 2.48 3.94 3.31 1.10 0.00 0.00 0.00 0.00 0.00 0.00 0.00
0 0 0 0 0 0 0 0 0 0 0 0 0 0 0
1.00 2.86 2.66 2.42 3.88 4.68 3.09 1.23 0.00 0.00 0.00 0.00 0.00 0.00 0.00
0 0 0 0 0 0 0 0 0 0 0 0 0 0 0
1.00 2.62 2.15 1.71 3.98 4.31 2.51 1.12 0.00 0.00 0.00 0.00 0.00 0.00 0.00
0 0 0 0 0 0 0 0 0 0 0 0 0 0 0
1.00 2.03 1.55 1.05 3.12 3.17 1.38 0.87 0.00 0.00 0.00 0.00 0.00 0.00 0.00
0 0 0 0 0 0 0 0 0 0 0 0 0 0 0
1.00 1.06 0.33 -0.28 1.44 0.28 -0.61 0.21 0.00 0.00 0.00 0.00 0.00 0.00 0.00
0 0 0 0 0 0 0 0 0 0 0 0 0 0 0
1.00 3.38 2.56 1.83 4.06 3.54 1.70 1.13 0.00 0.00 0.00 0.00 0.00 0.00 0.00
0 0 0 0 0 0 0 0 0 0 0 0 0 0 0
1.00 0.79 0.04 -0.86 -0.15 -1.45 -1.82 -0.23 0.00 0.00 0.00 0.00 0.00 0.00 0.00
0 0 0 0 0 0 0 0 0 0 0 0 0 0 0
1.00 -2.50 -3.15 -3.55 -4.63 -6.28 -4.60 -1.57 0.00 0.00 0.00 0.00 0.00 0.00 0.00
0 0 0 0 0 0 0 0 0 0 0 0 0 0 0
