1.00 -1.98 -1.06 0.08 -2.70 -2.36 -0.30 -0.61 0.00 0.00 0.00 0.00 0.00 0.00 0.00
1.00 0.96 2.05 2.37 0.60 1.77 2.67 0.52 0.00 0.00 0.00 0.00 0.00 0.00 0.00
1.00 3.50 3.68 3.30 4.11 5.34 4.51 1.54 0.00 0.00 0.00 0.00 0.00 0.00 0.00
0 0 0 0 0 0 0 0 0 0 0 0 0 0 0
1.00 4.49 3.94 3.42 6.13 6.97 4.81 1.93 0.00 0.00 0.00 0.00 0.00 0.00 0.00
0 0 0 0 0 0 0 0 0 0 0 0 0 0 0
1.00 4.49 3.94 3.42 6.13 6.97 4.81 1.93 0.00 0.00 0.00 0.00 0.00 0.00 0.00
0 0 0 0 0 0 0 0 0 0 0 0 0 0 0
1.00 3.20 2.88 2.61 4.69 5.46 3.87 1.40 0.00 0.00 0.00 0.00 0.00 0.00 0.00
0 0 0 0 0 0 0 0 0 0 0 0 0 0 0
1.00 2.50 2.13 1.76 3.82 4.33 2.72 1.18 0.00 0.00 0.00 0.00 0.00 0.00 0.00
0 0 0 0 0 0 0 0 0 0 0 0 0 0 0
1.00 1.53 1.28 0.88 2.36 2.44 1.51 0.64 0.00 0.00 0.00 0.00 0.00 0.00 0.00
0 0 0 0 0 0 0 0 0 0 0 0 0 0 0
1.00 0.24 -0.22 -0.53 0.40 -0.39 -0.75 -0.02 0.00 0.00 0.00 0.00 0.00 0.00 0.00
0 0 0 0 0 0 0 0 0 0 0 0 0 0 0
1.00 -1.88 -2.36 -2.52 -3.10 -4.91 -4.17 -1.20 0.00 0.00 0.00 0.00 0.00 0.00 0.00
0 0 0 0 0 0 0 0 0 0 0 0 0 0 0
1.00 -0.26 -0.91 -1.32 -1.22 -2.78 -2.57 -0.57 0.00 0.00 0.00 0.00 0.00 0.00 0.00
0 0 0 0 0 0 0 0 0 0 0 0 0 0 0
1.00 -3.02 -3.40 -3.52 -4.87 -6.06 -4.76 -1.61 0.00 0.00 0.00 0.00 0.00 0.00 0.00
0 0 0 0 0 0 0 0 0 0 0 0 0 0 0
1.00 -4.85 -4.45 -3.90 -6.64 -6.90 -5.03 -2.03 0.00 0.00 0.00 0.00 0.00 0.00 0.00
0 0 0 0 0 0 0 0 0 0 0 0 0 0 0
