1.00 -1.51 -1.86 -2.02 -1.80 -2.81 -2.52 -0.73 0.00 0.00 0.00 0.00 0.00 0.00 0.00
1.00 -1.76 -2.18 -2.21 -1.92 -3.07 -2.48 -0.82 0.00 0.00 0.00 0.00 0.00 0.00 0.00
1.00 -1.52 -0.72 0.23 -1.95 -1.28 0.42 -0.50 0.00 0.00 0.00 0.00 0.00 0.00 0.00
0 0 0 0 0 0 0 0 0 0 0 0 0 0 0
1.00 1.85 3.02 3.43 1.96 4.06 4.00 1.08 0.00 0.00 0.00 0.00 0.00 0.00 0.00
0 0 0 0 0 0 0 0 0 0 0 0 0 0 0
1.00 1.85 3.02 3.43 1.96 4.06 4.00 1.08 0.00 0.00 0.00 0.00 0.00 0.00 0.00
0 0 0 0 0 0 0 0 0 0 0 0 0 0 0
1.00 5.33 5.05 4.53 6.52 7.95 5.27 2.25 0.00 0.00 0.00 0.00 0.00 0.00 0.00
0 0 0 0 0 0 0 0 0 0 0 0 0 0 0
1.00 3.30 3.11 2.85 4.46 5.22 3.44 1.42 0.00 0.00 0.00 0.00 0.00 0.00 0.00
0 0 0 0 0 0 0 0 0 0 0 0 0 0 0
1.00 3.13 2.61 2.17 4.41 4.75 2.86 1.32 0.00 0.00 0.00 0.00 0.00 0.00 0.00
0 0 0 0 0 0 0 0 0 0 0 0 0 0 0
1.00 2.19 1.44 0.91 3.09 2.67 1.17 0.82 0.00 0.00 0.00 0.00 0.00 0.00 0.00
0 0 0 0 0 0 0 0 0 0 0 0 0 0 0
1.00 0.69 0.06 -0.46 0.64 -0.31 -1.00 0.06 0.00 0.00 0.00 0.00 0.00 0.00 0.00
0 0 0 0 0 0 0 0 0 0 0 0 0 0 0
1.00 2.03 1.50 1.15 2.41 1.95 0.98 0.58 0.00 0.00 0.00 0.00 0.00 0.00 0.00
0 0 0 0 0 0 0 0 0 0 0 0 0 0 0
1.00 -0.06 -0.62 -0.97 -1.11 -2.12 -1.91 -0.49 0.00 0.00 0.00 0.00 0.00 0.00 0.00
0 0 0 0 0 0 0 0 0 0 0 0 0 0 0
1.00 -3.21 -3.43 -3.76 -5.08 -6.54 -4.76 -1.72 0.00 0.00 0.00 0.00 0.00 0.00 0.00
0 0 0 0 0 0 0 0 0 0 0 0 0 0 0
