1.00 1.02 0.92 0.92 1.15 1.16 0.77 0.38 0.00 0.00 0.00 0.00 0.00 0.00 0.00
1.00 0.41 0.38 0.31 0.71 0.45 0.02 0.22 0.00 0.00 0.00 0.00 0.00 0.00 0.00
1.00 -0.79 -0.92 -0.77 -0.64 -1.10 -0.69 -0.29 0.00 0.00 0.00 0.00 0.00 0.00 0.00
0 0 0 0 0 0 0 0 0 0 0 0 0 0 0
1.00 -2.03 -1.74 -1.47 -1.69 -1.82 -1.23 -0.59 0.00 0.00 0.00 0.00 0.00 0.00 0.00
0 0 0 0 0 0 0 0 0 0 0 0 0 0 0
1.00 -2.03 -1.74 -1.47 -1.69 -1.82 -1.23 -0.59 0.00 0.00 0.00 0.00 0.00 0.00 0.00
0 0 0 0 0 0 0 0 0 0 0 0 0 0 0
1.00 -0.93 -0.69 -0.52 -0.71 -0.79 -0.58 -0.29 0.00 0.00 0.00 0.00 0.00 0.00 0.00
0 0 0 0 0 0 0 0 0 0 0 0 0 0 0
1.00 -0.83 -0.71 -0.52 -0.62 -0.78 -0.57 -0.21 0.00 0.00 0.00 0.00 0.00 0.00 0.00
0 0 0 0 0 0 0 0 0 0 0 0 0 0 0
1.00 -0.97 -0.67 -0.39 -0.71 -0.54 -0.28 -0.23 0.00 0.00 0.00 0.00 0.00 0.00 0.00
0 0 0 0 0 0 0 0 0 0 0 0 0 0 0
1.00 -0.64 -0.55 -0.50 -0.51 -0.57 -0.44 -0.17 0.00 0.00 0.00 0.00 0.00 0.00 0.00
0 0 0 0 0 0 0 0 0 0 0 0 0 0 0
1.00 -0.85 -0.51 -0.45 -0.54 -0.49 -0.39 -0.13 0.00 0.00 0.00 0.00 0.00 0.00 0.00
0 0 0 0 0 0 0 0 0 0 0 0 0 0 0
1.00 -0.44 -0.27 -0.21 -0.26 -0.32 -0.05 -0.02 0.00 0.00 0.00 0.00 0.00 0.00 0.00
0 0 0 0 0 0 0 0 0 0 0 0 0 0 0
1.00 -0.19 -0.24 -0.26 -0.25 -0.18 -0.23 -0.12 0.00 0.00 0.00 0.00 0.00 0.00 0.00
0 0 0 0 0 0 0 0 0 0 0 0 0 0 0
1.00 -0.18 0.03 0.06 -0.21 0.01 -0.01 -0.05 0.00 0.00 0.00 0.00 0.00 0.00 0.00
0 0 0 0 0 0 0 0 0 0 0 0 0 0 0
