1.00 -0.35 -0.25 -0.06 -0.27 -0.42 -0.12 -0.10 0.00 0.00 0.00 0.00 0.00 0.00 0.00
1.00 -0.52 -0.24 -0.16 -0.61 -0.50 -0.22 -0.10 0.00 0.00 0.00 0.00 0.00 0.00 0.00
1.00 -0.72 -0.61 -0.46 -0.55 -0.76 -0.41 -0.19 0.00 0.00 0.00 0.00 0.00 0.00 0.00
0 0 0 0 0 0 0 0 0 0 0 0 0 0 0
1.00 -0.81 -0.61 -0.55 -0.78 -0.89 -0.45 -0.19 0.00 0.00 0.00 0.00 0.00 0.00 0.00
0 0 0 0 0 0 0 0 0 0 0 0 0 0 0
1.00 -0.81 -0.61 -0.55 -0.78 -0.89 -0.45 -0.19 0.00 0.00 0.00 0.00 0.00 0.00 0.00
0 0 0 0 0 0 0 0 0 0 0 0 0 0 0
1.00 -0.27 -0.15 -0.14 -0.30 -0.25 -0.01 -0.01 0.00 0.00 0.00 0.00 0.00 0.00 0.00
0 0 0 0 0 0 0 0 0 0 0 0 0 0 0
1.00 -0.23 -0.23 -0.25 -0.31 -0.32 -0.34 -0.04 0.00 0.00 0.00 0.00 0.00 0.00 0.00
0 0 0 0 0 0 0 0 0 0 0 0 0 0 0
1.00 -0.25 -0.25 -0.23 -0.20 -0.37 -0.34 -0.09 0.00 0.00 0.00 0.00 0.00 0.00 0.00
0 0 0 0 0 0 0 0 0 0 0 0 0 0 0
1.00 -0.34 -0.30 -0.20 -0.14 -0.28 -0.21 -0.16 0.00 0.00 0.00 0.00 0.00 0.00 0.00
0 0 0 0 0 0 0 0 0 0 0 0 0 0 0
1.00 -0.23 -0.19 -0.26 -0.18 -0.32 -0.17 -0.11 0.00 0.00 0.00 0.00 0.00 0.00 0.00
0 0 0 0 0 0 0 0 0 0 0 0 0 0 0
1.00 -0.27 -0.27 -0.17 -0.27 -0.30 -0.24 -0.11 0.00 0.00 0.00 0.00 0.00 0.00 0.00
0 0 0 0 0 0 0 0 0 0 0 0 0 0 0
1.00 -0.07 -0.25 -0.27 -0.15 -0.18 -0.24 -0.07 0.00 0.00 0.00 0.00 0.00 0.00 0.00
0 0 0 0 0 0 0 0 0 0 0 0 0 0 0
1.00 -0.12 -0.18 -0.17 0.02 -0.06 -0.11 -0.02 0.00 0.00 0.00 0.00 0.00 0.00 0.00
0 0 0 0 0 0 0 0 0 0 0 0 0 0 0
