1.00 1.11 0.92 0.90 1.21 1.30 1.11 0.60 0.00 0.00 0.00 0.00 0.00 0.00 0.00
1.00 1.22 0.91 0.60 1.06 1.32 0.42 0.51 0.00 0.00 0.00 0.00 0.00 0.00 0.00
1.00 0.54 0.34 0.10 0.57 0.62 0.12 0.06 0.00 0.00 0.00 0.00 0.00 0.00 0.00
0 0 0 0 0 0 0 0 0 0 0 0 0 0 0
1.00 0.38 0.32 0.11 0.38 0.47 0.02 0.07 0.00 0.00 0.00 0.00 0.00 0.00 0.00
0 0 0 0 0 0 0 0 0 0 0 0 0 0 0
1.00 0.38 0.32 0.11 0.38 0.47 0.02 0.07 0.00 0.00 0.00 0.00 0.00 0.00 0.00
0 0 0 0 0 0 0 0 0 0 0 0 0 0 0
1.00 0.01 0.03 0.04 0.01 -0.01 0.06 -0.05 0.00 0.00 0.00 0.00 0.00 0.00 0.00
0 0 0 0 0 0 0 0 0 0 0 0 0 0 0
1.00 -0.34 -0.19 -0.19 -0.26 -0.44 -0.31 -0.12 0.00 0.00 0.00 0.00 0.00 0.00 0.00
0 0 0 0 0 0 0 0 0 0 0 0 0 0 0
1.00 -0.79 -0.62 -0.25 -0.85 -1.02 -0.36 -0.27 0.00 0.00 0.00 0.00 0.00 0.00 0.00
0 0 0 0 0 0 0 0 0 0 0 0 0 0 0
1.00 -0.52 -0.45 -0.08 -0.56 -0.67 -0.24 -0.16 0.00 0.00 0.00 0.00 0.00 0.00 0.00
0 0 0 0 0 0 0 0 0 0 0 0 0 0 0
1.00 -0.79 -0.64 -0.54 -0.80 -0.89 -0.68 -0.31 0.00 0.00 0.00 0.00 0.00 0.00 0.00
0 0 0 0 0 0 0 0 0 0 0 0 0 0 0
1.00 -1.13 -0.92 -0.77 -1.18 -1.42 -0.66 -0.38 0.00 0.00 0.00 0.00 0.00 0.00 0.00
0 0 0 0 0 0 0 0 0 0 0 0 0 0 0
1.00 -0.32 -0.36 -0.23 -0.40 -0.30 -0.26 -0.15 0.00 0.00 0.00 0.00 0.00 0.00 0.00
0 0 0 0 0 0 0 0 0 0 0 0 0 0 0
1.00 -0.50 -0.43 -0.33 -0.43 -0.60 -0.34 -0.27 0.00 0.00 0.00 0.00 0.00 0.00 0.00
0 0 0 0 0 0 0 0 0 0 0 0 0 0 0
