1.00 0.26 0.09 0.12 0.18 0.16 0.04 0.08 0.00 0.00 0.00 0.00 0.00 0.00 0.00
1.00 -0.38 -0.16 0.03 -0.30 -0.45 -0.03 -0.06 0.00 0.00 0.00 0.00 0.00 0.00 0.00
1.00 -0.78 -0.46 -0.23 -0.72 -0.73 -0.26 -0.14 0.00 0.00 0.00 0.00 0.00 0.00 0.00
0 0 0 0 0 0 0 0 0 0 0 0 0 0 0
1.00 -1.15 -0.91 -0.68 -1.19 -1.14 -0.59 -0.35 0.00 0.00 0.00 0.00 0.00 0.00 0.00
0 0 0 0 0 0 0 0 0 0 0 0 0 0 0
1.00 -1.15 -0.91 -0.68 -1.19 -1.14 -0.59 -0.35 0.00 0.00 0.00 0.00 0.00 0.00 0.00
0 0 0 0 0 0 0 0 0 0 0 0 0 0 0
1.00 -0.52 -0.26 -0.26 -0.43 -0.57 -0.33 -0.10 0.00 0.00 0.00 0.00 0.00 0.00 0.00
0 0 0 0 0 0 0 0 0 0 0 0 0 0 0
1.00 -0.63 -0.56 -0.45 -0.54 -0.61 -0.37 -0.20 0.00 0.00 0.00 0.00 0.00 0.00 0.00
0 0 0 0 0 0 0 0 0 0 0 0 0 0 0
1.00 -0.46 -0.48 -0.38 -0.38 -0.77 -0.44 -0.20 0.00 0.00 0.00 0.00 0.00 0.00 0.00
0 0 0 0 0 0 0 0 0 0 0 0 0 0 0
1.00 -0.50 -0.60 -0.51 -0.63 -0.69 -0.39 -0.20 0.00 0.00 0.00 0.00 0.00 0.00 0.00
0 0 0 0 0 0 0 0 0 0 0 0 0 0 0
1.00 -0.26 -0.36 -0.38 -0.40 -0.45 -0.29 -0.17 0.00 0.00 0.00 0.00 0.00 0.00 0.00
0 0 0 0 0 0 0 0 0 0 0 0 0 0 0
1.00 -0.26 -0.17 -0.24 -0.26 -0.37 -0.28 -0.05 0.00 0.00 0.00 0.00 0.00 0.00 0.00
0 0 0 0 0 0 0 0 0 0 0 0 0 0 0
1.00 -0.11 -0.16 -0.24 -0.08 -0.27 -0.19 -0.01 0.00 0.00 0.00 0.00 0.00 0.00 0.00
0 0 0 0 0 0 0 0 0 0 0 0 0 0 0
1.00 -0.41 -0.18 -0.24 -0.23 -0.29 -0.16 -0.11 0.00 0.00 0.00 0.00 0.00 0.00 0.00
0 0 0 0 0 0 0 0 0 0 0 0 0 0 0
