1.00 0.33 0.19 0.09 0.29 0.03 0.06 0.04 0.00 0.00 0.00 0.00 0.00 0.00 0.00
1.00 -0.63 -0.65 -0.50 -0.40 -0.70 -0.46 -0.24 0.00 0.00 0.00 0.00 0.00 0.00 0.00
1.00 -1.38 -1.28 -1.12 -1.29 -1.37 -1.08 -0.51 0.00 0.00 0.00 0.00 0.00 0.00 0.00
0 0 0 0 0 0 0 0 0 0 0 0 0 0 0
1.00 -2.00 -1.62 -1.33 -1.90 -1.75 -1.25 -0.54 0.00 0.00 0.00 0.00 0.00 0.00 0.00
0 0 0 0 0 0 0 0 0 0 0 0 0 0 0
1.00 -2.00 -1.62 -1.33 -1.90 -1.75 -1.25 -0.54 0.00 0.00 0.00 0.00 0.00 0.00 0.00
0 0 0 0 0 0 0 0 0 0 0 0 0 0 0
1.00 -0.84 -0.91 -0.86 -0.76 -0.97 -0.49 -0.31 0.00 0.00 0.00 0.00 0.00 0.00 0.00
0 0 0 0 0 0 0 0 0 0 0 0 0 0 0
1.00 -1.00 -0.74 -0.65 -0.83 -0.69 -0.59 -0.25 0.00 0.00 0.00 0.00 0.00 0.00 0.00
0 0 0 0 0 0 0 0 0 0 0 0 0 0 0
1.00 -1.12 -0.80 -0.59 -0.92 -0.81 -0.53 -0.27 0.00 0.00 0.00 0.00 0.00 0.00 0.00
0 0 0 0 0 0 0 0 0 0 0 0 0 0 0
1.00 -0.97 -0.67 -0.48 -0.79 -0.68 -0.44 -0.23 0.00 0.00 0.00 0.00 0.00 0.00 0.00
0 0 0 0 0 0 0 0 0 0 0 0 0 0 0
1.00 -0.55 -0.34 -0.36 -0.40 -0.38 -0.39 -0.19 0.00 0.00 0.00 0.00 0.00 0.00 0.00
0 0 0 0 0 0 0 0 0 0 0 0 0 0 0
1.00 -0.50 -0.34 -0.29 -0.49 -0.24 -0.23 -0.19 0.00 0.00 0.00 0.00 0.00 0.00 0.00
0 0 0 0 0 0 0 0 0 0 0 0 0 0 0
1.00 -0.15 -0.18 0.02 -0.20 -0.20 -0.14 -0.10 0.00 0.00 0.00 0.00 0.00 0.00 0.00
0 0 0 0 0 0 0 0 0 0 0 0 0 0 0
1.00 -0.07 0.05 0.02 0.09 -0.02 -0.11 0.06 0.00 0.00 0.00 0.00 0.00 0.00 0.00
0 0 0 0 0 0 0 0 0 0 0 0 0 0 0
