1.00 1.29 1.18 1.02 1.66 1.96 0.90 0.60 0.00 0.00 0.00 0.00 0.00 0.00 0.00
1.00 1.16 0.93 0.66 1.41 1.63 0.69 0.40 0.00 0.00 0.00 0.00 0.00 0.00 0.00
1.00 0.88 0.61 0.38 0.86 1.09 0.44 0.28 0.00 0.00 0.00 0.00 0.00 0.00 0.00
0 0 0 0 0 0 0 0 0 0 0 0 0 0 0
1.00 0.33 0.09 0.17 0.43 0.26 0.25 0.13 0.00 0.00 0.00 0.00 0.00 0.00 0.00
0 0 0 0 0 0 0 0 0 0 0 0 0 0 0
1.00 0.33 0.09 0.17 0.43 0.26 0.25 0.13 0.00 0.00 0.00 0.00 0.00 0.00 0.00
0 0 0 0 0 0 0 0 0 0 0 0 0 0 0
1.00 -0.30 -0.28 -0.10 -0.20 -0.31 -0.26 -0.02 0.00 0.00 0.00 0.00 0.00 0.00 0.00
0 0 0 0 0 0 0 0 0 0 0 0 0 0 0
1.00 -1.07 -0.74 -0.37 -1.23 -1.52 -0.62 -0.36 0.00 0.00 0.00 0.00 0.00 0.00 0.00
0 0 0 0 0 0 0 0 0 0 0 0 0 0 0
1.00 -0.06 0.15 0.44 -0.04 -0.03 0.24 0.06 0.00 0.00 0.00 0.00 0.00 0.00 0.00
0 0 0 0 0 0 0 0 0 0 0 0 0 0 0
1.00 -0.24 -0.23 0.01 -0.41 -0.38 -0.19 -0.11 0.00 0.00 0.00 0.00 0.00 0.00 0.00
0 0 0 0 0 0 0 0 0 0 0 0 0 0 0
1.00 -0.88 -0.70 -0.81 -0.97 -1.01 -0.85 -0.34 0.00 0.00 0.00 0.00 0.00 0.00 0.00
0 0 0 0 0 0 0 0 0 0 0 0 0 0 0
1.00 -0.76 -0.83 -0.93 -1.02 -1.46 -0.80 -0.41 0.00 0.00 0.00 0.00 0.00 0.00 0.00
0 0 0 0 0 0 0 0 0 0 0 0 0 0 0
1.00 -1.04 -0.98 -1.05 -1.10 -1.59 -0.96 -0.44 0.00 0.00 0.00 0.00 0.00 0.00 0.00
0 0 0 0 0 0 0 0 0 0 0 0 0 0 0
1.00 -0.47 -0.56 -0.61 -0.61 -0.88 -0.44 -0.27 0.00 0.00 0.00 0.00 0.00 0.00 0.00
0 0 0 0 0 0 0 0 0 0 0 0 0 0 0
