1.00 -0.52 -0.51 -0.41 -0.67 -0.69 -0.24 -0.17 0.00 0.00 0.00 0.00 0.00 0.00 0.00
1.00 -0.83 -0.77 -0.52 -0.60 -0.88 -0.50 -0.24 0.00 0.00 0.00 0.00 0.00 0.00 0.00
1.00 -0.96 -0.72 -0.64 -0.96 -0.79 -0.63 -0.23 0.00 0.00 0.00 0.00 0.00 0.00 0.00
0 0 0 0 0 0 0 0 0 0 0 0 0 0 0
1.00 -0.98 -0.75 -0.54 -0.91 -0.94 -0.60 -0.30 0.00 0.00 0.00 0.00 0.00 0.00 0.00
0 0 0 0 0 0 0 0 0 0 0 0 0 0 0
1.00 -0.98 -0.75 -0.54 -0.91 -0.94 -0.60 -0.30 0.00 0.00 0.00 0.00 0.00 0.00 0.00
0 0 0 0 0 0 0 0 0 0 0 0 0 0 0
1.00 -0.37 -0.39 -0.35 -0.33 -0.30 -0.23 -0.10 0.00 0.00 0.00 0.00 0.00 0.00 0.00
0 0 0 0 0 0 0 0 0 0 0 0 0 0 0
1.00 -0.42 -0.23 -0.27 -0.31 -0.36 -0.32 -0.09 0.00 0.00 0.00 0.00 0.00 0.00 0.00
0 0 0 0 0 0 0 0 0 0 0 0 0 0 0
1.00 -0.30 -0.33 -0.22 -0.29 -0.29 -0.23 -0.11 0.00 0.00 0.00 0.00 0.00 0.00 0.00
0 0 0 0 0 0 0 0 0 0 0 0 0 0 0
1.00 -0.28 -0.21 -0.12 -0.27 -0.15 -0.00 -0.05 0.00 0.00 0.00 0.00 0.00 0.00 0.00
0 0 0 0 0 0 0 0 0 0 0 0 0 0 0
1.00 -0.07 -0.23 -0.02 -0.19 -0.32 -0.09 -0.08 0.00 0.00 0.00 0.00 0.00 0.00 0.00
0 0 0 0 0 0 0 0 0 0 0 0 0 0 0
1.00 -0.15 0.03 0.07 -0.06 -0.06 0.23 0.03 0.00 0.00 0.00 0.00 0.00 0.00 0.00
0 0 0 0 0 0 0 0 0 0 0 0 0 0 0
1.00 0.12 0.01 -0.14 0.13 -0.00 -0.07 0.06 0.00 0.00 0.00 0.00 0.00 0.00 0.00
0 0 0 0 0 0 0 0 0 0 0 0 0 0 0
1.00 0.10 -0.09 -0.07 0.10 -0.01 -0.13 -0.06 0.00 0.00 0.00 0.00 0.00 0.00 0.00
0 0 0 0 0 0 0 0 0 0 0 0 0 0 0
