1.00 2.65 3.76 4.09 3.16 5.70 4.69 1.55 0.00 0.00 0.00 0.00 0.00 0.00 0.00
1.00 2.03 2.57 2.82 2.50 4.26 3.61 1.22 0.00 0.00 0.00 0.00 0.00 0.00 0.00
1.00 2.90 2.90 2.87 4.41 5.37 3.84 1.48 0.00 0.00 0.00 0.00 0.00 0.00 0.00
0 0 0 0 0 0 0 0 0 0 0 0 0 0 0
1.00 2.78 2.54 2.17 4.63 5.06 2.88 1.41 0.00 0.00 0.00 0.00 0.00 0.00 0.00
0 0 0 0 0 0 0 0 0 0 0 0 0 0 0
1.00 2.78 2.54 2.17 4.63 5.06 2.88 1.41 0.00 0.00 0.00 0.00 0.00 0.00 0.00
0 0 0 0 0 0 0 0 0 0 0 0 0 0 0
1.00 2.03 1.54 1.09 3.40 2.63 1.10 0.88 0.00 0.00 0.00 0.00 0.00 0.00 0.00
0 0 0 0 0 0 0 0 0 0 0 0 0 0 0
1.00 0.50 -0.41 -1.11 -0.23 -1.50 -2.08 -0.29 0.00 0.00 0.00 0.00 0.00 0.00 0.00
0 0 0 0 0 0 0 0 0 0 0 0 0 0 0
1.00 1.40 0.73 -0.11 0.72 -0.15 -0.99 0.10 0.00 0.00 0.00 0.00 0.00 0.00 0.00
0 0 0 0 0 0 0 0 0 0 0 0 0 0 0
1.00 -1.61 -2.31 -2.66 -3.51 -4.83 -3.76 -1.28 0.00 0.00 0.00 0.00 0.00 0.00 0.00
0 0 0 0 0 0 0 0 0 0 0 0 0 0 0
1.00 -4.25 -4.24 -4.17 -6.13 -7.22 -4.58 -1.99 0.00 0.00 0.00 0.00 0.00 0.00 0.00
0 0 0 0 0 0 0 0 0 0 0 0 0 0 0
1.00 -5.34 -4.75 -4.20 -6.57 -7.25 -4.43 -2.16 0.00 0.00 0.00 0.00 0.00 0.00 0.00
0 0 0 0 0 0 0 0 0 0 0 0 0 0 0
1.00 -2.75 -2.36 -2.22 -3.24 -3.61 -2.41 -1.14 0.00 0.00 0.00 0.00 0.00 0.00 0.00
0 0 0 0 0 0 0 0 0 0 0 0 0 0 0
1.00 -2.19 -1.84 -1.75 -2.57 -2.58 -1.86 -0.87 0.00 0.00 0.00 0.00 0.00 0.00 0.00
0 0 0 0 0 0 0 0 0 0 0 0 0 0 0
