1.00 -2.06 -1.32 -0.25 -2.53 -2.41 -0.73 -0.66 0.00 0.00 0.00 0.00 0.00 0.00 0.00
1.00 1.06 2.00 2.35 0.48 1.66 2.96 0.57 0.00 0.00 0.00 0.00 0.00 0.00 0.00
1.00 3.52 3.67 3.47 4.18 5.41 4.57 1.55 0.00 0.00 0.00 0.00 0.00 0.00 0.00
0 0 0 0 0 0 0 0 0 0 0 0 0 0 0
1.00 4.54 4.18 3.41 6.23 6.88 4.74 1.98 0.00 0.00 0.00 0.00 0.00 0.00 0.00
0 0 0 0 0 0 0 0 0 0 0 0 0 0 0
1.00 4.54 4.18 3.41 6.23 6.88 4.74 1.98 0.00 0.00 0.00 0.00 0.00 0.00 0.00
0 0 0 0 0 0 0 0 0 0 0 0 0 0 0
1.00 3.49 3.38 2.85 5.14 6.01 4.27 1.67 0.00 0.00 0.00 0.00 0.00 0.00 0.00
0 0 0 0 0 0 0 0 0 0 0 0 0 0 0
1.00 2.69 2.37 1.88 4.18 4.53 2.83 1.24 0.00 0.00 0.00 0.00 0.00 0.00 0.00
0 0 0 0 0 0 0 0 0 0 0 0 0 0 0
1.00 1.38 1.15 0.67 2.03 1.95 1.23 0.54 0.00 0.00 0.00 0.00 0.00 0.00 0.00
0 0 0 0 0 0 0 0 0 0 0 0 0 0 0
1.00 -0.13 -0.56 -0.75 -0.43 -1.26 -1.31 -0.23 0.00 0.00 0.00 0.00 0.00 0.00 0.00
0 0 0 0 0 0 0 0 0 0 0 0 0 0 0
1.00 -2.65 -3.22 -3.28 -4.20 -5.89 -5.05 -1.56 0.00 0.00 0.00 0.00 0.00 0.00 0.00
0 0 0 0 0 0 0 0 0 0 0 0 0 0 0
1.00 -0.62 -1.18 -1.40 -1.70 -2.99 -2.62 -0.72 0.00 0.00 0.00 0.00 0.00 0.00 0.00
0 0 0 0 0 0 0 0 0 0 0 0 0 0 0
1.00 -2.69 -2.91 -2.77 -4.18 -4.98 -3.74 -1.33 0.00 0.00 0.00 0.00 0.00 0.00 0.00
0 0 0 0 0 0 0 0 0 0 0 0 0 0 0
1.00 -3.61 -3.31 -2.96 -4.88 -5.11 -3.79 -1.51 0.00 0.00 0.00 0.00 0.00 0.00 0.00
0 0 0 0 0 0 0 0 0 0 0 0 0 0 0
