1.00 -1.50 -0.54 0.42 -2.38 -1.50 0.23 -0.43 0.00 0.00 0.00 0.00 0.00 0.00 0.00
1.00 0.82 1.57 2.05 0.48 2.37 2.10 0.49 0.00 0.00 0.00 0.00 0.00 0.00 0.00
1.00 2.51 2.57 2.47 3.12 3.96 2.86 1.12 0.00 0.00 0.00 0.00 0.00 0.00 0.00
0 0 0 0 0 0 0 0 0 0 0 0 0 0 0
1.00 2.91 2.52 2.19 4.08 4.26 2.45 1.22 0.00 0.00 0.00 0.00 0.00 0.00 0.00
0 0 0 0 0 0 0 0 0 0 0 0 0 0 0
1.00 2.91 2.52 2.19 4.08 4.26 2.45 1.22 0.00 0.00 0.00 0.00 0.00 0.00 0.00
0 0 0 0 0 0 0 0 0 0 0 0 0 0 0
1.00 2.76 2.11 1.50 3.65 3.46 1.75 1.06 0.00 0.00 0.00 0.00 0.00 0.00 0.00
0 0 0 0 0 0 0 0 0 0 0 0 0 0 0
1.00 1.72 1.19 1.06 2.02 1.86 0.96 0.64 0.00 0.00 0.00 0.00 0.00 0.00 0.00
0 0 0 0 0 0 0 0 0 0 0 0 0 0 0
1.00 1.27 0.81 0.73 1.53 1.34 0.64 0.48 0.00 0.00 0.00 0.00 0.00 0.00 0.00
0 0 0 0 0 0 0 0 0 0 0 0 0 0 0
1.00 -0.44 -0.60 -1.08 -0.85 -1.46 -1.60 -0.39 0.00 0.00 0.00 0.00 0.00 0.00 0.00
0 0 0 0 0 0 0 0 0 0 0 0 0 0 0
1.00 -2.75 -3.08 -3.41 -4.22 -5.81 -4.02 -1.51 0.00 0.00 0.00 0.00 0.00 0.00 0.00
0 0 0 0 0 0 0 0 0 0 0 0 0 0 0
1.00 -1.08 -1.66 -1.89 -2.19 -3.56 -2.46 -0.85 0.00 0.00 0.00 0.00 0.00 0.00 0.00
0 0 0 0 0 0 0 0 0 0 0 0 0 0 0
1.00 -2.85 -2.76 -2.83 -3.73 -4.44 -3.02 -1.19 0.00 0.00 0.00 0.00 0.00 0.00 0.00
0 0 0 0 0 0 0 0 0 0 0 0 0 0 0
1.00 -3.22 -2.82 -2.65 -3.74 -3.99 -2.74 -1.23 0.00 0.00 0.00 0.00 0.00 0.00 0.00
0 0 0 0 0 0 0 0 0 0 0 0 0 0 0
