1.00 -0.19 -0.24 -0.21 -0.40 -0.41 -0.38 -0.05 0.00 0.00 0.00 0.00 0.00 0.00 0.00
1.00 -0.89 -0.85 -0.56 -0.95 -0.98 -0.42 -0.35 0.00 0.00 0.00 0.00 0.00 0.00 0.00
1.00 -1.15 -0.87 -0.59 -1.20 -1.16 -0.70 -0.39 0.00 0.00 0.00 0.00 0.00 0.00 0.00
0 0 0 0 0 0 0 0 0 0 0 0 0 0 0
1.00 -0.37 -0.42 -0.24 -0.40 -0.48 -0.26 -0.08 0.00 0.00 0.00 0.00 0.00 0.00 0.00
0 0 0 0 0 0 0 0 0 0 0 0 0 0 0
1.00 -0.37 -0.42 -0.24 -0.40 -0.48 -0.26 -0.08 0.00 0.00 0.00 0.00 0.00 0.00 0.00
0 0 0 0 0 0 0 0 0 0 0 0 0 0 0
1.00 -0.34 -0.39 -0.21 -0.34 -0.51 -0.22 -0.19 0.00 0.00 0.00 0.00 0.00 0.00 0.00
0 0 0 0 0 0 0 0 0 0 0 0 0 0 0
1.00 -0.38 -0.30 -0.29 -0.35 -0.30 -0.39 -0.15 0.00 0.00 0.00 0.00 0.00 0.00 0.00
0 0 0 0 0 0 0 0 0 0 0 0 0 0 0
1.00 -0.50 -0.35 -0.31 -0.40 -0.48 -0.27 -0.18 0.00 0.00 0.00 0.00 0.00 0.00 0.00
0 0 0 0 0 0 0 0 0 0 0 0 0 0 0
1.00 -0.42 -0.31 -0.29 -0.32 -0.40 -0.23 -0.16 0.00 0.00 0.00 0.00 0.00 0.00 0.00
0 0 0 0 0 0 0 0 0 0 0 0 0 0 0
1.00 -0.23 -0.15 -0.17 -0.16 -0.02 -0.05 -0.02 0.00 0.00 0.00 0.00 0.00 0.00 0.00
0 0 0 0 0 0 0 0 0 0 0 0 0 0 0
1.00 -0.12 -0.10 -0.10 -0.15 -0.06 0.06 -0.06 0.00 0.00 0.00 0.00 0.00 0.00 0.00
0 0 0 0 0 0 0 0 0 0 0 0 0 0 0
1.00 -0.03 -0.06 -0.08 -0.13 0.10 -0.08 -0.05 0.00 0.00 0.00 0.00 0.00 0.00 0.00
0 0 0 0 0 0 0 0 0 0 0 0 0 0 0
1.00 -0.07 -0.15 -0.02 -0.08 -0.17 -0.10 -0.06 0.00 0.00 0.00 0.00 0.00 0.00 0.00
0 0 0 0 0 0 0 0 0 0 0 0 0 0 0
