1.00 1.18 1.80 2.24 0.94 2.60 2.43 0.59 0.00 0.00 0.00 0.00 0.00 0.00 0.00
1.00 2.53 2.54 2.32 3.37 4.22 2.83 1.15 0.00 0.00 0.00 0.00 0.00 0.00 0.00
1.00 2.94 2.59 2.17 4.21 4.50 2.64 1.28 0.00 0.00 0.00 0.00 0.00 0.00 0.00
0 0 0 0 0 0 0 0 0 0 0 0 0 0 0
1.00 2.66 2.03 1.39 3.78 3.48 1.61 1.05 0.00 0.00 0.00 0.00 0.00 0.00 0.00
0 0 0 0 0 0 0 0 0 0 0 0 0 0 0
1.00 2.66 2.03 1.39 3.78 3.48 1.61 1.05 0.00 0.00 0.00 0.00 0.00 0.00 0.00
0 0 0 0 0 0 0 0 0 0 0 0 0 0 0
1.00 3.17 2.91 2.74 4.82 5.20 3.18 1.44 0.00 0.00 0.00 0.00 0.00 0.00 0.00
0 0 0 0 0 0 0 0 0 0 0 0 0 0 0
1.00 2.18 1.55 1.23 2.61 2.54 1.07 0.75 0.00 0.00 0.00 0.00 0.00 0.00 0.00
0 0 0 0 0 0 0 0 0 0 0 0 0 0 0
1.00 0.02 -0.27 -0.77 -0.61 -1.35 -1.39 -0.26 0.00 0.00 0.00 0.00 0.00 0.00 0.00
0 0 0 0 0 0 0 0 0 0 0 0 0 0 0
1.00 -2.42 -2.83 -3.13 -4.06 -5.49 -3.91 -1.44 0.00 0.00 0.00 0.00 0.00 0.00 0.00
0 0 0 0 0 0 0 0 0 0 0 0 0 0 0
1.00 -5.03 -4.99 -4.74 -6.84 -8.06 -5.20 -2.23 0.00 0.00 0.00 0.00 0.00 0.00 0.00
0 0 0 0 0 0 0 0 0 0 0 0 0 0 0
1.00 -3.43 -3.12 -2.76 -4.29 -4.73 -2.88 -1.37 0.00 0.00 0.00 0.00 0.00 0.00 0.00
0 0 0 0 0 0 0 0 0 0 0 0 0 0 0
1.00 -3.19 -2.75 -2.50 -3.44 -3.91 -2.50 -1.24 0.00 0.00 0.00 0.00 0.00 0.00 0.00
0 0 0 0 0 0 0 0 0 0 0 0 0 0 0
1.00 -2.82 -2.43 -2.10 -3.05 -3.15 -2.16 -0.99 0.00 0.00 0.00 0.00 0.00 0.00 0.00
0 0 0 0 0 0 0 0 0 0 0 0 0 0 0
