1.00 0.78 1.78 2.29 0.42 2.27 2.52 0.57 0.00 0.00 0.00 0.00 0.00 0.00 0.00
1.00 2.89 2.81 2.72 3.72 4.62 3.04 1.27 0.00 0.00 0.00 0.00 0.00 0.00 0.00
1.00 3.40 2.95 2.36 4.71 4.94 2.86 1.44 0.00 0.00 0.00 0.00 0.00 0.00 0.00
0 0 0 0 0 0 0 0 0 0 0 0 0 0 0
1.00 3.04 2.33 1.80 4.25 4.03 2.17 1.21 0.00 0.00 0.00 0.00 0.00 0.00 0.00
0 0 0 0 0 0 0 0 0 0 0 0 0 0 0
1.00 3.04 2.33 1.80 4.25 4.03 2.17 1.21 0.00 0.00 0.00 0.00 0.00 0.00 0.00
0 0 0 0 0 0 0 0 0 0 0 0 0 0 0
1.00 3.44 3.07 3.00 5.11 5.58 3.62 1.62 0.00 0.00 0.00 0.00 0.00 0.00 0.00
0 0 0 0 0 0 0 0 0 0 0 0 0 0 0
1.00 2.23 1.91 1.65 3.23 3.26 1.56 0.91 0.00 0.00 0.00 0.00 0.00 0.00 0.00
0 0 0 0 0 0 0 0 0 0 0 0 0 0 0
1.00 0.58 0.18 -0.27 0.39 -0.26 -0.81 -0.05 0.00 0.00 0.00 0.00 0.00 0.00 0.00
0 0 0 0 0 0 0 0 0 0 0 0 0 0 0
1.00 -2.04 -2.46 -2.78 -3.62 -5.01 -3.76 -1.33 0.00 0.00 0.00 0.00 0.00 0.00 0.00
0 0 0 0 0 0 0 0 0 0 0 0 0 0 0
1.00 -5.14 -5.32 -5.28 -7.54 -9.06 -5.99 -2.51 0.00 0.00 0.00 0.00 0.00 0.00 0.00
0 0 0 0 0 0 0 0 0 0 0 0 0 0 0
1.00 -3.88 -3.68 -3.32 -5.09 -5.69 -3.44 -1.68 0.00 0.00 0.00 0.00 0.00 0.00 0.00
0 0 0 0 0 0 0 0 0 0 0 0 0 0 0
1.00 -3.78 -3.27 -3.01 -4.58 -4.74 -3.14 -1.47 0.00 0.00 0.00 0.00 0.00 0.00 0.00
0 0 0 0 0 0 0 0 0 0 0 0 0 0 0
1.00 -3.50 -2.91 -2.50 -3.86 -3.90 -2.54 -1.20 0.00 0.00 0.00 0.00 0.00 0.00 0.00
0 0 0 0 0 0 0 0 0 0 0 0 0 0 0
