1.00 -2.74 -2.56 -2.19 -3.60 -4.20 -2.62 -1.25 0.00 0.00 0.00 0.00 0.00 0.00 0.00
1.00 -2.06 -1.08 0.09 -3.15 -2.17 -0.24 -0.68 0.00 0.00 0.00 0.00 0.00 0.00 0.00
1.00 2.81 3.16 3.11 3.43 4.73 3.56 1.37 0.00 0.00 0.00 0.00 0.00 0.00 0.00
0 0 0 0 0 0 0 0 0 0 0 0 0 0 0
1.00 3.80 3.38 3.11 4.96 5.54 3.81 1.59 0.00 0.00 0.00 0.00 0.00 0.00 0.00
0 0 0 0 0 0 0 0 0 0 0 0 0 0 0
1.00 3.80 3.38 3.11 4.96 5.54 3.81 1.59 0.00 0.00 0.00 0.00 0.00 0.00 0.00
0 0 0 0 0 0 0 0 0 0 0 0 0 0 0
1.00 3.82 3.32 2.89 5.35 5.74 3.50 1.68 0.00 0.00 0.00 0.00 0.00 0.00 0.00
0 0 0 0 0 0 0 0 0 0 0 0 0 0 0
1.00 2.50 2.27 1.93 3.65 4.03 2.57 1.20 0.00 0.00 0.00 0.00 0.00 0.00 0.00
0 0 0 0 0 0 0 0 0 0 0 0 0 0 0
1.00 1.47 0.96 0.65 2.01 1.42 0.51 0.52 0.00 0.00 0.00 0.00 0.00 0.00 0.00
0 0 0 0 0 0 0 0 0 0 0 0 0 0 0
1.00 -0.68 -1.27 -1.85 -1.59 -3.05 -2.94 -0.69 0.00 0.00 0.00 0.00 0.00 0.00 0.00
0 0 0 0 0 0 0 0 0 0 0 0 0 0 0
1.00 3.12 2.50 1.86 3.64 3.11 1.30 1.07 0.00 0.00 0.00 0.00 0.00 0.00 0.00
0 0 0 0 0 0 0 0 0 0 0 0 0 0 0
1.00 0.43 -0.23 -1.02 -0.50 -1.80 -1.76 -0.31 0.00 0.00 0.00 0.00 0.00 0.00 0.00
0 0 0 0 0 0 0 0 0 0 0 0 0 0 0
1.00 -2.44 -2.87 -2.87 -4.08 -5.07 -3.34 -1.33 0.00 0.00 0.00 0.00 0.00 0.00 0.00
0 0 0 0 0 0 0 0 0 0 0 0 0 0 0
1.00 -3.92 -3.48 -3.02 -5.02 -5.23 -3.04 -1.58 0.00 0.00 0.00 0.00 0.00 0.00 0.00
0 0 0 0 0 0 0 0 0 0 0 0 0 0 0
