1.00 1.04 0.88 0.70 1.27 1.42 0.74 0.42 0.00 0.00 0.00 0.00 0.00 0.00 0.00
1.00 0.85 0.55 0.55 0.83 0.97 0.57 0.31 0.00 0.00 0.00 0.00 0.00 0.00 0.00
1.00 0.47 0.29 -0.07 0.43 0.49 -0.06 0.09 0.00 0.00 0.00 0.00 0.00 0.00 0.00
0 0 0 0 0 0 0 0 0 0 0 0 0 0 0
1.00 0.17 0.11 -0.15 0.14 0.08 -0.24 0.02 0.00 0.00 0.00 0.00 0.00 0.00 0.00
0 0 0 0 0 0 0 0 0 0 0 0 0 0 0
1.00 0.17 0.11 -0.15 0.14 0.08 -0.24 0.02 0.00 0.00 0.00 0.00 0.00 0.00 0.00
0 0 0 0 0 0 0 0 0 0 0 0 0 0 0
1.00 -0.73 -0.65 -0.25 -0.76 -0.90 -0.42 -0.23 0.00 0.00 0.00 0.00 0.00 0.00 0.00
0 0 0 0 0 0 0 0 0 0 0 0 0 0 0
1.00 -0.26 -0.11 0.27 -0.24 -0.21 0.03 -0.04 0.00 0.00 0.00 0.00 0.00 0.00 0.00
0 0 0 0 0 0 0 0 0 0 0 0 0 0 0
1.00 -0.24 -0.10 0.27 -0.23 -0.21 0.03 -0.04 0.00 0.00 0.00 0.00 0.00 0.00 0.00
0 0 0 0 0 0 0 0 0 0 0 0 0 0 0
1.00 -0.40 -0.29 -0.15 -0.44 -0.38 -0.23 -0.13 0.00 0.00 0.00 0.00 0.00 0.00 0.00
0 0 0 0 0 0 0 0 0 0 0 0 0 0 0
1.00 -0.49 -0.51 -0.46 -0.44 -0.71 -0.45 -0.19 0.00 0.00 0.00 0.00 0.00 0.00 0.00
0 0 0 0 0 0 0 0 0 0 0 0 0 0 0
1.00 -0.67 -0.62 -0.67 -0.78 -1.14 -0.75 -0.27 0.00 0.00 0.00 0.00 0.00 0.00 0.00
0 0 0 0 0 0 0 0 0 0 0 0 0 0 0
1.00 -0.85 -0.84 -0.95 -0.95 -1.31 -0.80 -0.47 0.00 0.00 0.00 0.00 0.00 0.00 0.00
0 0 0 0 0 0 0 0 0 0 0 0 0 0 0
1.00 -0.41 -0.51 -0.48 -0.47 -0.72 -0.45 -0.24 0.00 0.00 0.00 0.00 0.00 0.00 0.00
0 0 0 0 0 0 0 0 0 0 0 0 0 0 0
