1.00 0.11 -0.29 -0.57 -0.05 -0.47 -0.55 -0.08 0.00 0.00 0.00 0.00 0.00 0.00 0.00
1.00 -1.09 -1.10 -0.75 -0.91 -1.30 -0.70 -0.38 0.00 0.00 0.00 0.00 0.00 0.00 0.00
1.00 -1.36 -0.97 -0.71 -1.27 -1.31 -0.70 -0.42 0.00 0.00 0.00 0.00 0.00 0.00 0.00
0 0 0 0 0 0 0 0 0 0 0 0 0 0 0
1.00 -1.07 -1.00 -0.68 -1.05 -1.20 -0.68 -0.31 0.00 0.00 0.00 0.00 0.00 0.00 0.00
0 0 0 0 0 0 0 0 0 0 0 0 0 0 0
1.00 -1.07 -1.00 -0.68 -1.05 -1.20 -0.68 -0.31 0.00 0.00 0.00 0.00 0.00 0.00 0.00
0 0 0 0 0 0 0 0 0 0 0 0 0 0 0
1.00 -0.62 -0.43 -0.23 -0.58 -0.52 -0.07 -0.11 0.00 0.00 0.00 0.00 0.00 0.00 0.00
0 0 0 0 0 0 0 0 0 0 0 0 0 0 0
1.00 -0.63 -0.38 -0.31 -0.42 -0.45 -0.29 -0.19 0.00 0.00 0.00 0.00 0.00 0.00 0.00
0 0 0 0 0 0 0 0 0 0 0 0 0 0 0
1.00 -0.36 -0.32 -0.23 -0.31 -0.33 -0.35 -0.10 0.00 0.00 0.00 0.00 0.00 0.00 0.00
0 0 0 0 0 0 0 0 0 0 0 0 0 0 0
1.00 -0.26 -0.24 -0.18 -0.22 -0.23 -0.28 -0.07 0.00 0.00 0.00 0.00 0.00 0.00 0.00
0 0 0 0 0 0 0 0 0 0 0 0 0 0 0
1.00 -0.15 -0.11 -0.10 -0.18 -0.26 -0.02 -0.02 0.00 0.00 0.00 0.00 0.00 0.00 0.00
0 0 0 0 0 0 0 0 0 0 0 0 0 0 0
1.00 -0.06 -0.05 -0.09 -0.13 -0.15 0.07 0.01 0.00 0.00 0.00 0.00 0.00 0.00 0.00
0 0 0 0 0 0 0 0 0 0 0 0 0 0 0
1.00 -0.04 0.01 0.06 -0.08 -0.04 -0.02 -0.02 0.00 0.00 0.00 0.00 0.00 0.00 0.00
0 0 0 0 0 0 0 0 0 0 0 0 0 0 0
1.00 0.07 0.06 0.05 0.05 0.01 -0.02 0.06 0.00 0.00 0.00 0.00 0.00 0.00 0.00
0 0 0 0 0 0 0 0 0 0 0 0 0 0 0
