1.00 -0.21 -0.37 -0.40 -0.11 -0.51 -0.46 -0.08 0.00 0.00 0.00 0.00 0.00 0.00 0.00
1.00 -0.64 -0.49 -0.31 -0.53 -0.67 -0.26 -0.20 0.00 0.00 0.00 0.00 0.00 0.00 0.00
1.00 -0.50 -0.59 -0.25 -0.55 -0.63 -0.29 -0.20 0.00 0.00 0.00 0.00 0.00 0.00 0.00
0 0 0 0 0 0 0 0 0 0 0 0 0 0 0
1.00 -0.53 -0.48 -0.37 -0.45 -0.61 -0.33 -0.15 0.00 0.00 0.00 0.00 0.00 0.00 0.00
0 0 0 0 0 0 0 0 0 0 0 0 0 0 0
1.00 -0.53 -0.48 -0.37 -0.45 -0.61 -0.33 -0.15 0.00 0.00 0.00 0.00 0.00 0.00 0.00
0 0 0 0 0 0 0 0 0 0 0 0 0 0 0
1.00 -0.54 -0.40 -0.28 -0.59 -0.51 -0.24 -0.17 0.00 0.00 0.00 0.00 0.00 0.00 0.00
0 0 0 0 0 0 0 0 0 0 0 0 0 0 0
1.00 -0.36 -0.20 -0.06 -0.21 -0.27 -0.21 -0.09 0.00 0.00 0.00 0.00 0.00 0.00 0.00
0 0 0 0 0 0 0 0 0 0 0 0 0 0 0
1.00 -0.14 -0.10 -0.08 -0.17 -0.19 -0.31 -0.01 0.00 0.00 0.00 0.00 0.00 0.00 0.00
0 0 0 0 0 0 0 0 0 0 0 0 0 0 0
1.00 -0.14 -0.15 -0.17 -0.25 -0.31 0.10 -0.07 0.00 0.00 0.00 0.00 0.00 0.00 0.00
0 0 0 0 0 0 0 0 0 0 0 0 0 0 0
1.00 -0.05 -0.08 -0.09 -0.08 0.06 -0.12 -0.01 0.00 0.00 0.00 0.00 0.00 0.00 0.00
0 0 0 0 0 0 0 0 0 0 0 0 0 0 0
1.00 -0.20 -0.15 -0.22 -0.27 -0.15 -0.19 -0.18 0.00 0.00 0.00 0.00 0.00 0.00 0.00
0 0 0 0 0 0 0 0 0 0 0 0 0 0 0
1.00 -0.14 -0.17 -0.15 -0.08 -0.07 -0.36 -0.14 0.00 0.00 0.00 0.00 0.00 0.00 0.00
0 0 0 0 0 0 0 0 0 0 0 0 0 0 0
1.00 -0.03 0.08 0.08 -0.09 0.06 0.13 0.06 0.00 0.00 0.00 0.00 0.00 0.00 0.00
0 0 0 0 0 0 0 0 0 0 0 0 0 0 0
