1.00 1.17 0.88 0.64 1.14 1.31 0.54 0.35 0.00 0.00 0.00 0.00 0.00 0.00 0.00
1.00 0.76 0.51 0.25 0.81 0.81 0.36 0.23 0.00 0.00 0.00 0.00 0.00 0.00 0.00
1.00 0.47 0.21 0.10 0.39 0.34 0.15 0.07 0.00 0.00 0.00 0.00 0.00 0.00 0.00
0 0 0 0 0 0 0 0 0 0 0 0 0 0 0
1.00 -0.10 -0.11 -0.07 -0.11 -0.15 -0.24 -0.06 0.00 0.00 0.00 0.00 0.00 0.00 0.00
0 0 0 0 0 0 0 0 0 0 0 0 0 0 0
1.00 -0.10 -0.11 -0.07 -0.11 -0.15 -0.24 -0.06 0.00 0.00 0.00 0.00 0.00 0.00 0.00
0 0 0 0 0 0 0 0 0 0 0 0 0 0 0
1.00 0.30 0.02 0.18 0.33 0.03 0.08 0.08 0.00 0.00 0.00 0.00 0.00 0.00 0.00
0 0 0 0 0 0 0 0 0 0 0 0 0 0 0
1.00 -0.29 -0.17 0.06 -0.19 -0.20 0.09 -0.06 0.00 0.00 0.00 0.00 0.00 0.00 0.00
0 0 0 0 0 0 0 0 0 0 0 0 0 0 0
1.00 -0.55 -0.27 -0.13 -0.58 -0.60 -0.37 -0.10 0.00 0.00 0.00 0.00 0.00 0.00 0.00
0 0 0 0 0 0 0 0 0 0 0 0 0 0 0
1.00 -0.67 -0.55 -0.50 -0.97 -0.87 -0.63 -0.30 0.00 0.00 0.00 0.00 0.00 0.00 0.00
0 0 0 0 0 0 0 0 0 0 0 0 0 0 0
1.00 -0.99 -0.80 -0.72 -1.07 -1.41 -0.68 -0.35 0.00 0.00 0.00 0.00 0.00 0.00 0.00
0 0 0 0 0 0 0 0 0 0 0 0 0 0 0
1.00 -0.44 -0.44 -0.40 -0.38 -0.50 -0.60 -0.15 0.00 0.00 0.00 0.00 0.00 0.00 0.00
0 0 0 0 0 0 0 0 0 0 0 0 0 0 0
1.00 -0.49 -0.59 -0.37 -0.49 -0.76 -0.44 -0.20 0.00 0.00 0.00 0.00 0.00 0.00 0.00
0 0 0 0 0 0 0 0 0 0 0 0 0 0 0
1.00 -0.53 -0.45 -0.47 -0.58 -0.88 -0.42 -0.18 0.00 0.00 0.00 0.00 0.00 0.00 0.00
0 0 0 0 0 0 0 0 0 0 0 0 0 0 0
