1.00 1.23 1.23 1.31 1.24 1.46 1.04 0.43 0.00 0.00 0.00 0.00 0.00 0.00 0.00
1.00 0.84 0.73 0.84 0.82 1.06 0.87 0.31 0.00 0.00 0.00 0.00 0.00 0.00 0.00
1.00 0.86 0.84 0.92 0.92 0.83 0.56 0.29 0.00 0.00 0.00 0.00 0.00 0.00 0.00
0 0 0 0 0 0 0 0 0 0 0 0 0 0 0
1.00 0.59 0.56 0.45 0.45 0.40 0.17 0.13 0.00 0.00 0.00 0.00 0.00 0.00 0.00
0 0 0 0 0 0 0 0 0 0 0 0 0 0 0
1.00 0.59 0.56 0.45 0.45 0.40 0.17 0.13 0.00 0.00 0.00 0.00 0.00 0.00 0.00
0 0 0 0 0 0 0 0 0 0 0 0 0 0 0
1.00 0.03 -0.16 -0.12 -0.19 -0.41 -0.42 -0.03 0.00 0.00 0.00 0.00 0.00 0.00 0.00
0 0 0 0 0 0 0 0 0 0 0 0 0 0 0
1.00 0.14 0.10 0.06 0.05 -0.04 -0.16 -0.00 0.00 0.00 0.00 0.00 0.00 0.00 0.00
0 0 0 0 0 0 0 0 0 0 0 0 0 0 0
1.00 -0.33 -0.36 -0.42 -0.47 -0.53 -0.43 -0.14 0.00 0.00 0.00 0.00 0.00 0.00 0.00
0 0 0 0 0 0 0 0 0 0 0 0 0 0 0
1.00 -0.96 -0.83 -0.63 -0.93 -1.12 -0.51 -0.35 0.00 0.00 0.00 0.00 0.00 0.00 0.00
0 0 0 0 0 0 0 0 0 0 0 0 0 0 0
1.00 -1.02 -0.88 -0.61 -0.91 -1.06 -0.39 -0.29 0.00 0.00 0.00 0.00 0.00 0.00 0.00
0 0 0 0 0 0 0 0 0 0 0 0 0 0 0
1.00 -0.54 -0.41 -0.26 -0.42 -0.68 -0.17 -0.16 0.00 0.00 0.00 0.00 0.00 0.00 0.00
0 0 0 0 0 0 0 0 0 0 0 0 0 0 0
1.00 -0.52 -0.31 -0.19 -0.45 -0.38 -0.20 -0.10 0.00 0.00 0.00 0.00 0.00 0.00 0.00
0 0 0 0 0 0 0 0 0 0 0 0 0 0 0
1.00 -0.32 -0.29 -0.18 -0.30 -0.25 -0.17 -0.11 0.00 0.00 0.00 0.00 0.00 0.00 0.00
0 0 0 0 0 0 0 0 0 0 0 0 0 0 0
