1.00 1.19 2.43 3.05 1.34 3.73 3.38 0.87 0.00 0.00 0.00 0.00 0.00 0.00 0.00
1.00 4.40 3.63 3.18 6.53 6.64 3.99 1.92 0.00 0.00 0.00 0.00 0.00 0.00 0.00
1.00 3.98 3.11 2.23 5.81 5.59 2.83 1.61 0.00 0.00 0.00 0.00 0.00 0.00 0.00
0 0 0 0 0 0 0 0 0 0 0 0 0 0 0
1.00 3.18 2.60 2.24 4.94 5.12 2.86 1.45 0.00 0.00 0.00 0.00 0.00 0.00 0.00
0 0 0 0 0 0 0 0 0 0 0 0 0 0 0
1.00 3.18 2.60 2.24 4.94 5.12 2.86 1.45 0.00 0.00 0.00 0.00 0.00 0.00 0.00
0 0 0 0 0 0 0 0 0 0 0 0 0 0 0
1.00 2.06 1.64 1.27 2.88 2.79 1.46 0.83 0.00 0.00 0.00 0.00 0.00 0.00 0.00
0 0 0 0 0 0 0 0 0 0 0 0 0 0 0
1.00 0.48 0.33 -0.03 0.56 0.20 -0.34 0.06 0.00 0.00 0.00 0.00 0.00 0.00 0.00
0 0 0 0 0 0 0 0 0 0 0 0 0 0 0
1.00 -1.19 -1.36 -1.52 -2.40 -3.01 -2.33 -0.83 0.00 0.00 0.00 0.00 0.00 0.00 0.00
0 0 0 0 0 0 0 0 0 0 0 0 0 0 0
1.00 -3.30 -3.41 -3.44 -5.37 -6.67 -4.44 -1.81 0.00 0.00 0.00 0.00 0.00 0.00 0.00
0 0 0 0 0 0 0 0 0 0 0 0 0 0 0
1.00 -1.63 -1.72 -1.78 -3.05 -3.79 -2.32 -0.93 0.00 0.00 0.00 0.00 0.00 0.00 0.00
0 0 0 0 0 0 0 0 0 0 0 0 0 0 0
1.00 -2.99 -2.91 -2.82 -4.25 -4.87 -3.20 -1.33 0.00 0.00 0.00 0.00 0.00 0.00 0.00
0 0 0 0 0 0 0 0 0 0 0 0 0 0 0
1.00 -3.62 -3.19 -3.05 -4.56 -4.91 -3.10 -1.45 0.00 0.00 0.00 0.00 0.00 0.00 0.00
0 0 0 0 0 0 0 0 0 0 0 0 0 0 0
1.00 -3.16 -2.80 -2.65 -3.74 -4.07 -2.69 -1.22 0.00 0.00 0.00 0.00 0.00 0.00 0.00
0 0 0 0 0 0 0 0 0 0 0 0 0 0 0
