1.00 -1.86 -1.55 -1.09 -2.34 -2.66 -1.15 -0.70 0.00 0.00 0.00 0.00 0.00 0.00 0.00
1.00 -0.18 0.84 1.53 -0.80 0.50 1.59 0.15 0.00 0.00 0.00 0.00 0.00 0.00 0.00
1.00 2.50 3.04 3.16 2.83 4.77 3.58 1.27 0.00 0.00 0.00 0.00 0.00 0.00 0.00
0 0 0 0 0 0 0 0 0 0 0 0 0 0 0
1.00 4.28 3.61 3.56 5.94 6.55 3.95 1.86 0.00 0.00 0.00 0.00 0.00 0.00 0.00
0 0 0 0 0 0 0 0 0 0 0 0 0 0 0
1.00 4.28 3.61 3.56 5.94 6.55 3.95 1.86 0.00 0.00 0.00 0.00 0.00 0.00 0.00
0 0 0 0 0 0 0 0 0 0 0 0 0 0 0
1.00 2.83 2.54 2.42 3.92 4.50 2.85 1.38 0.00 0.00 0.00 0.00 0.00 0.00 0.00
0 0 0 0 0 0 0 0 0 0 0 0 0 0 0
1.00 2.37 1.95 1.59 3.39 3.46 2.01 1.09 0.00 0.00 0.00 0.00 0.00 0.00 0.00
0 0 0 0 0 0 0 0 0 0 0 0 0 0 0
1.00 1.36 0.97 0.42 2.09 1.41 0.48 0.48 0.00 0.00 0.00 0.00 0.00 0.00 0.00
0 0 0 0 0 0 0 0 0 0 0 0 0 0 0
1.00 -0.13 -0.56 -1.06 -0.41 -1.39 -1.73 -0.38 0.00 0.00 0.00 0.00 0.00 0.00 0.00
0 0 0 0 0 0 0 0 0 0 0 0 0 0 0
1.00 1.96 1.42 0.94 2.11 1.47 0.17 0.48 0.00 0.00 0.00 0.00 0.00 0.00 0.00
0 0 0 0 0 0 0 0 0 0 0 0 0 0 0
1.00 -0.39 -0.98 -1.54 -1.60 -2.91 -2.39 -0.68 0.00 0.00 0.00 0.00 0.00 0.00 0.00
0 0 0 0 0 0 0 0 0 0 0 0 0 0 0
1.00 -3.02 -3.38 -3.46 -4.80 -5.96 -3.90 -1.61 0.00 0.00 0.00 0.00 0.00 0.00 0.00
0 0 0 0 0 0 0 0 0 0 0 0 0 0 0
1.00 -4.32 -4.01 -3.65 -5.59 -6.08 -3.66 -1.84 0.00 0.00 0.00 0.00 0.00 0.00 0.00
0 0 0 0 0 0 0 0 0 0 0 0 0 0 0
