1.00 1.45 1.07 0.77 1.47 1.66 0.78 0.43 0.00 0.00 0.00 0.00 0.00 0.00 0.00
1.00 0.87 0.74 0.57 0.90 1.19 0.67 0.29 0.00 0.00 0.00 0.00 0.00 0.00 0.00
1.00 0.80 0.54 0.30 0.74 0.90 0.36 0.26 0.00 0.00 0.00 0.00 0.00 0.00 0.00
0 0 0 0 0 0 0 0 0 0 0 0 0 0 0
1.00 0.34 0.07 -0.10 0.37 0.20 -0.03 0.15 0.00 0.00 0.00 0.00 0.00 0.00 0.00
0 0 0 0 0 0 0 0 0 0 0 0 0 0 0
1.00 0.34 0.07 -0.10 0.37 0.20 -0.03 0.15 0.00 0.00 0.00 0.00 0.00 0.00 0.00
0 0 0 0 0 0 0 0 0 0 0 0 0 0 0
1.00 -0.23 -0.19 -0.16 -0.21 -0.24 -0.07 -0.11 0.00 0.00 0.00 0.00 0.00 0.00 0.00
0 0 0 0 0 0 0 0 0 0 0 0 0 0 0
1.00 -0.74 -0.49 -0.30 -0.71 -0.90 -0.52 -0.20 0.00 0.00 0.00 0.00 0.00 0.00 0.00
0 0 0 0 0 0 0 0 0 0 0 0 0 0 0
1.00 -0.26 -0.20 0.07 -0.32 -0.38 0.02 -0.05 0.00 0.00 0.00 0.00 0.00 0.00 0.00
0 0 0 0 0 0 0 0 0 0 0 0 0 0 0
1.00 -0.46 -0.34 -0.36 -0.49 -0.66 -0.46 -0.11 0.00 0.00 0.00 0.00 0.00 0.00 0.00
0 0 0 0 0 0 0 0 0 0 0 0 0 0 0
1.00 -0.82 -0.65 -0.68 -0.82 -1.10 -0.66 -0.32 0.00 0.00 0.00 0.00 0.00 0.00 0.00
0 0 0 0 0 0 0 0 0 0 0 0 0 0 0
1.00 -0.92 -0.86 -0.85 -1.00 -1.38 -0.87 -0.41 0.00 0.00 0.00 0.00 0.00 0.00 0.00
0 0 0 0 0 0 0 0 0 0 0 0 0 0 0
1.00 -0.32 -0.41 -0.35 -0.43 -0.57 -0.44 -0.15 0.00 0.00 0.00 0.00 0.00 0.00 0.00
0 0 0 0 0 0 0 0 0 0 0 0 0 0 0
1.00 -0.44 -0.35 -0.40 -0.38 -0.50 -0.45 -0.19 0.00 0.00 0.00 0.00 0.00 0.00 0.00
0 0 0 0 0 0 0 0 0 0 0 0 0 0 0
