1.00 1.93 2.83 3.56 2.00 4.07 3.78 1.06 0.00 0.00 0.00 0.00 0.00 0.00 0.00
1.00 1.55 2.05 2.35 1.61 3.27 2.64 0.81 0.00 0.00 0.00 0.00 0.00 0.00 0.00
1.00 2.87 2.59 2.45 3.79 4.31 2.76 1.33 0.00 0.00 0.00 0.00 0.00 0.00 0.00
0 0 0 0 0 0 0 0 0 0 0 0 0 0 0
1.00 2.82 2.30 1.84 3.93 4.02 2.20 1.12 0.00 0.00 0.00 0.00 0.00 0.00 0.00
0 0 0 0 0 0 0 0 0 0 0 0 0 0 0
1.00 2.82 2.30 1.84 3.93 4.02 2.20 1.12 0.00 0.00 0.00 0.00 0.00 0.00 0.00
0 0 0 0 0 0 0 0 0 0 0 0 0 0 0
1.00 2.34 1.65 1.10 3.52 3.04 1.20 0.92 0.00 0.00 0.00 0.00 0.00 0.00 0.00
0 0 0 0 0 0 0 0 0 0 0 0 0 0 0
1.00 3.26 2.84 2.58 4.97 5.22 2.87 1.34 0.00 0.00 0.00 0.00 0.00 0.00 0.00
0 0 0 0 0 0 0 0 0 0 0 0 0 0 0
1.00 1.99 1.63 1.12 2.66 2.19 0.69 0.63 0.00 0.00 0.00 0.00 0.00 0.00 0.00
0 0 0 0 0 0 0 0 0 0 0 0 0 0 0
1.00 -0.30 -0.95 -1.35 -1.18 -2.42 -2.07 -0.58 0.00 0.00 0.00 0.00 0.00 0.00 0.00
0 0 0 0 0 0 0 0 0 0 0 0 0 0 0
1.00 -3.12 -3.50 -3.85 -5.18 -6.61 -4.35 -1.69 0.00 0.00 0.00 0.00 0.00 0.00 0.00
0 0 0 0 0 0 0 0 0 0 0 0 0 0 0
1.00 -5.50 -5.02 -4.68 -7.32 -8.03 -4.91 -2.28 0.00 0.00 0.00 0.00 0.00 0.00 0.00
0 0 0 0 0 0 0 0 0 0 0 0 0 0 0
1.00 -2.84 -2.49 -2.12 -3.86 -3.97 -2.19 -1.15 0.00 0.00 0.00 0.00 0.00 0.00 0.00
0 0 0 0 0 0 0 0 0 0 0 0 0 0 0
1.00 -2.31 -2.01 -1.93 -2.86 -2.91 -1.85 -0.86 0.00 0.00 0.00 0.00 0.00 0.00 0.00
0 0 0 0 0 0 0 0 0 0 0 0 0 0 0
