1.00 -1.00 -0.79 -0.65 -1.04 -1.22 -0.60 -0.24 0.00 0.00 0.00 0.00 0.00 0.00 0.00
1.00 -0.50 -0.38 -0.19 -0.46 -0.59 -0.25 -0.08 0.00 0.00 0.00 0.00 0.00 0.00 0.00
1.00 -0.46 -0.40 -0.22 -0.57 -0.46 -0.28 -0.06 0.00 0.00 0.00 0.00 0.00 0.00 0.00
0 0 0 0 0 0 0 0 0 0 0 0 0 0 0
1.00 -0.51 -0.41 -0.33 -0.48 -0.48 -0.27 -0.15 0.00 0.00 0.00 0.00 0.00 0.00 0.00
0 0 0 0 0 0 0 0 0 0 0 0 0 0 0
1.00 -0.51 -0.41 -0.33 -0.48 -0.48 -0.27 -0.15 0.00 0.00 0.00 0.00 0.00 0.00 0.00
0 0 0 0 0 0 0 0 0 0 0 0 0 0 0
1.00 -0.68 -0.46 -0.43 -0.48 -0.63 -0.40 -0.24 0.00 0.00 0.00 0.00 0.00 0.00 0.00
0 0 0 0 0 0 0 0 0 0 0 0 0 0 0
1.00 -0.14 -0.21 -0.17 -0.26 -0.23 -0.11 -0.09 0.00 0.00 0.00 0.00 0.00 0.00 0.00
0 0 0 0 0 0 0 0 0 0 0 0 0 0 0
1.00 -0.32 -0.33 -0.27 -0.20 -0.30 -0.26 -0.18 0.00 0.00 0.00 0.00 0.00 0.00 0.00
0 0 0 0 0 0 0 0 0 0 0 0 0 0 0
1.00 -0.15 -0.10 -0.02 -0.12 -0.13 0.02 -0.02 0.00 0.00 0.00 0.00 0.00 0.00 0.00
0 0 0 0 0 0 0 0 0 0 0 0 0 0 0
1.00 -0.16 -0.09 -0.13 -0.07 -0.07 -0.12 0.01 0.00 0.00 0.00 0.00 0.00 0.00 0.00
0 0 0 0 0 0 0 0 0 0 0 0 0 0 0
1.00 -0.14 -0.22 -0.23 -0.04 -0.24 -0.16 -0.13 0.00 0.00 0.00 0.00 0.00 0.00 0.00
0 0 0 0 0 0 0 0 0 0 0 0 0 0 0
1.00 -0.18 -0.05 -0.07 -0.15 0.10 -0.05 -0.05 0.00 0.00 0.00 0.00 0.00 0.00 0.00
0 0 0 0 0 0 0 0 0 0 0 0 0 0 0
1.00 -0.05 -0.05 -0.15 0.02 0.06 -0.10 -0.04 0.00 0.00 0.00 0.00 0.00 0.00 0.00
0 0 0 0 0 0 0 0 0 0 0 0 0 0 0
