1.00 0.71 0.55 0.38 0.71 0.88 0.37 0.26 0.00 0.00 0.00 0.00 0.00 0.00 0.00
1.00 0.68 0.44 0.30 0.58 0.61 0.24 0.13 0.00 0.00 0.00 0.00 0.00 0.00 0.00
1.00 0.23 0.03 0.01 0.24 0.14 0.10 0.02 0.00 0.00 0.00 0.00 0.00 0.00 0.00
0 0 0 0 0 0 0 0 0 0 0 0 0 0 0
1.00 -0.52 -0.34 -0.24 -0.33 -0.53 -0.35 -0.13 0.00 0.00 0.00 0.00 0.00 0.00 0.00
0 0 0 0 0 0 0 0 0 0 0 0 0 0 0
1.00 -0.52 -0.34 -0.24 -0.33 -0.53 -0.35 -0.13 0.00 0.00 0.00 0.00 0.00 0.00 0.00
0 0 0 0 0 0 0 0 0 0 0 0 0 0 0
1.00 -0.94 -0.67 -0.43 -0.94 -1.19 -0.51 -0.28 0.00 0.00 0.00 0.00 0.00 0.00 0.00
0 0 0 0 0 0 0 0 0 0 0 0 0 0 0
1.00 -0.52 -0.26 -0.06 -0.53 -0.50 -0.13 -0.10 0.00 0.00 0.00 0.00 0.00 0.00 0.00
0 0 0 0 0 0 0 0 0 0 0 0 0 0 0
1.00 -0.46 -0.41 -0.41 -0.51 -0.77 -0.47 -0.14 0.00 0.00 0.00 0.00 0.00 0.00 0.00
0 0 0 0 0 0 0 0 0 0 0 0 0 0 0
1.00 -0.76 -0.61 -0.73 -0.82 -1.14 -0.59 -0.30 0.00 0.00 0.00 0.00 0.00 0.00 0.00
0 0 0 0 0 0 0 0 0 0 0 0 0 0 0
1.00 -0.85 -0.93 -0.79 -1.01 -1.44 -0.98 -0.41 0.00 0.00 0.00 0.00 0.00 0.00 0.00
0 0 0 0 0 0 0 0 0 0 0 0 0 0 0
1.00 -0.38 -0.36 -0.48 -0.40 -0.57 -0.51 -0.18 0.00 0.00 0.00 0.00 0.00 0.00 0.00
0 0 0 0 0 0 0 0 0 0 0 0 0 0 0
1.00 -0.38 -0.38 -0.31 -0.39 -0.58 -0.33 -0.09 0.00 0.00 0.00 0.00 0.00 0.00 0.00
0 0 0 0 0 0 0 0 0 0 0 0 0 0 0
1.00 -0.29 -0.30 -0.24 -0.30 -0.46 -0.26 -0.07 0.00 0.00 0.00 0.00 0.00 0.00 0.00
0 0 0 0 0 0 0 0 0 0 0 0 0 0 0
