1.00 -1.64 -1.01 -0.53 -3.18 -3.35 -1.18 -0.74 0.00 0.00 0.00 0.00 0.00 0.00 0.00
1.00 0.03 0.88 1.33 -1.36 0.04 1.07 -0.08 0.00 0.00 0.00 0.00 0.00 0.00 0.00
1.00 1.98 2.38 2.53 2.28 4.04 2.89 0.94 0.00 0.00 0.00 0.00 0.00 0.00 0.00
0 0 0 0 0 0 0 0 0 0 0 0 0 0 0
1.00 3.27 2.90 2.91 5.27 6.03 3.53 1.66 0.00 0.00 0.00 0.00 0.00 0.00 0.00
0 0 0 0 0 0 0 0 0 0 0 0 0 0 0
1.00 3.27 2.90 2.91 5.27 6.03 3.53 1.66 0.00 0.00 0.00 0.00 0.00 0.00 0.00
0 0 0 0 0 0 0 0 0 0 0 0 0 0 0
1.00 3.50 2.96 2.56 6.43 6.46 3.39 1.85 0.00 0.00 0.00 0.00 0.00 0.00 0.00
0 0 0 0 0 0 0 0 0 0 0 0 0 0 0
1.00 2.30 1.71 1.31 4.30 4.32 2.09 1.17 0.00 0.00 0.00 0.00 0.00 0.00 0.00
0 0 0 0 0 0 0 0 0 0 0 0 0 0 0
1.00 1.36 0.80 0.50 2.50 1.59 0.24 0.51 0.00 0.00 0.00 0.00 0.00 0.00 0.00
0 0 0 0 0 0 0 0 0 0 0 0 0 0 0
1.00 3.37 3.24 3.35 6.11 6.69 3.80 1.80 0.00 0.00 0.00 0.00 0.00 0.00 0.00
0 0 0 0 0 0 0 0 0 0 0 0 0 0 0
1.00 2.38 2.15 1.61 3.36 3.09 1.16 0.83 0.00 0.00 0.00 0.00 0.00 0.00 0.00
0 0 0 0 0 0 0 0 0 0 0 0 0 0 0
1.00 0.01 -0.60 -1.27 -1.38 -2.76 -2.30 -0.61 0.00 0.00 0.00 0.00 0.00 0.00 0.00
0 0 0 0 0 0 0 0 0 0 0 0 0 0 0
1.00 -3.56 -4.26 -4.71 -6.72 -8.69 -5.57 -2.17 0.00 0.00 0.00 0.00 0.00 0.00 0.00
0 0 0 0 0 0 0 0 0 0 0 0 0 0 0
1.00 -7.06 -6.60 -6.26 -10.13 -11.29 -6.49 -3.15 0.00 0.00 0.00 0.00 0.00 0.00 0.00
0 0 0 0 0 0 0 0 0 0 0 0 0 0 0
