1.00 -2.15 -2.04 -1.43 -2.75 -3.45 -1.54 -0.95 0.00 0.00 0.00 0.00 0.00 0.00 0.00
1.00 -1.07 -0.09 0.57 -1.75 -0.81 0.61 -0.25 0.00 0.00 0.00 0.00 0.00 0.00 0.00
1.00 1.32 2.10 2.32 1.34 3.04 2.63 0.78 0.00 0.00 0.00 0.00 0.00 0.00 0.00
0 0 0 0 0 0 0 0 0 0 0 0 0 0 0
1.00 3.26 2.90 2.78 4.26 5.19 3.05 1.39 0.00 0.00 0.00 0.00 0.00 0.00 0.00
0 0 0 0 0 0 0 0 0 0 0 0 0 0 0
1.00 3.26 2.90 2.78 4.26 5.19 3.05 1.39 0.00 0.00 0.00 0.00 0.00 0.00 0.00
0 0 0 0 0 0 0 0 0 0 0 0 0 0 0
1.00 3.54 3.11 2.63 5.12 5.36 2.75 1.49 0.00 0.00 0.00 0.00 0.00 0.00 0.00
0 0 0 0 0 0 0 0 0 0 0 0 0 0 0
1.00 2.26 1.77 1.57 3.33 3.45 1.74 0.94 0.00 0.00 0.00 0.00 0.00 0.00 0.00
0 0 0 0 0 0 0 0 0 0 0 0 0 0 0
1.00 1.52 1.11 0.73 2.24 1.70 0.79 0.59 0.00 0.00 0.00 0.00 0.00 0.00 0.00
0 0 0 0 0 0 0 0 0 0 0 0 0 0 0
1.00 0.24 -0.14 -0.61 -0.05 -0.74 -0.87 -0.10 0.00 0.00 0.00 0.00 0.00 0.00 0.00
0 0 0 0 0 0 0 0 0 0 0 0 0 0 0
1.00 3.04 2.71 2.34 3.78 3.76 1.97 1.05 0.00 0.00 0.00 0.00 0.00 0.00 0.00
0 0 0 0 0 0 0 0 0 0 0 0 0 0 0
1.00 1.86 1.36 0.91 1.52 1.10 0.34 0.45 0.00 0.00 0.00 0.00 0.00 0.00 0.00
0 0 0 0 0 0 0 0 0 0 0 0 0 0 0
1.00 0.02 -0.55 -1.06 -1.28 -2.33 -1.64 -0.43 0.00 0.00 0.00 0.00 0.00 0.00 0.00
0 0 0 0 0 0 0 0 0 0 0 0 0 0 0
1.00 -1.96 -2.22 -2.54 -3.47 -4.51 -2.88 -1.09 0.00 0.00 0.00 0.00 0.00 0.00 0.00
0 0 0 0 0 0 0 0 0 0 0 0 0 0 0
