1.00 0.37 0.19 0.13 0.31 0.24 0.11 0.10 0.00 0.00 0.00 0.00 0.00 0.00 0.00
1.00 -0.09 -0.25 -0.25 -0.07 -0.38 -0.11 -0.09 0.00 0.00 0.00 0.00 0.00 0.00 0.00
1.00 -0.62 -0.48 -0.48 -0.66 -0.78 -0.59 -0.23 0.00 0.00 0.00 0.00 0.00 0.00 0.00
0 0 0 0 0 0 0 0 0 0 0 0 0 0 0
1.00 -0.83 -0.66 -0.53 -0.99 -1.12 -0.72 -0.34 0.00 0.00 0.00 0.00 0.00 0.00 0.00
0 0 0 0 0 0 0 0 0 0 0 0 0 0 0
1.00 -0.83 -0.66 -0.53 -0.99 -1.12 -0.72 -0.34 0.00 0.00 0.00 0.00 0.00 0.00 0.00
0 0 0 0 0 0 0 0 0 0 0 0 0 0 0
1.00 -0.32 -0.23 -0.08 -0.41 -0.42 -0.20 -0.10 0.00 0.00 0.00 0.00 0.00 0.00 0.00
0 0 0 0 0 0 0 0 0 0 0 0 0 0 0
1.00 -0.58 -0.47 -0.29 -0.61 -0.77 -0.37 -0.24 0.00 0.00 0.00 0.00 0.00 0.00 0.00
0 0 0 0 0 0 0 0 0 0 0 0 0 0 0
1.00 -0.51 -0.58 -0.68 -0.55 -0.82 -0.61 -0.24 0.00 0.00 0.00 0.00 0.00 0.00 0.00
0 0 0 0 0 0 0 0 0 0 0 0 0 0 0
1.00 -0.75 -0.76 -0.92 -0.70 -1.07 -0.79 -0.33 0.00 0.00 0.00 0.00 0.00 0.00 0.00
0 0 0 0 0 0 0 0 0 0 0 0 0 0 0
1.00 -0.36 -0.34 -0.52 -0.35 -0.53 -0.51 -0.16 0.00 0.00 0.00 0.00 0.00 0.00 0.00
0 0 0 0 0 0 0 0 0 0 0 0 0 0 0
1.00 -0.39 -0.38 -0.40 -0.37 -0.52 -0.40 -0.19 0.00 0.00 0.00 0.00 0.00 0.00 0.00
0 0 0 0 0 0 0 0 0 0 0 0 0 0 0
1.00 -0.25 -0.36 -0.38 -0.27 -0.32 -0.31 -0.08 0.00 0.00 0.00 0.00 0.00 0.00 0.00
0 0 0 0 0 0 0 0 0 0 0 0 0 0 0
1.00 -0.02 -0.15 -0.17 -0.16 -0.16 -0.16 -0.06 0.00 0.00 0.00 0.00 0.00 0.00 0.00
0 0 0 0 0 0 0 0 0 0 0 0 0 0 0
