1.00 1.08 0.97 0.82 0.91 1.09 0.62 0.35 0.00 0.00 0.00 0.00 0.00 0.00 0.00
1.00 1.02 0.70 0.47 1.06 0.85 0.05 0.26 0.00 0.00 0.00 0.00 0.00 0.00 0.00
1.00 0.97 0.71 0.32 0.88 0.72 0.07 0.19 0.00 0.00 0.00 0.00 0.00 0.00 0.00
0 0 0 0 0 0 0 0 0 0 0 0 0 0 0
1.00 -0.19 -0.44 -0.72 -0.40 -0.79 -0.70 -0.10 0.00 0.00 0.00 0.00 0.00 0.00 0.00
0 0 0 0 0 0 0 0 0 0 0 0 0 0 0
1.00 -0.19 -0.44 -0.72 -0.40 -0.79 -0.70 -0.10 0.00 0.00 0.00 0.00 0.00 0.00 0.00
0 0 0 0 0 0 0 0 0 0 0 0 0 0 0
1.00 -1.18 -1.33 -1.21 -1.12 -1.61 -1.05 -0.42 0.00 0.00 0.00 0.00 0.00 0.00 0.00
0 0 0 0 0 0 0 0 0 0 0 0 0 0 0
1.00 -1.31 -1.21 -0.99 -1.19 -1.47 -0.93 -0.38 0.00 0.00 0.00 0.00 0.00 0.00 0.00
0 0 0 0 0 0 0 0 0 0 0 0 0 0 0
1.00 -0.58 -0.39 -0.49 -0.42 -0.52 -0.41 -0.12 0.00 0.00 0.00 0.00 0.00 0.00 0.00
0 0 0 0 0 0 0 0 0 0 0 0 0 0 0
1.00 -0.50 -0.52 -0.42 -0.43 -0.50 -0.34 -0.10 0.00 0.00 0.00 0.00 0.00 0.00 0.00
0 0 0 0 0 0 0 0 0 0 0 0 0 0 0
1.00 -0.44 -0.45 -0.36 -0.36 -0.40 -0.26 -0.08 0.00 0.00 0.00 0.00 0.00 0.00 0.00
0 0 0 0 0 0 0 0 0 0 0 0 0 0 0
1.00 -0.36 -0.33 -0.26 -0.23 -0.49 -0.27 -0.10 0.00 0.00 0.00 0.00 0.00 0.00 0.00
0 0 0 0 0 0 0 0 0 0 0 0 0 0 0
1.00 -0.39 -0.36 -0.09 -0.40 -0.36 -0.20 -0.16 0.00 0.00 0.00 0.00 0.00 0.00 0.00
0 0 0 0 0 0 0 0 0 0 0 0 0 0 0
1.00 -0.29 -0.26 -0.26 -0.27 -0.36 -0.19 -0.14 0.00 0.00 0.00 0.00 0.00 0.00 0.00
0 0 0 0 0 0 0 0 0 0 0 0 0 0 0
