1.00 -0.10 1.13 1.86 -0.79 1.11 1.79 0.20 0.00 0.00 0.00 0.00 0.00 0.00 0.00
1.00 2.40 2.58 2.52 3.15 4.30 2.84 1.07 0.00 0.00 0.00 0.00 0.00 0.00 0.00
1.00 3.27 2.99 2.40 4.69 5.40 2.93 1.50 0.00 0.00 0.00 0.00 0.00 0.00 0.00
0 0 0 0 0 0 0 0 0 0 0 0 0 0 0
1.00 3.31 2.52 2.26 5.14 5.04 2.61 1.45 0.00 0.00 0.00 0.00 0.00 0.00 0.00
0 0 0 0 0 0 0 0 0 0 0 0 0 0 0
1.00 3.31 2.52 2.26 5.14 5.04 2.61 1.45 0.00 0.00 0.00 0.00 0.00 0.00 0.00
0 0 0 0 0 0 0 0 0 0 0 0 0 0 0
1.00 2.23 1.86 1.76 3.80 3.97 2.14 1.10 0.00 0.00 0.00 0.00 0.00 0.00 0.00
0 0 0 0 0 0 0 0 0 0 0 0 0 0 0
1.00 1.31 1.03 0.82 2.17 2.26 1.05 0.52 0.00 0.00 0.00 0.00 0.00 0.00 0.00
0 0 0 0 0 0 0 0 0 0 0 0 0 0 0
1.00 0.09 -0.17 -0.53 0.17 -0.49 -0.73 -0.16 0.00 0.00 0.00 0.00 0.00 0.00 0.00
0 0 0 0 0 0 0 0 0 0 0 0 0 0 0
1.00 -1.51 -1.97 -2.40 -3.00 -4.56 -3.54 -1.10 0.00 0.00 0.00 0.00 0.00 0.00 0.00
0 0 0 0 0 0 0 0 0 0 0 0 0 0 0
1.00 -0.04 -0.54 -1.01 -1.26 -2.43 -1.89 -0.48 0.00 0.00 0.00 0.00 0.00 0.00 0.00
0 0 0 0 0 0 0 0 0 0 0 0 0 0 0
1.00 -2.48 -2.97 -3.45 -4.56 -6.23 -4.08 -1.47 0.00 0.00 0.00 0.00 0.00 0.00 0.00
0 0 0 0 0 0 0 0 0 0 0 0 0 0 0
1.00 -4.63 -4.50 -4.20 -6.63 -7.25 -4.31 -2.05 0.00 0.00 0.00 0.00 0.00 0.00 0.00
0 0 0 0 0 0 0 0 0 0 0 0 0 0 0
1.00 -4.61 -4.25 -3.72 -5.96 -6.43 -3.80 -1.84 0.00 0.00 0.00 0.00 0.00 0.00 0.00
0 0 0 0 0 0 0 0 0 0 0 0 0 0 0
