1.00 0.93 0.83 0.41 0.97 1.05 0.20 0.33 0.00 0.00 0.00 0.00 0.00 0.00 0.00
1.00 0.78 0.74 0.27 0.79 0.96 0.16 0.25 0.00 0.00 0.00 0.00 0.00 0.00 0.00
1.00 0.57 0.34 0.12 0.50 0.48 0.31 0.15 0.00 0.00 0.00 0.00 0.00 0.00 0.00
0 0 0 0 0 0 0 0 0 0 0 0 0 0 0
1.00 0.34 0.19 0.21 0.39 0.16 0.23 0.13 0.00 0.00 0.00 0.00 0.00 0.00 0.00
0 0 0 0 0 0 0 0 0 0 0 0 0 0 0
1.00 0.34 0.19 0.21 0.39 0.16 0.23 0.13 0.00 0.00 0.00 0.00 0.00 0.00 0.00
0 0 0 0 0 0 0 0 0 0 0 0 0 0 0
1.00 -0.16 -0.22 -0.10 -0.05 -0.22 -0.24 -0.07 0.00 0.00 0.00 0.00 0.00 0.00 0.00
0 0 0 0 0 0 0 0 0 0 0 0 0 0 0
1.00 -1.10 -0.89 -0.45 -1.19 -1.31 -0.63 -0.32 0.00 0.00 0.00 0.00 0.00 0.00 0.00
0 0 0 0 0 0 0 0 0 0 0 0 0 0 0
1.00 -0.75 -0.58 -0.48 -0.76 -0.85 -0.46 -0.26 0.00 0.00 0.00 0.00 0.00 0.00 0.00
0 0 0 0 0 0 0 0 0 0 0 0 0 0 0
1.00 -0.91 -0.68 -0.64 -1.15 -1.12 -0.61 -0.31 0.00 0.00 0.00 0.00 0.00 0.00 0.00
0 0 0 0 0 0 0 0 0 0 0 0 0 0 0
1.00 -0.90 -0.88 -0.61 -0.94 -1.21 -0.58 -0.34 0.00 0.00 0.00 0.00 0.00 0.00 0.00
0 0 0 0 0 0 0 0 0 0 0 0 0 0 0
1.00 -0.32 -0.34 -0.05 -0.38 -0.36 -0.16 -0.17 0.00 0.00 0.00 0.00 0.00 0.00 0.00
0 0 0 0 0 0 0 0 0 0 0 0 0 0 0
1.00 -0.21 -0.12 -0.09 -0.27 -0.21 -0.29 0.01 0.00 0.00 0.00 0.00 0.00 0.00 0.00
0 0 0 0 0 0 0 0 0 0 0 0 0 0 0
1.00 -0.14 -0.05 -0.05 -0.19 -0.11 -0.25 0.03 0.00 0.00 0.00 0.00 0.00 0.00 0.00
0 0 0 0 0 0 0 0 0 0 0 0 0 0 0
