1.00 -1.19 -1.27 -1.17 -1.23 -1.44 -1.17 -0.42 0.00 0.00 0.00 0.00 0.00 0.00 0.00
1.00 -0.57 -0.58 -0.42 -0.61 -0.72 -0.45 -0.22 0.00 0.00 0.00 0.00 0.00 0.00 0.00
1.00 -0.85 -0.94 -0.89 -0.79 -0.93 -0.85 -0.29 0.00 0.00 0.00 0.00 0.00 0.00 0.00
0 0 0 0 0 0 0 0 0 0 0 0 0 0 0
1.00 -0.71 -0.80 -0.77 -0.66 -0.79 -0.75 -0.24 0.00 0.00 0.00 0.00 0.00 0.00 0.00
0 0 0 0 0 0 0 0 0 0 0 0 0 0 0
1.00 -0.71 -0.80 -0.77 -0.66 -0.79 -0.75 -0.24 0.00 0.00 0.00 0.00 0.00 0.00 0.00
0 0 0 0 0 0 0 0 0 0 0 0 0 0 0
1.00 -1.25 -0.89 -0.63 -1.26 -1.08 -0.63 -0.31 0.00 0.00 0.00 0.00 0.00 0.00 0.00
0 0 0 0 0 0 0 0 0 0 0 0 0 0 0
1.00 -1.30 -0.97 -0.83 -0.97 -1.00 -0.64 -0.38 0.00 0.00 0.00 0.00 0.00 0.00 0.00
0 0 0 0 0 0 0 0 0 0 0 0 0 0 0
1.00 -1.17 -0.88 -0.68 -1.08 -0.86 -0.59 -0.32 0.00 0.00 0.00 0.00 0.00 0.00 0.00
0 0 0 0 0 0 0 0 0 0 0 0 0 0 0
1.00 -0.61 -0.38 -0.39 -0.58 -0.39 -0.29 -0.08 0.00 0.00 0.00 0.00 0.00 0.00 0.00
0 0 0 0 0 0 0 0 0 0 0 0 0 0 0
1.00 -0.41 -0.34 -0.12 -0.41 -0.32 -0.03 -0.12 0.00 0.00 0.00 0.00 0.00 0.00 0.00
0 0 0 0 0 0 0 0 0 0 0 0 0 0 0
1.00 -0.27 -0.21 -0.29 -0.22 -0.14 -0.18 -0.07 0.00 0.00 0.00 0.00 0.00 0.00 0.00
0 0 0 0 0 0 0 0 0 0 0 0 0 0 0
1.00 -0.19 0.03 -0.09 -0.24 -0.00 -0.19 -0.03 0.00 0.00 0.00 0.00 0.00 0.00 0.00
0 0 0 0 0 0 0 0 0 0 0 0 0 0 0
1.00 0.06 0.06 0.22 0.23 0.13 0.16 0.02 0.00 0.00 0.00 0.00 0.00 0.00 0.00
0 0 0 0 0 0 0 0 0 0 0 0 0 0 0
