1.00 0.40 1.55 2.16 -0.27 1.77 2.39 0.38 0.00 0.00 0.00 0.00 0.00 0.00 0.00
1.00 3.07 3.30 3.27 4.03 5.52 3.67 1.49 0.00 0.00 0.00 0.00 0.00 0.00 0.00
1.00 4.68 3.89 3.42 7.03 7.18 3.78 2.01 0.00 0.00 0.00 0.00 0.00 0.00 0.00
0 0 0 0 0 0 0 0 0 0 0 0 0 0 0
1.00 3.69 3.43 3.25 6.08 6.67 4.00 1.78 0.00 0.00 0.00 0.00 0.00 0.00 0.00
0 0 0 0 0 0 0 0 0 0 0 0 0 0 0
1.00 3.69 3.43 3.25 6.08 6.67 4.00 1.78 0.00 0.00 0.00 0.00 0.00 0.00 0.00
0 0 0 0 0 0 0 0 0 0 0 0 0 0 0
1.00 2.83 2.51 2.31 4.45 4.84 2.79 1.33 0.00 0.00 0.00 0.00 0.00 0.00 0.00
0 0 0 0 0 0 0 0 0 0 0 0 0 0 0
1.00 1.47 1.07 0.78 2.00 1.65 0.47 0.47 0.00 0.00 0.00 0.00 0.00 0.00 0.00
0 0 0 0 0 0 0 0 0 0 0 0 0 0 0
1.00 1.06 0.75 0.52 1.53 1.20 0.24 0.33 0.00 0.00 0.00 0.00 0.00 0.00 0.00
0 0 0 0 0 0 0 0 0 0 0 0 0 0 0
1.00 -1.01 -1.52 -1.71 -2.13 -3.25 -2.39 -0.82 0.00 0.00 0.00 0.00 0.00 0.00 0.00
0 0 0 0 0 0 0 0 0 0 0 0 0 0 0
1.00 -3.90 -4.04 -4.43 -6.42 -7.90 -5.02 -2.02 0.00 0.00 0.00 0.00 0.00 0.00 0.00
0 0 0 0 0 0 0 0 0 0 0 0 0 0 0
1.00 -2.48 -2.62 -2.94 -4.23 -5.02 -3.09 -1.35 0.00 0.00 0.00 0.00 0.00 0.00 0.00
0 0 0 0 0 0 0 0 0 0 0 0 0 0 0
1.00 -3.58 -3.19 -2.98 -4.71 -5.08 -2.98 -1.39 0.00 0.00 0.00 0.00 0.00 0.00 0.00
0 0 0 0 0 0 0 0 0 0 0 0 0 0 0
1.00 -3.37 -2.96 -2.55 -4.08 -4.11 -2.54 -1.24 0.00 0.00 0.00 0.00 0.00 0.00 0.00
0 0 0 0 0 0 0 0 0 0 0 0 0 0 0
