1.00 2.38 3.28 3.87 2.59 4.70 4.02 1.22 0.00 0.00 0.00 0.00 0.00 0.00 0.00
1.00 1.49 2.15 2.46 1.82 3.38 2.58 0.84 0.00 0.00 0.00 0.00 0.00 0.00 0.00
1.00 2.91 2.70 2.54 3.87 4.60 2.92 1.25 0.00 0.00 0.00 0.00 0.00 0.00 0.00
0 0 0 0 0 0 0 0 0 0 0 0 0 0 0
1.00 3.04 2.59 2.15 4.37 4.56 2.38 1.32 0.00 0.00 0.00 0.00 0.00 0.00 0.00
0 0 0 0 0 0 0 0 0 0 0 0 0 0 0
1.00 3.04 2.59 2.15 4.37 4.56 2.38 1.32 0.00 0.00 0.00 0.00 0.00 0.00 0.00
0 0 0 0 0 0 0 0 0 0 0 0 0 0 0
1.00 2.57 1.66 1.17 3.81 3.34 1.31 0.90 0.00 0.00 0.00 0.00 0.00 0.00 0.00
0 0 0 0 0 0 0 0 0 0 0 0 0 0 0
1.00 2.94 2.59 2.47 4.64 5.06 2.70 1.22 0.00 0.00 0.00 0.00 0.00 0.00 0.00
0 0 0 0 0 0 0 0 0 0 0 0 0 0 0
1.00 1.92 1.71 1.22 2.73 2.52 1.03 0.73 0.00 0.00 0.00 0.00 0.00 0.00 0.00
0 0 0 0 0 0 0 0 0 0 0 0 0 0 0
1.00 0.07 -0.18 -0.50 -0.36 -0.96 -0.98 -0.20 0.00 0.00 0.00 0.00 0.00 0.00 0.00
0 0 0 0 0 0 0 0 0 0 0 0 0 0 0
1.00 -2.19 -2.55 -2.77 -3.88 -5.22 -3.44 -1.28 0.00 0.00 0.00 0.00 0.00 0.00 0.00
0 0 0 0 0 0 0 0 0 0 0 0 0 0 0
1.00 -4.79 -4.90 -5.00 -7.11 -8.71 -5.24 -2.18 0.00 0.00 0.00 0.00 0.00 0.00 0.00
0 0 0 0 0 0 0 0 0 0 0 0 0 0 0
1.00 -3.05 -3.07 -3.10 -4.27 -4.91 -3.12 -1.35 0.00 0.00 0.00 0.00 0.00 0.00 0.00
0 0 0 0 0 0 0 0 0 0 0 0 0 0 0
1.00 -3.30 -2.88 -2.56 -4.03 -4.14 -2.52 -1.24 0.00 0.00 0.00 0.00 0.00 0.00 0.00
0 0 0 0 0 0 0 0 0 0 0 0 0 0 0
