1.00 -0.34 -0.35 -0.30 -0.33 -0.48 -0.17 -0.13 0.00 0.00 0.00 0.00 0.00 0.00 0.00
1.00 -0.60 -0.67 -0.39 -0.64 -0.80 -0.42 -0.18 0.00 0.00 0.00 0.00 0.00 0.00 0.00
1.00 -0.69 -0.54 -0.33 -0.79 -0.66 -0.36 -0.22 0.00 0.00 0.00 0.00 0.00 0.00 0.00
0 0 0 0 0 0 0 0 0 0 0 0 0 0 0
1.00 -0.75 -0.52 -0.49 -0.73 -0.67 -0.39 -0.27 0.00 0.00 0.00 0.00 0.00 0.00 0.00
0 0 0 0 0 0 0 0 0 0 0 0 0 0 0
1.00 -0.75 -0.52 -0.49 -0.73 -0.67 -0.39 -0.27 0.00 0.00 0.00 0.00 0.00 0.00 0.00
0 0 0 0 0 0 0 0 0 0 0 0 0 0 0
1.00 -0.56 -0.61 -0.43 -0.52 -0.68 -0.41 -0.20 0.00 0.00 0.00 0.00 0.00 0.00 0.00
0 0 0 0 0 0 0 0 0 0 0 0 0 0 0
1.00 -0.29 -0.30 -0.18 -0.25 -0.32 -0.06 -0.08 0.00 0.00 0.00 0.00 0.00 0.00 0.00
0 0 0 0 0 0 0 0 0 0 0 0 0 0 0
1.00 -0.22 -0.25 -0.14 -0.21 -0.20 -0.16 -0.06 0.00 0.00 0.00 0.00 0.00 0.00 0.00
0 0 0 0 0 0 0 0 0 0 0 0 0 0 0
1.00 -0.07 -0.10 -0.09 -0.17 -0.18 -0.19 -0.10 0.00 0.00 0.00 0.00 0.00 0.00 0.00
0 0 0 0 0 0 0 0 0 0 0 0 0 0 0
1.00 -0.14 0.09 -0.19 -0.21 -0.13 -0.08 -0.08 0.00 0.00 0.00 0.00 0.00 0.00 0.00
0 0 0 0 0 0 0 0 0 0 0 0 0 0 0
1.00 -0.17 0.05 -0.20 -0.20 -0.13 -0.09 -0.06 0.00 0.00 0.00 0.00 0.00 0.00 0.00
0 0 0 0 0 0 0 0 0 0 0 0 0 0 0
1.00 0.06 0.19 0.11 0.01 0.05 0.13 0.05 0.00 0.00 0.00 0.00 0.00 0.00 0.00
0 0 0 0 0 0 0 0 0 0 0 0 0 0 0
1.00 0.15 0.03 0.02 0.10 0.13 0.03 0.04 0.00 0.00 0.00 0.00 0.00 0.00 0.00
0 0 0 0 0 0 0 0 0 0 0 0 0 0 0
