1.00 3.21 3.75 3.80 3.90 5.99 4.14 1.55 0.00 0.00 0.00 0.00 0.00 0.00 0.00
1.00 2.11 2.47 2.38 2.77 4.10 2.84 1.07 0.00 0.00 0.00 0.00 0.00 0.00 0.00
1.00 2.65 2.43 2.29 3.79 4.58 2.82 1.25 0.00 0.00 0.00 0.00 0.00 0.00 0.00
0 0 0 0 0 0 0 0 0 0 0 0 0 0 0
1.00 2.30 1.94 1.70 3.58 4.04 2.25 1.04 0.00 0.00 0.00 0.00 0.00 0.00 0.00
0 0 0 0 0 0 0 0 0 0 0 0 0 0 0
1.00 2.30 1.94 1.70 3.58 4.04 2.25 1.04 0.00 0.00 0.00 0.00 0.00 0.00 0.00
0 0 0 0 0 0 0 0 0 0 0 0 0 0 0
1.00 1.64 1.22 0.78 2.71 2.33 0.82 0.66 0.00 0.00 0.00 0.00 0.00 0.00 0.00
0 0 0 0 0 0 0 0 0 0 0 0 0 0 0
1.00 0.44 -0.19 -0.59 0.24 -0.88 -1.26 -0.12 0.00 0.00 0.00 0.00 0.00 0.00 0.00
0 0 0 0 0 0 0 0 0 0 0 0 0 0 0
1.00 1.48 0.99 0.60 1.45 0.71 0.09 0.41 0.00 0.00 0.00 0.00 0.00 0.00 0.00
0 0 0 0 0 0 0 0 0 0 0 0 0 0 0
1.00 -0.76 -1.41 -1.76 -2.38 -3.74 -2.64 -0.76 0.00 0.00 0.00 0.00 0.00 0.00 0.00
0 0 0 0 0 0 0 0 0 0 0 0 0 0 0
1.00 -3.41 -3.71 -3.94 -5.28 -6.70 -4.26 -1.77 0.00 0.00 0.00 0.00 0.00 0.00 0.00
0 0 0 0 0 0 0 0 0 0 0 0 0 0 0
1.00 -5.18 -4.81 -4.65 -6.85 -7.50 -4.61 -2.11 0.00 0.00 0.00 0.00 0.00 0.00 0.00
0 0 0 0 0 0 0 0 0 0 0 0 0 0 0
1.00 -2.70 -2.44 -2.22 -3.49 -3.78 -2.26 -1.06 0.00 0.00 0.00 0.00 0.00 0.00 0.00
0 0 0 0 0 0 0 0 0 0 0 0 0 0 0
1.00 -2.26 -2.11 -1.99 -2.68 -2.91 -1.89 -0.89 0.00 0.00 0.00 0.00 0.00 0.00 0.00
0 0 0 0 0 0 0 0 0 0 0 0 0 0 0
