1.00 -1.32 -2.01 -2.09 -1.59 -2.55 -2.68 -0.75 0.00 0.00 0.00 0.00 0.00 0.00 0.00
1.00 -1.55 -1.26 -0.27 -1.72 -1.88 -0.70 -0.69 0.00 0.00 0.00 0.00 0.00 0.00 0.00
1.00 1.35 2.41 3.03 1.14 2.56 3.55 0.75 0.00 0.00 0.00 0.00 0.00 0.00 0.00
0 0 0 0 0 0 0 0 0 0 0 0 0 0 0
1.00 4.63 4.95 4.60 5.73 7.24 6.04 2.20 0.00 0.00 0.00 0.00 0.00 0.00 0.00
0 0 0 0 0 0 0 0 0 0 0 0 0 0 0
1.00 4.63 4.95 4.60 5.73 7.24 6.04 2.20 0.00 0.00 0.00 0.00 0.00 0.00 0.00
0 0 0 0 0 0 0 0 0 0 0 0 0 0 0
1.00 2.96 2.90 2.69 3.68 4.56 3.52 1.32 0.00 0.00 0.00 0.00 0.00 0.00 0.00
0 0 0 0 0 0 0 0 0 0 0 0 0 0 0
1.00 2.89 2.75 2.27 4.10 4.74 3.28 1.35 0.00 0.00 0.00 0.00 0.00 0.00 0.00
0 0 0 0 0 0 0 0 0 0 0 0 0 0 0
1.00 2.42 1.98 1.60 3.68 3.69 2.22 1.09 0.00 0.00 0.00 0.00 0.00 0.00 0.00
0 0 0 0 0 0 0 0 0 0 0 0 0 0 0
1.00 1.46 0.92 0.26 2.51 2.04 0.62 0.50 0.00 0.00 0.00 0.00 0.00 0.00 0.00
0 0 0 0 0 0 0 0 0 0 0 0 0 0 0
1.00 1.59 1.37 1.22 2.60 2.76 1.94 0.69 0.00 0.00 0.00 0.00 0.00 0.00 0.00
0 0 0 0 0 0 0 0 0 0 0 0 0 0 0
1.00 0.92 0.81 0.80 1.36 1.58 1.22 0.42 0.00 0.00 0.00 0.00 0.00 0.00 0.00
0 0 0 0 0 0 0 0 0 0 0 0 0 0 0
1.00 0.08 0.11 -0.08 0.15 -0.03 0.05 0.03 0.00 0.00 0.00 0.00 0.00 0.00 0.00
0 0 0 0 0 0 0 0 0 0 0 0 0 0 0
1.00 -1.37 -1.48 -1.65 -2.29 -3.16 -2.68 -0.75 0.00 0.00 0.00 0.00 0.00 0.00 0.00
0 0 0 0 0 0 0 0 0 0 0 0 0 0 0
