1.00 0.94 0.93 0.78 1.17 1.23 0.67 0.39 0.00 0.00 0.00 0.00 0.00 0.00 0.00
1.00 0.81 0.60 0.59 0.93 0.68 0.24 0.20 0.00 0.00 0.00 0.00 0.00 0.00 0.00
1.00 0.27 -0.13 -0.05 0.34 -0.21 -0.21 -0.03 0.00 0.00 0.00 0.00 0.00 0.00 0.00
0 0 0 0 0 0 0 0 0 0 0 0 0 0 0
1.00 -0.63 -0.85 -0.97 -0.62 -1.02 -0.86 -0.27 0.00 0.00 0.00 0.00 0.00 0.00 0.00
0 0 0 0 0 0 0 0 0 0 0 0 0 0 0
1.00 -0.63 -0.85 -0.97 -0.62 -1.02 -0.86 -0.27 0.00 0.00 0.00 0.00 0.00 0.00 0.00
0 0 0 0 0 0 0 0 0 0 0 0 0 0 0
1.00 -0.50 -0.28 -0.47 -0.56 -0.43 -0.38 -0.16 0.00 0.00 0.00 0.00 0.00 0.00 0.00
0 0 0 0 0 0 0 0 0 0 0 0 0 0 0
1.00 -0.67 -0.73 -0.66 -0.56 -0.80 -0.62 -0.21 0.00 0.00 0.00 0.00 0.00 0.00 0.00
0 0 0 0 0 0 0 0 0 0 0 0 0 0 0
1.00 -0.88 -0.81 -0.76 -0.87 -0.95 -0.50 -0.35 0.00 0.00 0.00 0.00 0.00 0.00 0.00
0 0 0 0 0 0 0 0 0 0 0 0 0 0 0
1.00 -1.03 -1.05 -0.72 -1.04 -1.03 -0.63 -0.32 0.00 0.00 0.00 0.00 0.00 0.00 0.00
0 0 0 0 0 0 0 0 0 0 0 0 0 0 0
1.00 -0.58 -0.45 -0.33 -0.53 -0.73 -0.42 -0.30 0.00 0.00 0.00 0.00 0.00 0.00 0.00
0 0 0 0 0 0 0 0 0 0 0 0 0 0 0
1.00 -0.52 -0.39 -0.38 -0.43 -0.45 -0.29 -0.15 0.00 0.00 0.00 0.00 0.00 0.00 0.00
0 0 0 0 0 0 0 0 0 0 0 0 0 0 0
1.00 -0.22 -0.30 -0.18 -0.49 -0.30 -0.21 -0.06 0.00 0.00 0.00 0.00 0.00 0.00 0.00
0 0 0 0 0 0 0 0 0 0 0 0 0 0 0
1.00 -0.13 -0.07 -0.17 -0.12 -0.15 -0.12 -0.03 0.00 0.00 0.00 0.00 0.00 0.00 0.00
0 0 0 0 0 0 0 0 0 0 0 0 0 0 0
