1.00 0.57 1.38 1.87 -0.04 1.44 1.86 0.33 0.00 0.00 0.00 0.00 0.00 0.00 0.00
1.00 2.29 2.61 2.55 3.07 4.30 2.77 1.12 0.00 0.00 0.00 0.00 0.00 0.00 0.00
1.00 2.79 2.67 2.35 4.55 4.95 2.68 1.36 0.00 0.00 0.00 0.00 0.00 0.00 0.00
0 0 0 0 0 0 0 0 0 0 0 0 0 0 0
1.00 2.89 2.35 2.04 4.91 4.79 2.35 1.35 0.00 0.00 0.00 0.00 0.00 0.00 0.00
0 0 0 0 0 0 0 0 0 0 0 0 0 0 0
1.00 2.89 2.35 2.04 4.91 4.79 2.35 1.35 0.00 0.00 0.00 0.00 0.00 0.00 0.00
0 0 0 0 0 0 0 0 0 0 0 0 0 0 0
1.00 2.21 2.05 1.96 3.90 4.42 2.55 1.18 0.00 0.00 0.00 0.00 0.00 0.00 0.00
0 0 0 0 0 0 0 0 0 0 0 0 0 0 0
1.00 1.43 1.18 1.02 2.79 2.77 1.25 0.70 0.00 0.00 0.00 0.00 0.00 0.00 0.00
0 0 0 0 0 0 0 0 0 0 0 0 0 0 0
1.00 0.23 -0.20 -0.61 0.41 -0.43 -0.92 -0.09 0.00 0.00 0.00 0.00 0.00 0.00 0.00
0 0 0 0 0 0 0 0 0 0 0 0 0 0 0
1.00 -2.00 -2.64 -3.16 -3.83 -5.71 -4.00 -1.40 0.00 0.00 0.00 0.00 0.00 0.00 0.00
0 0 0 0 0 0 0 0 0 0 0 0 0 0 0
1.00 -0.11 -1.09 -1.96 -1.81 -3.69 -2.57 -0.76 0.00 0.00 0.00 0.00 0.00 0.00 0.00
0 0 0 0 0 0 0 0 0 0 0 0 0 0 0
1.00 -3.02 -3.47 -3.56 -5.23 -6.19 -3.74 -1.69 0.00 0.00 0.00 0.00 0.00 0.00 0.00
0 0 0 0 0 0 0 0 0 0 0 0 0 0 0
1.00 -3.75 -3.42 -3.16 -5.25 -5.32 -3.08 -1.54 0.00 0.00 0.00 0.00 0.00 0.00 0.00
0 0 0 0 0 0 0 0 0 0 0 0 0 0 0
1.00 -3.39 -2.97 -2.69 -4.67 -4.59 -2.76 -1.34 0.00 0.00 0.00 0.00 0.00 0.00 0.00
0 0 0 0 0 0 0 0 0 0 0 0 0 0 0
