1.00 -1.08 -0.93 -0.87 -1.11 -1.08 -0.80 -0.43 0.00 0.00 0.00 0.00 0.00 0.00 0.00
1.00 -0.54 -0.61 -0.45 -0.49 -0.50 -0.45 -0.17 0.00 0.00 0.00 0.00 0.00 0.00 0.00
1.00 -0.48 -0.38 -0.37 -0.43 -0.52 -0.31 -0.20 0.00 0.00 0.00 0.00 0.00 0.00 0.00
0 0 0 0 0 0 0 0 0 0 0 0 0 0 0
1.00 -0.43 -0.32 -0.33 -0.38 -0.45 -0.27 -0.17 0.00 0.00 0.00 0.00 0.00 0.00 0.00
0 0 0 0 0 0 0 0 0 0 0 0 0 0 0
1.00 -0.43 -0.32 -0.33 -0.38 -0.45 -0.27 -0.17 0.00 0.00 0.00 0.00 0.00 0.00 0.00
0 0 0 0 0 0 0 0 0 0 0 0 0 0 0
1.00 -0.34 -0.39 -0.23 -0.46 -0.49 -0.14 -0.16 0.00 0.00 0.00 0.00 0.00 0.00 0.00
0 0 0 0 0 0 0 0 0 0 0 0 0 0 0
1.00 -0.37 -0.15 -0.25 -0.32 -0.25 -0.24 -0.09 0.00 0.00 0.00 0.00 0.00 0.00 0.00
0 0 0 0 0 0 0 0 0 0 0 0 0 0 0
1.00 -0.16 -0.07 -0.06 -0.23 -0.07 -0.18 -0.01 0.00 0.00 0.00 0.00 0.00 0.00 0.00
0 0 0 0 0 0 0 0 0 0 0 0 0 0 0
1.00 0.09 0.01 0.03 -0.02 0.01 -0.03 0.05 0.00 0.00 0.00 0.00 0.00 0.00 0.00
0 0 0 0 0 0 0 0 0 0 0 0 0 0 0
1.00 -0.00 -0.02 0.06 -0.02 0.04 0.14 0.01 0.00 0.00 0.00 0.00 0.00 0.00 0.00
0 0 0 0 0 0 0 0 0 0 0 0 0 0 0
1.00 0.04 0.09 0.09 0.03 0.02 -0.10 0.02 0.00 0.00 0.00 0.00 0.00 0.00 0.00
0 0 0 0 0 0 0 0 0 0 0 0 0 0 0
1.00 0.07 -0.06 0.06 -0.17 -0.05 0.05 -0.01 0.00 0.00 0.00 0.00 0.00 0.00 0.00
0 0 0 0 0 0 0 0 0 0 0 0 0 0 0
1.00 0.01 0.09 -0.05 0.13 0.08 -0.06 0.01 0.00 0.00 0.00 0.00 0.00 0.00 0.00
0 0 0 0 0 0 0 0 0 0 0 0 0 0 0
