1.00 3.38 4.15 4.31 4.69 6.84 4.76 1.79 0.00 0.00 0.00 0.00 0.00 0.00 0.00
1.00 3.33 3.30 3.11 5.19 6.17 3.53 1.58 0.00 0.00 0.00 0.00 0.00 0.00 0.00
1.00 4.10 3.56 2.93 6.80 6.78 3.45 1.85 0.00 0.00 0.00 0.00 0.00 0.00 0.00
0 0 0 0 0 0 0 0 0 0 0 0 0 0 0
1.00 2.43 2.19 1.88 4.04 4.33 2.13 1.19 0.00 0.00 0.00 0.00 0.00 0.00 0.00
0 0 0 0 0 0 0 0 0 0 0 0 0 0 0
1.00 2.43 2.19 1.88 4.04 4.33 2.13 1.19 0.00 0.00 0.00 0.00 0.00 0.00 0.00
0 0 0 0 0 0 0 0 0 0 0 0 0 0 0
1.00 1.82 1.60 1.33 3.12 3.34 1.56 0.91 0.00 0.00 0.00 0.00 0.00 0.00 0.00
0 0 0 0 0 0 0 0 0 0 0 0 0 0 0
1.00 0.70 0.31 -0.03 1.34 0.70 -0.20 0.20 0.00 0.00 0.00 0.00 0.00 0.00 0.00
0 0 0 0 0 0 0 0 0 0 0 0 0 0 0
1.00 -1.09 -1.61 -2.03 -2.32 -3.84 -2.77 -0.90 0.00 0.00 0.00 0.00 0.00 0.00 0.00
0 0 0 0 0 0 0 0 0 0 0 0 0 0 0
1.00 1.12 0.50 -0.06 0.40 -0.96 -1.08 -0.08 0.00 0.00 0.00 0.00 0.00 0.00 0.00
0 0 0 0 0 0 0 0 0 0 0 0 0 0 0
1.00 -1.53 -2.01 -2.61 -3.66 -5.11 -3.40 -1.17 0.00 0.00 0.00 0.00 0.00 0.00 0.00
0 0 0 0 0 0 0 0 0 0 0 0 0 0 0
1.00 -3.75 -3.91 -3.78 -5.98 -6.47 -3.85 -1.84 0.00 0.00 0.00 0.00 0.00 0.00 0.00
0 0 0 0 0 0 0 0 0 0 0 0 0 0 0
1.00 -4.06 -3.80 -3.48 -5.64 -5.83 -3.33 -1.69 0.00 0.00 0.00 0.00 0.00 0.00 0.00
0 0 0 0 0 0 0 0 0 0 0 0 0 0 0
1.00 -3.71 -3.45 -3.06 -4.97 -5.09 -2.90 -1.49 0.00 0.00 0.00 0.00 0.00 0.00 0.00
0 0 0 0 0 0 0 0 0 0 0 0 0 0 0
