1.00 -0.27 -0.27 -0.27 -0.46 -0.38 -0.34 -0.13 0.00 0.00 0.00 0.00 0.00 0.00 0.00
1.00 -0.51 -0.58 -0.54 -0.60 -0.60 -0.42 -0.17 0.00 0.00 0.00 0.00 0.00 0.00 0.00
1.00 -0.68 -0.75 -0.66 -0.90 -0.95 -0.43 -0.27 0.00 0.00 0.00 0.00 0.00 0.00 0.00
0 0 0 0 0 0 0 0 0 0 0 0 0 0 0
1.00 -0.86 -0.64 -0.65 -0.86 -0.81 -0.42 -0.22 0.00 0.00 0.00 0.00 0.00 0.00 0.00
0 0 0 0 0 0 0 0 0 0 0 0 0 0 0
1.00 -0.86 -0.64 -0.65 -0.86 -0.81 -0.42 -0.22 0.00 0.00 0.00 0.00 0.00 0.00 0.00
0 0 0 0 0 0 0 0 0 0 0 0 0 0 0
1.00 -0.37 -0.38 -0.30 -0.42 -0.45 -0.29 -0.14 0.00 0.00 0.00 0.00 0.00 0.00 0.00
0 0 0 0 0 0 0 0 0 0 0 0 0 0 0
1.00 -0.31 -0.46 -0.28 -0.26 -0.40 -0.19 -0.09 0.00 0.00 0.00 0.00 0.00 0.00 0.00
0 0 0 0 0 0 0 0 0 0 0 0 0 0 0
1.00 -0.35 -0.25 -0.29 -0.35 -0.35 -0.22 -0.13 0.00 0.00 0.00 0.00 0.00 0.00 0.00
0 0 0 0 0 0 0 0 0 0 0 0 0 0 0
1.00 -0.18 -0.13 -0.19 -0.12 -0.19 -0.16 -0.04 0.00 0.00 0.00 0.00 0.00 0.00 0.00
0 0 0 0 0 0 0 0 0 0 0 0 0 0 0
1.00 -0.17 -0.16 0.01 -0.11 -0.09 -0.17 -0.02 0.00 0.00 0.00 0.00 0.00 0.00 0.00
0 0 0 0 0 0 0 0 0 0 0 0 0 0 0
1.00 -0.07 -0.14 0.00 -0.06 0.07 -0.14 0.02 0.00 0.00 0.00 0.00 0.00 0.00 0.00
0 0 0 0 0 0 0 0 0 0 0 0 0 0 0
1.00 0.03 0.05 -0.05 0.03 -0.04 -0.07 -0.03 0.00 0.00 0.00 0.00 0.00 0.00 0.00
0 0 0 0 0 0 0 0 0 0 0 0 0 0 0
1.00 0.05 0.03 0.04 0.03 0.10 0.06 -0.01 0.00 0.00 0.00 0.00 0.00 0.00 0.00
0 0 0 0 0 0 0 0 0 0 0 0 0 0 0
