1.00 1.10 0.93 0.88 1.19 1.30 0.84 0.37 0.00 0.00 0.00 0.00 0.00 0.00 0.00
1.00 0.94 0.77 0.71 1.00 1.08 0.68 0.30 0.00 0.00 0.00 0.00 0.00 0.00 0.00
1.00 0.54 0.36 0.34 0.64 0.51 0.35 0.25 0.00 0.00 0.00 0.00 0.00 0.00 0.00
0 0 0 0 0 0 0 0 0 0 0 0 0 0 0
1.00 0.15 0.07 -0.16 0.14 0.10 -0.03 0.04 0.00 0.00 0.00 0.00 0.00 0.00 0.00
0 0 0 0 0 0 0 0 0 0 0 0 0 0 0
1.00 0.15 0.07 -0.16 0.14 0.10 -0.03 0.04 0.00 0.00 0.00 0.00 0.00 0.00 0.00
0 0 0 0 0 0 0 0 0 0 0 0 0 0 0
1.00 -0.46 -0.46 -0.31 -0.63 -0.69 -0.49 -0.24 0.00 0.00 0.00 0.00 0.00 0.00 0.00
0 0 0 0 0 0 0 0 0 0 0 0 0 0 0
1.00 -0.03 0.18 0.01 -0.21 -0.23 -0.17 -0.03 0.00 0.00 0.00 0.00 0.00 0.00 0.00
0 0 0 0 0 0 0 0 0 0 0 0 0 0 0
1.00 -0.42 -0.61 -0.58 -0.57 -0.81 -0.64 -0.27 0.00 0.00 0.00 0.00 0.00 0.00 0.00
0 0 0 0 0 0 0 0 0 0 0 0 0 0 0
1.00 -0.86 -0.91 -1.01 -0.92 -1.16 -0.82 -0.36 0.00 0.00 0.00 0.00 0.00 0.00 0.00
0 0 0 0 0 0 0 0 0 0 0 0 0 0 0
1.00 -1.00 -1.02 -1.12 -1.21 -1.38 -0.96 -0.43 0.00 0.00 0.00 0.00 0.00 0.00 0.00
0 0 0 0 0 0 0 0 0 0 0 0 0 0 0
1.00 -0.56 -0.49 -0.44 -0.68 -0.64 -0.41 -0.14 0.00 0.00 0.00 0.00 0.00 0.00 0.00
0 0 0 0 0 0 0 0 0 0 0 0 0 0 0
1.00 -0.53 -0.61 -0.61 -0.65 -0.70 -0.65 -0.24 0.00 0.00 0.00 0.00 0.00 0.00 0.00
0 0 0 0 0 0 0 0 0 0 0 0 0 0 0
1.00 -0.48 -0.56 -0.55 -0.58 -0.63 -0.58 -0.22 0.00 0.00 0.00 0.00 0.00 0.00 0.00
0 0 0 0 0 0 0 0 0 0 0 0 0 0 0
