1.00 1.31 1.22 0.82 1.35 1.20 0.52 0.39 0.00 0.00 0.00 0.00 0.00 0.00 0.00
1.00 1.32 1.33 1.23 1.32 1.45 0.85 0.46 0.00 0.00 0.00 0.00 0.00 0.00 0.00
1.00 1.19 1.07 0.85 1.03 1.11 0.52 0.34 0.00 0.00 0.00 0.00 0.00 0.00 0.00
0 0 0 0 0 0 0 0 0 0 0 0 0 0 0
1.00 0.64 0.33 -0.06 0.51 0.16 -0.22 0.10 0.00 0.00 0.00 0.00 0.00 0.00 0.00
0 0 0 0 0 0 0 0 0 0 0 0 0 0 0
1.00 0.64 0.33 -0.06 0.51 0.16 -0.22 0.10 0.00 0.00 0.00 0.00 0.00 0.00 0.00
0 0 0 0 0 0 0 0 0 0 0 0 0 0 0
1.00 -0.46 -0.73 -1.06 -0.49 -1.06 -0.87 -0.25 0.00 0.00 0.00 0.00 0.00 0.00 0.00
0 0 0 0 0 0 0 0 0 0 0 0 0 0 0
1.00 -1.46 -1.63 -1.60 -1.65 -2.11 -1.44 -0.65 0.00 0.00 0.00 0.00 0.00 0.00 0.00
0 0 0 0 0 0 0 0 0 0 0 0 0 0 0
1.00 -0.75 -0.89 -0.87 -0.82 -0.99 -0.59 -0.26 0.00 0.00 0.00 0.00 0.00 0.00 0.00
0 0 0 0 0 0 0 0 0 0 0 0 0 0 0
1.00 -0.87 -1.13 -0.92 -0.77 -1.17 -0.77 -0.32 0.00 0.00 0.00 0.00 0.00 0.00 0.00
0 0 0 0 0 0 0 0 0 0 0 0 0 0 0
1.00 -0.84 -0.72 -0.67 -0.88 -0.84 -0.60 -0.28 0.00 0.00 0.00 0.00 0.00 0.00 0.00
0 0 0 0 0 0 0 0 0 0 0 0 0 0 0
1.00 -0.68 -0.75 -0.71 -0.76 -0.74 -0.38 -0.23 0.00 0.00 0.00 0.00 0.00 0.00 0.00
0 0 0 0 0 0 0 0 0 0 0 0 0 0 0
1.00 -0.47 -0.50 -0.38 -0.37 -0.70 -0.29 -0.21 0.00 0.00 0.00 0.00 0.00 0.00 0.00
0 0 0 0 0 0 0 0 0 0 0 0 0 0 0
1.00 -0.16 -0.30 -0.18 -0.28 -0.26 -0.24 -0.06 0.00 0.00 0.00 0.00 0.00 0.00 0.00
0 0 0 0 0 0 0 0 0 0 0 0 0 0 0
