1.00 0.54 1.75 2.41 -0.08 1.55 2.30 0.47 0.00 0.00 0.00 0.00 0.00 0.00 0.00
1.00 2.54 2.87 2.92 3.70 4.83 3.02 1.29 0.00 0.00 0.00 0.00 0.00 0.00 0.00
1.00 3.16 3.17 2.87 5.05 5.78 3.09 1.56 0.00 0.00 0.00 0.00 0.00 0.00 0.00
0 0 0 0 0 0 0 0 0 0 0 0 0 0 0
1.00 3.12 2.79 2.36 5.52 5.45 2.62 1.42 0.00 0.00 0.00 0.00 0.00 0.00 0.00
0 0 0 0 0 0 0 0 0 0 0 0 0 0 0
1.00 3.12 2.79 2.36 5.52 5.45 2.62 1.42 0.00 0.00 0.00 0.00 0.00 0.00 0.00
0 0 0 0 0 0 0 0 0 0 0 0 0 0 0
1.00 2.46 2.45 2.46 4.84 5.41 2.97 1.39 0.00 0.00 0.00 0.00 0.00 0.00 0.00
0 0 0 0 0 0 0 0 0 0 0 0 0 0 0
1.00 1.56 1.15 1.05 2.96 2.67 1.11 0.66 0.00 0.00 0.00 0.00 0.00 0.00 0.00
0 0 0 0 0 0 0 0 0 0 0 0 0 0 0
1.00 -0.25 -0.56 -1.05 -0.71 -2.01 -1.54 -0.42 0.00 0.00 0.00 0.00 0.00 0.00 0.00
0 0 0 0 0 0 0 0 0 0 0 0 0 0 0
1.00 -2.83 -3.79 -4.67 -5.87 -7.79 -5.44 -1.91 0.00 0.00 0.00 0.00 0.00 0.00 0.00
0 0 0 0 0 0 0 0 0 0 0 0 0 0 0
1.00 -1.83 -2.64 -3.26 -4.11 -5.31 -3.52 -1.37 0.00 0.00 0.00 0.00 0.00 0.00 0.00
0 0 0 0 0 0 0 0 0 0 0 0 0 0 0
1.00 -3.80 -4.29 -3.92 -5.57 -6.17 -3.50 -1.76 0.00 0.00 0.00 0.00 0.00 0.00 0.00
0 0 0 0 0 0 0 0 0 0 0 0 0 0 0
1.00 -3.85 -3.65 -3.49 -5.17 -5.37 -3.12 -1.57 0.00 0.00 0.00 0.00 0.00 0.00 0.00
0 0 0 0 0 0 0 0 0 0 0 0 0 0 0
1.00 -3.28 -3.48 -3.26 -4.60 -4.80 -2.97 -1.44 0.00 0.00 0.00 0.00 0.00 0.00 0.00
0 0 0 0 0 0 0 0 0 0 0 0 0 0 0
