1.00 0.32 0.03 -0.40 0.33 -0.25 -0.44 -0.02 0.00 0.00 0.00 0.00 0.00 0.00 0.00
1.00 -0.82 -1.11 -1.07 -0.73 -0.93 -0.74 -0.35 0.00 0.00 0.00 0.00 0.00 0.00 0.00
1.00 -1.08 -1.23 -0.97 -0.96 -0.99 -0.62 -0.40 0.00 0.00 0.00 0.00 0.00 0.00 0.00
0 0 0 0 0 0 0 0 0 0 0 0 0 0 0
1.00 -1.13 -1.11 -1.01 -0.78 -1.00 -0.72 -0.35 0.00 0.00 0.00 0.00 0.00 0.00 0.00
0 0 0 0 0 0 0 0 0 0 0 0 0 0 0
1.00 -1.13 -1.11 -1.01 -0.78 -1.00 -0.72 -0.35 0.00 0.00 0.00 0.00 0.00 0.00 0.00
0 0 0 0 0 0 0 0 0 0 0 0 0 0 0
1.00 -0.57 -0.58 -0.46 -0.45 -0.54 -0.38 -0.20 0.00 0.00 0.00 0.00 0.00 0.00 0.00
0 0 0 0 0 0 0 0 0 0 0 0 0 0 0
1.00 -0.44 -0.53 -0.35 -0.47 -0.53 -0.26 -0.14 0.00 0.00 0.00 0.00 0.00 0.00 0.00
0 0 0 0 0 0 0 0 0 0 0 0 0 0 0
1.00 -0.33 -0.29 -0.25 -0.31 -0.18 -0.24 -0.08 0.00 0.00 0.00 0.00 0.00 0.00 0.00
0 0 0 0 0 0 0 0 0 0 0 0 0 0 0
1.00 -0.22 -0.19 -0.29 -0.18 -0.34 -0.06 -0.10 0.00 0.00 0.00 0.00 0.00 0.00 0.00
0 0 0 0 0 0 0 0 0 0 0 0 0 0 0
1.00 -0.10 -0.10 -0.18 -0.09 -0.01 -0.14 -0.05 0.00 0.00 0.00 0.00 0.00 0.00 0.00
0 0 0 0 0 0 0 0 0 0 0 0 0 0 0
1.00 -0.16 -0.05 -0.05 -0.10 -0.01 -0.02 0.03 0.00 0.00 0.00 0.00 0.00 0.00 0.00
0 0 0 0 0 0 0 0 0 0 0 0 0 0 0
1.00 0.00 -0.04 -0.05 -0.05 -0.19 -0.01 -0.05 0.00 0.00 0.00 0.00 0.00 0.00 0.00
0 0 0 0 0 0 0 0 0 0 0 0 0 0 0
1.00 0.05 -0.05 0.03 0.00 -0.04 0.02 -0.02 0.00 0.00 0.00 0.00 0.00 0.00 0.00
0 0 0 0 0 0 0 0 0 0 0 0 0 0 0
