1.00 1.03 1.20 1.32 0.79 1.02 0.81 0.42 0.00 0.00 0.00 0.00 0.00 0.00 0.00
1.00 0.96 1.06 0.97 0.86 0.93 0.68 0.34 0.00 0.00 0.00 0.00 0.00 0.00 0.00
1.00 0.86 1.03 1.08 0.85 1.00 0.84 0.36 0.00 0.00 0.00 0.00 0.00 0.00 0.00
0 0 0 0 0 0 0 0 0 0 0 0 0 0 0
1.00 0.91 1.05 0.83 0.68 0.94 0.62 0.41 0.00 0.00 0.00 0.00 0.00 0.00 0.00
0 0 0 0 0 0 0 0 0 0 0 0 0 0 0
1.00 0.91 1.05 0.83 0.68 0.94 0.62 0.41 0.00 0.00 0.00 0.00 0.00 0.00 0.00
0 0 0 0 0 0 0 0 0 0 0 0 0 0 0
1.00 0.42 0.41 0.31 0.41 0.36 0.20 0.17 0.00 0.00 0.00 0.00 0.00 0.00 0.00
0 0 0 0 0 0 0 0 0 0 0 0 0 0 0
1.00 0.11 0.12 0.11 -0.08 -0.13 -0.16 -0.05 0.00 0.00 0.00 0.00 0.00 0.00 0.00
0 0 0 0 0 0 0 0 0 0 0 0 0 0 0
1.00 -0.38 -0.60 -0.75 -0.54 -0.66 -0.66 -0.25 0.00 0.00 0.00 0.00 0.00 0.00 0.00
0 0 0 0 0 0 0 0 0 0 0 0 0 0 0
1.00 -1.38 -1.74 -1.78 -1.05 -1.44 -1.14 -0.58 0.00 0.00 0.00 0.00 0.00 0.00 0.00
0 0 0 0 0 0 0 0 0 0 0 0 0 0 0
1.00 -0.88 -1.21 -1.39 -0.73 -1.08 -0.89 -0.35 0.00 0.00 0.00 0.00 0.00 0.00 0.00
0 0 0 0 0 0 0 0 0 0 0 0 0 0 0
1.00 -1.17 -1.16 -1.07 -0.90 -0.91 -0.67 -0.40 0.00 0.00 0.00 0.00 0.00 0.00 0.00
0 0 0 0 0 0 0 0 0 0 0 0 0 0 0
1.00 -0.86 -1.12 -0.92 -0.60 -0.77 -0.55 -0.31 0.00 0.00 0.00 0.00 0.00 0.00 0.00
0 0 0 0 0 0 0 0 0 0 0 0 0 0 0
1.00 -0.47 -0.48 -0.35 -0.35 -0.33 -0.26 -0.14 0.00 0.00 0.00 0.00 0.00 0.00 0.00
0 0 0 0 0 0 0 0 0 0 0 0 0 0 0
