1.00 -0.17 -0.38 -0.53 0.05 -0.47 -0.42 -0.04 0.00 0.00 0.00 0.00 0.00 0.00 0.00
1.00 -0.82 -1.04 -0.80 -0.61 -0.60 -0.55 -0.25 0.00 0.00 0.00 0.00 0.00 0.00 0.00
1.00 -0.90 -0.82 -0.71 -0.65 -0.70 -0.38 -0.25 0.00 0.00 0.00 0.00 0.00 0.00 0.00
0 0 0 0 0 0 0 0 0 0 0 0 0 0 0
1.00 -0.86 -1.02 -0.75 -0.65 -0.78 -0.55 -0.28 0.00 0.00 0.00 0.00 0.00 0.00 0.00
0 0 0 0 0 0 0 0 0 0 0 0 0 0 0
1.00 -0.86 -1.02 -0.75 -0.65 -0.78 -0.55 -0.28 0.00 0.00 0.00 0.00 0.00 0.00 0.00
0 0 0 0 0 0 0 0 0 0 0 0 0 0 0
1.00 -0.48 -0.42 -0.36 -0.32 -0.28 -0.15 -0.11 0.00 0.00 0.00 0.00 0.00 0.00 0.00
0 0 0 0 0 0 0 0 0 0 0 0 0 0 0
1.00 -0.42 -0.39 -0.27 -0.31 -0.30 -0.10 -0.12 0.00 0.00 0.00 0.00 0.00 0.00 0.00
0 0 0 0 0 0 0 0 0 0 0 0 0 0 0
1.00 -0.30 -0.32 -0.31 -0.21 -0.33 -0.15 -0.12 0.00 0.00 0.00 0.00 0.00 0.00 0.00
0 0 0 0 0 0 0 0 0 0 0 0 0 0 0
1.00 -0.33 -0.33 -0.27 -0.22 -0.26 -0.31 -0.09 0.00 0.00 0.00 0.00 0.00 0.00 0.00
0 0 0 0 0 0 0 0 0 0 0 0 0 0 0
1.00 -0.10 -0.06 -0.02 -0.09 -0.05 -0.05 -0.03 0.00 0.00 0.00 0.00 0.00 0.00 0.00
0 0 0 0 0 0 0 0 0 0 0 0 0 0 0
1.00 -0.10 -0.10 -0.05 -0.04 -0.09 -0.08 0.00 0.00 0.00 0.00 0.00 0.00 0.00 0.00
0 0 0 0 0 0 0 0 0 0 0 0 0 0 0
1.00 0.02 0.10 -0.09 -0.05 -0.03 -0.06 -0.07 0.00 0.00 0.00 0.00 0.00 0.00 0.00
0 0 0 0 0 0 0 0 0 0 0 0 0 0 0
1.00 -0.04 -0.17 0.01 -0.06 -0.10 -0.07 -0.08 0.00 0.00 0.00 0.00 0.00 0.00 0.00
0 0 0 0 0 0 0 0 0 0 0 0 0 0 0
