1.00 -1.88 -0.83 0.53 -3.00 -2.09 0.12 -0.59 0.00 0.00 0.00 0.00 0.00 0.00 0.00
1.00 0.81 1.98 2.36 0.07 1.83 2.13 0.64 0.00 0.00 0.00 0.00 0.00 0.00 0.00
1.00 2.23 2.97 2.86 3.11 4.00 2.73 1.22 0.00 0.00 0.00 0.00 0.00 0.00 0.00
0 0 0 0 0 0 0 0 0 0 0 0 0 0 0
1.00 2.54 2.70 2.45 3.91 4.24 2.48 1.29 0.00 0.00 0.00 0.00 0.00 0.00 0.00
0 0 0 0 0 0 0 0 0 0 0 0 0 0 0
1.00 2.54 2.70 2.45 3.91 4.24 2.48 1.29 0.00 0.00 0.00 0.00 0.00 0.00 0.00
0 0 0 0 0 0 0 0 0 0 0 0 0 0 0
1.00 2.05 2.06 1.72 3.51 3.51 1.73 1.01 0.00 0.00 0.00 0.00 0.00 0.00 0.00
0 0 0 0 0 0 0 0 0 0 0 0 0 0 0
1.00 1.37 0.97 0.39 2.08 1.53 0.38 0.46 0.00 0.00 0.00 0.00 0.00 0.00 0.00
0 0 0 0 0 0 0 0 0 0 0 0 0 0 0
1.00 0.16 -0.51 -1.36 -0.39 -1.61 -1.69 -0.31 0.00 0.00 0.00 0.00 0.00 0.00 0.00
0 0 0 0 0 0 0 0 0 0 0 0 0 0 0
1.00 -1.03 -2.56 -3.49 -3.20 -4.61 -3.62 -1.32 0.00 0.00 0.00 0.00 0.00 0.00 0.00
0 0 0 0 0 0 0 0 0 0 0 0 0 0 0
1.00 -4.36 -5.61 -5.41 -6.02 -6.73 -4.51 -2.33 0.00 0.00 0.00 0.00 0.00 0.00 0.00
0 0 0 0 0 0 0 0 0 0 0 0 0 0 0
1.00 -5.26 -5.83 -5.33 -6.06 -6.55 -4.35 -2.32 0.00 0.00 0.00 0.00 0.00 0.00 0.00
0 0 0 0 0 0 0 0 0 0 0 0 0 0 0
1.00 -2.37 -2.70 -2.50 -2.78 -2.95 -2.01 -1.06 0.00 0.00 0.00 0.00 0.00 0.00 0.00
0 0 0 0 0 0 0 0 0 0 0 0 0 0 0
1.00 -2.07 -2.32 -2.12 -2.41 -2.51 -1.68 -0.91 0.00 0.00 0.00 0.00 0.00 0.00 0.00
0 0 0 0 0 0 0 0 0 0 0 0 0 0 0
