1.00 0.93 1.34 1.41 0.82 1.04 0.88 0.46 0.00 0.00 0.00 0.00 0.00 0.00 0.00
1.00 1.23 1.19 1.02 1.02 0.99 0.76 0.44 0.00 0.00 0.00 0.00 0.00 0.00 0.00
1.00 0.89 0.85 0.55 0.74 0.84 0.46 0.33 0.00 0.00 0.00 0.00 0.00 0.00 0.00
0 0 0 0 0 0 0 0 0 0 0 0 0 0 0
1.00 0.77 0.47 0.20 0.65 0.59 0.23 0.27 0.00 0.00 0.00 0.00 0.00 0.00 0.00
0 0 0 0 0 0 0 0 0 0 0 0 0 0 0
1.00 0.77 0.47 0.20 0.65 0.59 0.23 0.27 0.00 0.00 0.00 0.00 0.00 0.00 0.00
0 0 0 0 0 0 0 0 0 0 0 0 0 0 0
1.00 0.12 -0.01 -0.14 0.15 -0.08 -0.06 -0.04 0.00 0.00 0.00 0.00 0.00 0.00 0.00
0 0 0 0 0 0 0 0 0 0 0 0 0 0 0
1.00 -0.36 -0.50 -0.33 -0.29 -0.42 -0.29 -0.13 0.00 0.00 0.00 0.00 0.00 0.00 0.00
0 0 0 0 0 0 0 0 0 0 0 0 0 0 0
1.00 -0.62 -0.66 -0.93 -0.57 -0.83 -0.79 -0.31 0.00 0.00 0.00 0.00 0.00 0.00 0.00
0 0 0 0 0 0 0 0 0 0 0 0 0 0 0
1.00 0.02 -0.26 -0.37 -0.26 -0.42 -0.21 -0.11 0.00 0.00 0.00 0.00 0.00 0.00 0.00
0 0 0 0 0 0 0 0 0 0 0 0 0 0 0
1.00 -0.47 -0.80 -0.74 -0.46 -0.58 -0.48 -0.32 0.00 0.00 0.00 0.00 0.00 0.00 0.00
0 0 0 0 0 0 0 0 0 0 0 0 0 0 0
1.00 -0.86 -0.94 -0.92 -0.73 -0.84 -0.72 -0.30 0.00 0.00 0.00 0.00 0.00 0.00 0.00
0 0 0 0 0 0 0 0 0 0 0 0 0 0 0
1.00 -0.79 -1.04 -1.02 -0.72 -0.87 -0.58 -0.29 0.00 0.00 0.00 0.00 0.00 0.00 0.00
0 0 0 0 0 0 0 0 0 0 0 0 0 0 0
1.00 -0.84 -1.05 -1.14 -0.71 -0.81 -0.71 -0.34 0.00 0.00 0.00 0.00 0.00 0.00 0.00
0 0 0 0 0 0 0 0 0 0 0 0 0 0 0
