1.00 0.80 2.28 2.72 -0.19 1.40 2.43 0.60 0.00 0.00 0.00 0.00 0.00 0.00 0.00
1.00 2.50 3.28 3.22 3.09 4.26 3.07 1.38 0.00 0.00 0.00 0.00 0.00 0.00 0.00
1.00 3.07 3.38 3.09 4.78 5.23 2.94 1.59 0.00 0.00 0.00 0.00 0.00 0.00 0.00
0 0 0 0 0 0 0 0 0 0 0 0 0 0 0
1.00 2.67 2.55 2.06 4.24 4.09 1.84 1.18 0.00 0.00 0.00 0.00 0.00 0.00 0.00
0 0 0 0 0 0 0 0 0 0 0 0 0 0 0
1.00 2.67 2.55 2.06 4.24 4.09 1.84 1.18 0.00 0.00 0.00 0.00 0.00 0.00 0.00
0 0 0 0 0 0 0 0 0 0 0 0 0 0 0
1.00 1.82 1.30 0.72 2.63 1.80 0.38 0.62 0.00 0.00 0.00 0.00 0.00 0.00 0.00
0 0 0 0 0 0 0 0 0 0 0 0 0 0 0
1.00 1.40 1.29 1.00 1.93 1.07 0.48 0.54 0.00 0.00 0.00 0.00 0.00 0.00 0.00
0 0 0 0 0 0 0 0 0 0 0 0 0 0 0
1.00 -0.77 -1.31 -1.98 -2.02 -3.26 -2.45 -0.85 0.00 0.00 0.00 0.00 0.00 0.00 0.00
0 0 0 0 0 0 0 0 0 0 0 0 0 0 0
1.00 -3.66 -5.31 -5.97 -6.49 -7.76 -5.62 -2.37 0.00 0.00 0.00 0.00 0.00 0.00 0.00
0 0 0 0 0 0 0 0 0 0 0 0 0 0 0
1.00 -2.43 -3.59 -3.62 -3.91 -4.63 -2.89 -1.50 0.00 0.00 0.00 0.00 0.00 0.00 0.00
0 0 0 0 0 0 0 0 0 0 0 0 0 0 0
1.00 -3.62 -3.92 -3.29 -4.16 -4.26 -2.58 -1.51 0.00 0.00 0.00 0.00 0.00 0.00 0.00
0 0 0 0 0 0 0 0 0 0 0 0 0 0 0
1.00 -3.07 -3.25 -3.01 -3.49 -3.61 -2.41 -1.30 0.00 0.00 0.00 0.00 0.00 0.00 0.00
0 0 0 0 0 0 0 0 0 0 0 0 0 0 0
1.00 -2.65 -2.62 -2.29 -2.92 -2.98 -1.89 -1.05 0.00 0.00 0.00 0.00 0.00 0.00 0.00
0 0 0 0 0 0 0 0 0 0 0 0 0 0 0
