1.00 1.89 2.34 2.32 1.57 2.16 1.48 0.91 0.00 0.00 0.00 0.00 0.00 0.00 0.00
1.00 2.38 2.50 2.00 1.88 2.07 1.38 0.87 0.00 0.00 0.00 0.00 0.00 0.00 0.00
1.00 1.44 1.58 1.32 1.29 1.45 0.97 0.60 0.00 0.00 0.00 0.00 0.00 0.00 0.00
0 0 0 0 0 0 0 0 0 0 0 0 0 0 0
1.00 1.15 1.05 0.53 0.85 1.02 0.44 0.35 0.00 0.00 0.00 0.00 0.00 0.00 0.00
0 0 0 0 0 0 0 0 0 0 0 0 0 0 0
1.00 1.15 1.05 0.53 0.85 1.02 0.44 0.35 0.00 0.00 0.00 0.00 0.00 0.00 0.00
0 0 0 0 0 0 0 0 0 0 0 0 0 0 0
1.00 0.36 0.14 -0.17 0.21 0.08 -0.07 -0.02 0.00 0.00 0.00 0.00 0.00 0.00 0.00
0 0 0 0 0 0 0 0 0 0 0 0 0 0 0
1.00 -0.12 -0.40 -0.32 -0.22 -0.30 -0.28 -0.07 0.00 0.00 0.00 0.00 0.00 0.00 0.00
0 0 0 0 0 0 0 0 0 0 0 0 0 0 0
1.00 0.87 1.16 1.13 0.70 0.81 0.66 0.37 0.00 0.00 0.00 0.00 0.00 0.00 0.00
0 0 0 0 0 0 0 0 0 0 0 0 0 0 0
1.00 0.10 0.05 -0.12 -0.05 -0.19 -0.17 -0.08 0.00 0.00 0.00 0.00 0.00 0.00 0.00
0 0 0 0 0 0 0 0 0 0 0 0 0 0 0
1.00 -0.88 -1.15 -1.13 -0.72 -0.88 -0.86 -0.38 0.00 0.00 0.00 0.00 0.00 0.00 0.00
0 0 0 0 0 0 0 0 0 0 0 0 0 0 0
1.00 -0.90 -1.17 -1.14 -0.73 -0.90 -0.86 -0.39 0.00 0.00 0.00 0.00 0.00 0.00 0.00
0 0 0 0 0 0 0 0 0 0 0 0 0 0 0
1.00 -1.44 -1.57 -1.65 -1.07 -1.12 -0.94 -0.45 0.00 0.00 0.00 0.00 0.00 0.00 0.00
0 0 0 0 0 0 0 0 0 0 0 0 0 0 0
1.00 -1.59 -1.94 -1.72 -1.19 -1.63 -1.10 -0.60 0.00 0.00 0.00 0.00 0.00 0.00 0.00
0 0 0 0 0 0 0 0 0 0 0 0 0 0 0
