1.00 -0.92 0.21 1.36 -1.86 -1.02 0.84 -0.24 0.00 0.00 0.00 0.00 0.00 0.00 0.00
1.00 2.01 3.34 3.49 1.62 3.23 2.72 1.07 0.00 0.00 0.00 0.00 0.00 0.00 0.00
1.00 3.58 4.16 3.81 4.36 5.11 3.33 1.71 0.00 0.00 0.00 0.00 0.00 0.00 0.00
0 0 0 0 0 0 0 0 0 0 0 0 0 0 0
1.00 3.98 3.99 3.51 5.69 5.69 3.07 1.80 0.00 0.00 0.00 0.00 0.00 0.00 0.00
0 0 0 0 0 0 0 0 0 0 0 0 0 0 0
1.00 3.98 3.99 3.51 5.69 5.69 3.07 1.80 0.00 0.00 0.00 0.00 0.00 0.00 0.00
0 0 0 0 0 0 0 0 0 0 0 0 0 0 0
1.00 3.24 3.60 3.27 5.08 5.35 3.14 1.64 0.00 0.00 0.00 0.00 0.00 0.00 0.00
0 0 0 0 0 0 0 0 0 0 0 0 0 0 0
1.00 1.97 1.99 1.65 3.09 2.48 1.20 0.91 0.00 0.00 0.00 0.00 0.00 0.00 0.00
0 0 0 0 0 0 0 0 0 0 0 0 0 0 0
1.00 0.03 -0.49 -1.08 -0.55 -1.62 -1.57 -0.35 0.00 0.00 0.00 0.00 0.00 0.00 0.00
0 0 0 0 0 0 0 0 0 0 0 0 0 0 0
1.00 -3.00 -4.78 -5.78 -5.15 -6.64 -5.03 -2.07 0.00 0.00 0.00 0.00 0.00 0.00 0.00
0 0 0 0 0 0 0 0 0 0 0 0 0 0 0
1.00 -2.33 -3.79 -3.73 -3.54 -4.31 -3.02 -1.44 0.00 0.00 0.00 0.00 0.00 0.00 0.00
0 0 0 0 0 0 0 0 0 0 0 0 0 0 0
1.00 -3.45 -3.66 -3.43 -3.86 -3.98 -2.62 -1.41 0.00 0.00 0.00 0.00 0.00 0.00 0.00
0 0 0 0 0 0 0 0 0 0 0 0 0 0 0
1.00 -3.25 -3.36 -3.01 -3.38 -3.39 -2.16 -1.26 0.00 0.00 0.00 0.00 0.00 0.00 0.00
0 0 0 0 0 0 0 0 0 0 0 0 0 0 0
1.00 -2.79 -2.86 -2.51 -3.01 -2.87 -1.95 -1.05 0.00 0.00 0.00 0.00 0.00 0.00 0.00
0 0 0 0 0 0 0 0 0 0 0 0 0 0 0
