1.00 1.96 2.16 1.84 1.48 1.73 1.22 0.78 0.00 0.00 0.00 0.00 0.00 0.00 0.00
1.00 0.89 1.00 0.75 0.89 0.92 0.60 0.43 0.00 0.00 0.00 0.00 0.00 0.00 0.00
1.00 0.69 0.52 0.53 0.49 0.65 0.33 0.26 0.00 0.00 0.00 0.00 0.00 0.00 0.00
0 0 0 0 0 0 0 0 0 0 0 0 0 0 0
1.00 0.48 0.47 0.20 0.47 0.50 0.17 0.16 0.00 0.00 0.00 0.00 0.00 0.00 0.00
0 0 0 0 0 0 0 0 0 0 0 0 0 0 0
1.00 0.48 0.47 0.20 0.47 0.50 0.17 0.16 0.00 0.00 0.00 0.00 0.00 0.00 0.00
0 0 0 0 0 0 0 0 0 0 0 0 0 0 0
1.00 0.76 0.79 0.90 0.63 0.61 0.55 0.27 0.00 0.00 0.00 0.00 0.00 0.00 0.00
0 0 0 0 0 0 0 0 0 0 0 0 0 0 0
1.00 0.66 0.68 0.78 0.56 0.52 0.48 0.24 0.00 0.00 0.00 0.00 0.00 0.00 0.00
0 0 0 0 0 0 0 0 0 0 0 0 0 0 0
1.00 0.16 -0.02 0.29 0.13 -0.08 0.06 0.02 0.00 0.00 0.00 0.00 0.00 0.00 0.00
0 0 0 0 0 0 0 0 0 0 0 0 0 0 0
1.00 -0.37 -0.33 -0.54 -0.39 -0.41 -0.47 -0.16 0.00 0.00 0.00 0.00 0.00 0.00 0.00
0 0 0 0 0 0 0 0 0 0 0 0 0 0 0
1.00 -1.00 -1.42 -1.40 -0.91 -1.12 -0.83 -0.45 0.00 0.00 0.00 0.00 0.00 0.00 0.00
0 0 0 0 0 0 0 0 0 0 0 0 0 0 0
1.00 -1.40 -1.88 -2.20 -1.16 -1.50 -1.28 -0.67 0.00 0.00 0.00 0.00 0.00 0.00 0.00
0 0 0 0 0 0 0 0 0 0 0 0 0 0 0
1.00 -0.99 -1.10 -1.19 -0.76 -0.91 -0.63 -0.34 0.00 0.00 0.00 0.00 0.00 0.00 0.00
0 0 0 0 0 0 0 0 0 0 0 0 0 0 0
1.00 -1.04 -1.18 -1.22 -0.76 -0.93 -0.80 -0.40 0.00 0.00 0.00 0.00 0.00 0.00 0.00
0 0 0 0 0 0 0 0 0 0 0 0 0 0 0
