1.00 0.75 1.26 1.57 0.72 1.09 1.11 0.47 0.00 0.00 0.00 0.00 0.00 0.00 0.00
1.00 1.68 1.69 1.40 1.22 1.64 0.89 0.68 0.00 0.00 0.00 0.00 0.00 0.00 0.00
1.00 1.73 1.44 0.93 1.41 1.25 0.70 0.52 0.00 0.00 0.00 0.00 0.00 0.00 0.00
0 0 0 0 0 0 0 0 0 0 0 0 0 0 0
1.00 1.12 1.04 0.92 0.83 1.00 0.57 0.38 0.00 0.00 0.00 0.00 0.00 0.00 0.00
0 0 0 0 0 0 0 0 0 0 0 0 0 0 0
1.00 1.12 1.04 0.92 0.83 1.00 0.57 0.38 0.00 0.00 0.00 0.00 0.00 0.00 0.00
0 0 0 0 0 0 0 0 0 0 0 0 0 0 0
1.00 0.78 0.56 0.36 0.69 0.47 0.29 0.24 0.00 0.00 0.00 0.00 0.00 0.00 0.00
0 0 0 0 0 0 0 0 0 0 0 0 0 0 0
1.00 0.08 -0.08 -0.28 0.08 -0.12 -0.22 -0.01 0.00 0.00 0.00 0.00 0.00 0.00 0.00
0 0 0 0 0 0 0 0 0 0 0 0 0 0 0
1.00 -0.17 -0.37 -0.56 -0.12 -0.36 -0.40 -0.11 0.00 0.00 0.00 0.00 0.00 0.00 0.00
0 0 0 0 0 0 0 0 0 0 0 0 0 0 0
1.00 -1.00 -1.11 -1.05 -0.96 -1.05 -0.69 -0.42 0.00 0.00 0.00 0.00 0.00 0.00 0.00
0 0 0 0 0 0 0 0 0 0 0 0 0 0 0
1.00 0.11 0.28 0.25 -0.07 0.11 -0.03 0.06 0.00 0.00 0.00 0.00 0.00 0.00 0.00
0 0 0 0 0 0 0 0 0 0 0 0 0 0 0
1.00 -0.34 -0.68 -0.86 -0.48 -0.78 -0.69 -0.27 0.00 0.00 0.00 0.00 0.00 0.00 0.00
0 0 0 0 0 0 0 0 0 0 0 0 0 0 0
1.00 -1.13 -1.12 -1.32 -0.89 -1.03 -0.84 -0.40 0.00 0.00 0.00 0.00 0.00 0.00 0.00
0 0 0 0 0 0 0 0 0 0 0 0 0 0 0
1.00 -1.26 -1.68 -1.73 -1.02 -1.25 -1.05 -0.52 0.00 0.00 0.00 0.00 0.00 0.00 0.00
0 0 0 0 0 0 0 0 0 0 0 0 0 0 0
