1.00 1.06 1.10 0.75 0.77 0.99 0.29 0.33 0.00 0.00 0.00 0.00 0.00 0.00 0.00
1.00 0.66 0.58 0.36 0.49 0.37 -0.09 0.16 0.00 0.00 0.00 0.00 0.00 0.00 0.00
1.00 0.13 -0.50 -0.73 0.04 -0.38 -0.66 -0.11 0.00 0.00 0.00 0.00 0.00 0.00 0.00
0 0 0 0 0 0 0 0 0 0 0 0 0 0 0
1.00 -1.01 -1.43 -1.34 -0.57 -1.13 -0.87 -0.31 0.00 0.00 0.00 0.00 0.00 0.00 0.00
0 0 0 0 0 0 0 0 0 0 0 0 0 0 0
1.00 -1.01 -1.43 -1.34 -0.57 -1.13 -0.87 -0.31 0.00 0.00 0.00 0.00 0.00 0.00 0.00
0 0 0 0 0 0 0 0 0 0 0 0 0 0 0
1.00 -0.50 -0.72 -0.92 -0.20 -0.64 -0.59 -0.18 0.00 0.00 0.00 0.00 0.00 0.00 0.00
0 0 0 0 0 0 0 0 0 0 0 0 0 0 0
1.00 -0.82 -1.18 -0.87 -0.65 -0.84 -0.56 -0.33 0.00 0.00 0.00 0.00 0.00 0.00 0.00
0 0 0 0 0 0 0 0 0 0 0 0 0 0 0
1.00 -0.93 -0.93 -0.79 -0.57 -0.56 -0.54 -0.26 0.00 0.00 0.00 0.00 0.00 0.00 0.00
0 0 0 0 0 0 0 0 0 0 0 0 0 0 0
1.00 -0.96 -0.96 -0.82 -0.58 -0.62 -0.55 -0.32 0.00 0.00 0.00 0.00 0.00 0.00 0.00
0 0 0 0 0 0 0 0 0 0 0 0 0 0 0
1.00 -0.59 -0.52 -0.47 -0.29 -0.31 -0.21 -0.11 0.00 0.00 0.00 0.00 0.00 0.00 0.00
0 0 0 0 0 0 0 0 0 0 0 0 0 0 0
1.00 -0.49 -0.40 -0.36 -0.23 -0.22 -0.12 -0.08 0.00 0.00 0.00 0.00 0.00 0.00 0.00
0 0 0 0 0 0 0 0 0 0 0 0 0 0 0
1.00 -0.27 -0.12 -0.02 -0.20 -0.17 -0.07 -0.07 0.00 0.00 0.00 0.00 0.00 0.00 0.00
0 0 0 0 0 0 0 0 0 0 0 0 0 0 0
1.00 0.03 -0.13 -0.07 -0.02 -0.10 -0.11 -0.06 0.00 0.00 0.00 0.00 0.00 0.00 0.00
0 0 0 0 0 0 0 0 0 0 0 0 0 0 0
