1.00 1.55 1.83 1.67 1.26 1.61 1.23 0.75 0.00 0.00 0.00 0.00 0.00 0.00 0.00
1.00 1.21 1.37 1.37 0.98 1.28 0.88 0.52 0.00 0.00 0.00 0.00 0.00 0.00 0.00
1.00 1.08 0.98 0.75 0.88 0.93 0.55 0.43 0.00 0.00 0.00 0.00 0.00 0.00 0.00
0 0 0 0 0 0 0 0 0 0 0 0 0 0 0
1.00 0.67 0.53 0.19 0.59 0.49 0.20 0.22 0.00 0.00 0.00 0.00 0.00 0.00 0.00
0 0 0 0 0 0 0 0 0 0 0 0 0 0 0
1.00 0.67 0.53 0.19 0.59 0.49 0.20 0.22 0.00 0.00 0.00 0.00 0.00 0.00 0.00
0 0 0 0 0 0 0 0 0 0 0 0 0 0 0
1.00 0.37 0.17 -0.18 0.17 0.16 -0.05 0.05 0.00 0.00 0.00 0.00 0.00 0.00 0.00
0 0 0 0 0 0 0 0 0 0 0 0 0 0 0
1.00 -0.32 -0.60 -0.72 -0.25 -0.50 -0.46 -0.16 0.00 0.00 0.00 0.00 0.00 0.00 0.00
0 0 0 0 0 0 0 0 0 0 0 0 0 0 0
1.00 0.12 0.12 0.08 0.06 -0.04 -0.25 -0.06 0.00 0.00 0.00 0.00 0.00 0.00 0.00
0 0 0 0 0 0 0 0 0 0 0 0 0 0 0
1.00 -0.47 -0.61 -0.68 -0.61 -0.72 -0.63 -0.34 0.00 0.00 0.00 0.00 0.00 0.00 0.00
0 0 0 0 0 0 0 0 0 0 0 0 0 0 0
1.00 -1.29 -1.61 -1.69 -1.22 -1.32 -1.07 -0.56 0.00 0.00 0.00 0.00 0.00 0.00 0.00
0 0 0 0 0 0 0 0 0 0 0 0 0 0 0
1.00 -1.63 -2.15 -2.25 -1.22 -1.68 -1.36 -0.69 0.00 0.00 0.00 0.00 0.00 0.00 0.00
0 0 0 0 0 0 0 0 0 0 0 0 0 0 0
1.00 -0.93 -1.27 -1.16 -0.64 -0.87 -0.73 -0.37 0.00 0.00 0.00 0.00 0.00 0.00 0.00
0 0 0 0 0 0 0 0 0 0 0 0 0 0 0
1.00 -1.03 -1.17 -1.17 -0.78 -0.78 -0.63 -0.37 0.00 0.00 0.00 0.00 0.00 0.00 0.00
0 0 0 0 0 0 0 0 0 0 0 0 0 0 0
