1.00 1.17 1.01 0.98 1.09 1.09 0.81 0.39 0.00 0.00 0.00 0.00 0.00 0.00 0.00
1.00 0.77 0.60 0.51 0.69 0.67 0.45 0.24 0.00 0.00 0.00 0.00 0.00 0.00 0.00
1.00 0.40 0.24 0.15 0.38 0.34 0.35 0.20 0.00 0.00 0.00 0.00 0.00 0.00 0.00
0 0 0 0 0 0 0 0 0 0 0 0 0 0 0
1.00 0.22 0.05 -0.08 0.20 0.14 0.14 0.12 0.00 0.00 0.00 0.00 0.00 0.00 0.00
0 0 0 0 0 0 0 0 0 0 0 0 0 0 0
1.00 0.22 0.05 -0.08 0.20 0.14 0.14 0.12 0.00 0.00 0.00 0.00 0.00 0.00 0.00
0 0 0 0 0 0 0 0 0 0 0 0 0 0 0
1.00 0.02 -0.17 -0.25 0.06 -0.01 -0.42 0.00 0.00 0.00 0.00 0.00 0.00 0.00 0.00
0 0 0 0 0 0 0 0 0 0 0 0 0 0 0
1.00 0.20 -0.11 -0.06 0.22 -0.00 -0.22 -0.00 0.00 0.00 0.00 0.00 0.00 0.00 0.00
0 0 0 0 0 0 0 0 0 0 0 0 0 0 0
1.00 -0.36 -0.32 -0.38 -0.29 -0.38 -0.38 -0.16 0.00 0.00 0.00 0.00 0.00 0.00 0.00
0 0 0 0 0 0 0 0 0 0 0 0 0 0 0
1.00 -0.63 -0.72 -0.76 -0.81 -0.73 -0.82 -0.36 0.00 0.00 0.00 0.00 0.00 0.00 0.00
0 0 0 0 0 0 0 0 0 0 0 0 0 0 0
1.00 -1.08 -1.06 -0.99 -1.02 -1.00 -1.03 -0.40 0.00 0.00 0.00 0.00 0.00 0.00 0.00
0 0 0 0 0 0 0 0 0 0 0 0 0 0 0
1.00 -0.50 -0.31 -0.33 -0.45 -0.26 -0.35 -0.13 0.00 0.00 0.00 0.00 0.00 0.00 0.00
0 0 0 0 0 0 0 0 0 0 0 0 0 0 0
1.00 -0.50 -0.52 -0.62 -0.29 -0.42 -0.61 -0.17 0.00 0.00 0.00 0.00 0.00 0.00 0.00
0 0 0 0 0 0 0 0 0 0 0 0 0 0 0
1.00 -0.57 -0.62 -0.74 -0.50 -0.48 -0.60 -0.23 0.00 0.00 0.00 0.00 0.00 0.00 0.00
0 0 0 0 0 0 0 0 0 0 0 0 0 0 0
