1.00 0.08 -0.36 -0.47 -0.04 -0.51 -0.41 -0.14 0.00 0.00 0.00 0.00 0.00 0.00 0.00
1.00 -0.94 -1.11 -1.11 -0.90 -1.05 -0.82 -0.35 0.00 0.00 0.00 0.00 0.00 0.00 0.00
1.00 -1.53 -1.47 -1.29 -1.26 -1.26 -1.00 -0.53 0.00 0.00 0.00 0.00 0.00 0.00 0.00
0 0 0 0 0 0 0 0 0 0 0 0 0 0 0
1.00 -0.67 -0.69 -0.65 -0.51 -0.48 -0.47 -0.24 0.00 0.00 0.00 0.00 0.00 0.00 0.00
0 0 0 0 0 0 0 0 0 0 0 0 0 0 0
1.00 -0.67 -0.69 -0.65 -0.51 -0.48 -0.47 -0.24 0.00 0.00 0.00 0.00 0.00 0.00 0.00
0 0 0 0 0 0 0 0 0 0 0 0 0 0 0
1.00 -0.62 -0.46 -0.55 -0.53 -0.54 -0.43 -0.18 0.00 0.00 0.00 0.00 0.00 0.00 0.00
0 0 0 0 0 0 0 0 0 0 0 0 0 0 0
1.00 -0.36 -0.48 -0.44 -0.41 -0.40 -0.22 -0.16 0.00 0.00 0.00 0.00 0.00 0.00 0.00
0 0 0 0 0 0 0 0 0 0 0 0 0 0 0
1.00 -0.39 -0.38 -0.15 -0.40 -0.36 -0.20 -0.16 0.00 0.00 0.00 0.00 0.00 0.00 0.00
0 0 0 0 0 0 0 0 0 0 0 0 0 0 0
1.00 -0.37 -0.22 -0.24 -0.31 -0.38 -0.21 -0.16 0.00 0.00 0.00 0.00 0.00 0.00 0.00
0 0 0 0 0 0 0 0 0 0 0 0 0 0 0
1.00 -0.35 -0.02 -0.21 -0.15 -0.18 -0.12 -0.06 0.00 0.00 0.00 0.00 0.00 0.00 0.00
0 0 0 0 0 0 0 0 0 0 0 0 0 0 0
1.00 -0.20 -0.18 -0.13 -0.20 -0.13 -0.18 -0.11 0.00 0.00 0.00 0.00 0.00 0.00 0.00
0 0 0 0 0 0 0 0 0 0 0 0 0 0 0
1.00 -0.09 0.05 -0.06 -0.16 0.04 -0.04 -0.02 0.00 0.00 0.00 0.00 0.00 0.00 0.00
0 0 0 0 0 0 0 0 0 0 0 0 0 0 0
1.00 0.18 0.23 0.10 0.10 0.12 0.14 0.07 0.00 0.00 0.00 0.00 0.00 0.00 0.00
0 0 0 0 0 0 0 0 0 0 0 0 0 0 0
