1.00 0.95 2.01 2.51 0.18 1.44 1.77 0.58 0.00 0.00 0.00 0.00 0.00 0.00 0.00
1.00 2.61 2.99 2.89 2.85 3.44 2.47 1.23 0.00 0.00 0.00 0.00 0.00 0.00 0.00
1.00 2.00 2.23 2.15 2.07 2.54 1.84 0.92 0.00 0.00 0.00 0.00 0.00 0.00 0.00
0 0 0 0 0 0 0 0 0 0 0 0 0 0 0
1.00 2.31 2.61 2.01 3.39 3.54 1.74 1.19 0.00 0.00 0.00 0.00 0.00 0.00 0.00
0 0 0 0 0 0 0 0 0 0 0 0 0 0 0
1.00 2.31 2.61 2.01 3.39 3.54 1.74 1.19 0.00 0.00 0.00 0.00 0.00 0.00 0.00
0 0 0 0 0 0 0 0 0 0 0 0 0 0 0
1.00 2.12 1.98 1.43 3.63 2.93 1.28 0.95 0.00 0.00 0.00 0.00 0.00 0.00 0.00
0 0 0 0 0 0 0 0 0 0 0 0 0 0 0
1.00 2.94 3.29 2.63 4.40 4.06 1.86 1.45 0.00 0.00 0.00 0.00 0.00 0.00 0.00
0 0 0 0 0 0 0 0 0 0 0 0 0 0 0
1.00 1.37 0.87 0.04 1.04 -0.10 -0.67 0.22 0.00 0.00 0.00 0.00 0.00 0.00 0.00
0 0 0 0 0 0 0 0 0 0 0 0 0 0 0
1.00 -1.93 -3.38 -3.89 -3.84 -5.07 -3.75 -1.61 0.00 0.00 0.00 0.00 0.00 0.00 0.00
0 0 0 0 0 0 0 0 0 0 0 0 0 0 0
1.00 -5.96 -7.33 -6.85 -7.27 -8.04 -5.34 -2.90 0.00 0.00 0.00 0.00 0.00 0.00 0.00
0 0 0 0 0 0 0 0 0 0 0 0 0 0 0
1.00 -3.81 -3.93 -3.53 -4.09 -4.17 -2.55 -1.52 0.00 0.00 0.00 0.00 0.00 0.00 0.00
0 0 0 0 0 0 0 0 0 0 0 0 0 0 0
1.00 -3.21 -3.51 -3.17 -3.52 -3.46 -2.29 -1.35 0.00 0.00 0.00 0.00 0.00 0.00 0.00
0 0 0 0 0 0 0 0 0 0 0 0 0 0 0
1.00 -2.84 -2.84 -2.47 -3.08 -2.96 -1.93 -1.13 0.00 0.00 0.00 0.00 0.00 0.00 0.00
0 0 0 0 0 0 0 0 0 0 0 0 0 0 0
