1.00 2.34 3.76 4.24 2.28 3.56 3.20 1.34 0.00 0.00 0.00 0.00 0.00 0.00 0.00
1.00 1.68 2.49 2.69 1.40 2.23 1.83 0.88 0.00 0.00 0.00 0.00 0.00 0.00 0.00
1.00 2.32 2.78 2.76 2.55 3.03 2.12 1.06 0.00 0.00 0.00 0.00 0.00 0.00 0.00
0 0 0 0 0 0 0 0 0 0 0 0 0 0 0
1.00 2.32 2.46 2.07 2.93 3.00 1.70 1.05 0.00 0.00 0.00 0.00 0.00 0.00 0.00
0 0 0 0 0 0 0 0 0 0 0 0 0 0 0
1.00 2.32 2.46 2.07 2.93 3.00 1.70 1.05 0.00 0.00 0.00 0.00 0.00 0.00 0.00
0 0 0 0 0 0 0 0 0 0 0 0 0 0 0
1.00 1.72 1.73 1.36 2.22 2.21 1.17 0.76 0.00 0.00 0.00 0.00 0.00 0.00 0.00
0 0 0 0 0 0 0 0 0 0 0 0 0 0 0
1.00 1.23 1.00 0.53 1.77 1.21 0.30 0.49 0.00 0.00 0.00 0.00 0.00 0.00 0.00
0 0 0 0 0 0 0 0 0 0 0 0 0 0 0
1.00 3.04 3.37 2.69 3.64 3.44 1.81 1.32 0.00 0.00 0.00 0.00 0.00 0.00 0.00
0 0 0 0 0 0 0 0 0 0 0 0 0 0 0
1.00 1.68 1.35 0.44 1.18 0.40 -0.21 0.30 0.00 0.00 0.00 0.00 0.00 0.00 0.00
0 0 0 0 0 0 0 0 0 0 0 0 0 0 0
1.00 -1.00 -2.13 -2.87 -2.25 -3.29 -2.50 -1.04 0.00 0.00 0.00 0.00 0.00 0.00 0.00
0 0 0 0 0 0 0 0 0 0 0 0 0 0 0
1.00 -4.26 -5.28 -4.86 -5.07 -5.50 -3.69 -2.03 0.00 0.00 0.00 0.00 0.00 0.00 0.00
0 0 0 0 0 0 0 0 0 0 0 0 0 0 0
1.00 -5.07 -5.43 -4.63 -5.23 -5.23 -3.31 -2.00 0.00 0.00 0.00 0.00 0.00 0.00 0.00
0 0 0 0 0 0 0 0 0 0 0 0 0 0 0
1.00 -2.72 -2.82 -2.36 -2.72 -2.70 -1.76 -1.04 0.00 0.00 0.00 0.00 0.00 0.00 0.00
0 0 0 0 0 0 0 0 0 0 0 0 0 0 0
