1.00 -0.33 -0.39 -0.55 -0.32 -0.46 -0.39 -0.14 0.00 0.00 0.00 0.00 0.00 0.00 0.00
1.00 -0.65 -0.54 -0.49 -0.61 -0.48 -0.24 -0.21 0.00 0.00 0.00 0.00 0.00 0.00 0.00
1.00 -0.63 -0.90 -0.55 -0.44 -0.59 -0.28 -0.22 0.00 0.00 0.00 0.00 0.00 0.00 0.00
0 0 0 0 0 0 0 0 0 0 0 0 0 0 0
1.00 -0.59 -0.47 -0.53 -0.42 -0.54 -0.35 -0.16 0.00 0.00 0.00 0.00 0.00 0.00 0.00
0 0 0 0 0 0 0 0 0 0 0 0 0 0 0
1.00 -0.59 -0.47 -0.53 -0.42 -0.54 -0.35 -0.16 0.00 0.00 0.00 0.00 0.00 0.00 0.00
0 0 0 0 0 0 0 0 0 0 0 0 0 0 0
1.00 -0.35 -0.20 -0.25 -0.29 -0.34 -0.17 -0.07 0.00 0.00 0.00 0.00 0.00 0.00 0.00
0 0 0 0 0 0 0 0 0 0 0 0 0 0 0
1.00 -0.22 -0.28 -0.26 -0.13 -0.22 -0.22 -0.05 0.00 0.00 0.00 0.00 0.00 0.00 0.00
0 0 0 0 0 0 0 0 0 0 0 0 0 0 0
1.00 -0.17 -0.17 -0.04 -0.11 -0.08 -0.05 -0.02 0.00 0.00 0.00 0.00 0.00 0.00 0.00
0 0 0 0 0 0 0 0 0 0 0 0 0 0 0
1.00 -0.19 -0.07 -0.06 -0.11 -0.06 0.03 -0.00 0.00 0.00 0.00 0.00 0.00 0.00 0.00
0 0 0 0 0 0 0 0 0 0 0 0 0 0 0
1.00 -0.09 -0.08 -0.03 -0.15 -0.13 -0.05 -0.05 0.00 0.00 0.00 0.00 0.00 0.00 0.00
0 0 0 0 0 0 0 0 0 0 0 0 0 0 0
1.00 0.07 -0.02 -0.09 -0.01 0.02 -0.08 0.02 0.00 0.00 0.00 0.00 0.00 0.00 0.00
0 0 0 0 0 0 0 0 0 0 0 0 0 0 0
1.00 -0.03 -0.09 -0.04 0.03 0.03 0.03 -0.01 0.00 0.00 0.00 0.00 0.00 0.00 0.00
0 0 0 0 0 0 0 0 0 0 0 0 0 0 0
1.00 -0.05 0.06 0.13 0.04 0.10 0.05 0.01 0.00 0.00 0.00 0.00 0.00 0.00 0.00
0 0 0 0 0 0 0 0 0 0 0 0 0 0 0
