1.00 -1.40 -1.86 -1.90 -1.01 -1.58 -1.31 -0.57 0.00 0.00 0.00 0.00 0.00 0.00 0.00
1.00 -0.91 -0.94 -1.02 -0.63 -0.83 -0.64 -0.30 0.00 0.00 0.00 0.00 0.00 0.00 0.00
1.00 -0.87 -0.91 -0.74 -0.57 -0.74 -0.42 -0.31 0.00 0.00 0.00 0.00 0.00 0.00 0.00
0 0 0 0 0 0 0 0 0 0 0 0 0 0 0
1.00 -0.74 -0.72 -0.75 -0.59 -0.66 -0.54 -0.22 0.00 0.00 0.00 0.00 0.00 0.00 0.00
0 0 0 0 0 0 0 0 0 0 0 0 0 0 0
1.00 -0.74 -0.72 -0.75 -0.59 -0.66 -0.54 -0.22 0.00 0.00 0.00 0.00 0.00 0.00 0.00
0 0 0 0 0 0 0 0 0 0 0 0 0 0 0
1.00 -0.70 -0.67 -0.57 -0.47 -0.55 -0.41 -0.19 0.00 0.00 0.00 0.00 0.00 0.00 0.00
0 0 0 0 0 0 0 0 0 0 0 0 0 0 0
1.00 -0.41 -0.36 -0.29 -0.22 -0.32 -0.25 -0.11 0.00 0.00 0.00 0.00 0.00 0.00 0.00
0 0 0 0 0 0 0 0 0 0 0 0 0 0 0
1.00 -0.16 -0.17 -0.23 -0.19 -0.03 -0.13 -0.03 0.00 0.00 0.00 0.00 0.00 0.00 0.00
0 0 0 0 0 0 0 0 0 0 0 0 0 0 0
1.00 -0.23 -0.27 -0.25 -0.21 -0.15 -0.12 -0.00 0.00 0.00 0.00 0.00 0.00 0.00 0.00
0 0 0 0 0 0 0 0 0 0 0 0 0 0 0
1.00 -0.16 -0.23 -0.00 -0.19 -0.23 -0.01 -0.08 0.00 0.00 0.00 0.00 0.00 0.00 0.00
0 0 0 0 0 0 0 0 0 0 0 0 0 0 0
1.00 -0.02 0.06 -0.00 0.02 0.01 0.11 0.01 0.00 0.00 0.00 0.00 0.00 0.00 0.00
0 0 0 0 0 0 0 0 0 0 0 0 0 0 0
1.00 0.14 0.13 0.05 0.11 0.16 0.02 0.01 0.00 0.00 0.00 0.00 0.00 0.00 0.00
0 0 0 0 0 0 0 0 0 0 0 0 0 0 0
1.00 0.06 -0.03 0.11 -0.03 0.13 0.04 0.04 0.00 0.00 0.00 0.00 0.00 0.00 0.00
0 0 0 0 0 0 0 0 0 0 0 0 0 0 0
