1.00 -0.75 0.45 1.74 -1.37 -0.14 1.24 0.01 0.00 0.00 0.00 0.00 0.00 0.00 0.00
1.00 2.14 3.11 3.34 1.67 2.91 2.52 1.12 0.00 0.00 0.00 0.00 0.00 0.00 0.00
1.00 3.46 3.97 3.35 4.16 4.57 2.76 1.62 0.00 0.00 0.00 0.00 0.00 0.00 0.00
0 0 0 0 0 0 0 0 0 0 0 0 0 0 0
1.00 3.57 3.69 2.84 4.68 4.44 2.28 1.56 0.00 0.00 0.00 0.00 0.00 0.00 0.00
0 0 0 0 0 0 0 0 0 0 0 0 0 0 0
1.00 3.57 3.69 2.84 4.68 4.44 2.28 1.56 0.00 0.00 0.00 0.00 0.00 0.00 0.00
0 0 0 0 0 0 0 0 0 0 0 0 0 0 0
1.00 3.23 3.73 3.23 4.57 4.73 2.81 1.63 0.00 0.00 0.00 0.00 0.00 0.00 0.00
0 0 0 0 0 0 0 0 0 0 0 0 0 0 0
1.00 2.36 2.47 2.05 2.96 2.74 1.45 1.09 0.00 0.00 0.00 0.00 0.00 0.00 0.00
0 0 0 0 0 0 0 0 0 0 0 0 0 0 0
1.00 0.78 0.57 0.10 0.63 0.11 -0.30 0.14 0.00 0.00 0.00 0.00 0.00 0.00 0.00
0 0 0 0 0 0 0 0 0 0 0 0 0 0 0
1.00 -1.19 -2.12 -2.44 -2.24 -2.96 -2.40 -0.97 0.00 0.00 0.00 0.00 0.00 0.00 0.00
0 0 0 0 0 0 0 0 0 0 0 0 0 0 0
1.00 -3.89 -5.37 -5.45 -5.21 -6.21 -4.25 -2.23 0.00 0.00 0.00 0.00 0.00 0.00 0.00
0 0 0 0 0 0 0 0 0 0 0 0 0 0 0
1.00 -2.96 -3.73 -3.46 -3.45 -3.87 -2.64 -1.43 0.00 0.00 0.00 0.00 0.00 0.00 0.00
0 0 0 0 0 0 0 0 0 0 0 0 0 0 0
1.00 -3.58 -3.67 -3.34 -3.52 -3.54 -2.19 -1.38 0.00 0.00 0.00 0.00 0.00 0.00 0.00
0 0 0 0 0 0 0 0 0 0 0 0 0 0 0
1.00 -3.10 -3.41 -2.85 -3.01 -3.07 -2.01 -1.20 0.00 0.00 0.00 0.00 0.00 0.00 0.00
0 0 0 0 0 0 0 0 0 0 0 0 0 0 0
