1.00 2.72 4.39 4.55 2.63 3.88 3.52 1.45 0.00 0.00 0.00 0.00 0.00 0.00 0.00
1.00 2.48 3.22 3.43 2.08 3.41 2.59 1.20 0.00 0.00 0.00 0.00 0.00 0.00 0.00
1.00 3.60 3.95 3.41 4.48 4.74 2.89 1.61 0.00 0.00 0.00 0.00 0.00 0.00 0.00
0 0 0 0 0 0 0 0 0 0 0 0 0 0 0
1.00 3.57 3.49 2.61 4.88 4.42 2.27 1.52 0.00 0.00 0.00 0.00 0.00 0.00 0.00
0 0 0 0 0 0 0 0 0 0 0 0 0 0 0
1.00 3.57 3.49 2.61 4.88 4.42 2.27 1.52 0.00 0.00 0.00 0.00 0.00 0.00 0.00
0 0 0 0 0 0 0 0 0 0 0 0 0 0 0
1.00 3.62 4.16 3.70 5.43 5.46 3.20 1.78 0.00 0.00 0.00 0.00 0.00 0.00 0.00
0 0 0 0 0 0 0 0 0 0 0 0 0 0 0
1.00 2.72 2.96 2.27 3.76 3.50 1.86 1.21 0.00 0.00 0.00 0.00 0.00 0.00 0.00
0 0 0 0 0 0 0 0 0 0 0 0 0 0 0
1.00 1.22 0.84 0.38 0.91 0.05 -0.36 0.22 0.00 0.00 0.00 0.00 0.00 0.00 0.00
0 0 0 0 0 0 0 0 0 0 0 0 0 0 0
1.00 -1.66 -2.80 -3.17 -3.36 -4.29 -3.11 -1.28 0.00 0.00 0.00 0.00 0.00 0.00 0.00
0 0 0 0 0 0 0 0 0 0 0 0 0 0 0
1.00 -5.42 -6.70 -6.40 -6.77 -7.30 -4.85 -2.64 0.00 0.00 0.00 0.00 0.00 0.00 0.00
0 0 0 0 0 0 0 0 0 0 0 0 0 0 0
1.00 -3.56 -3.80 -3.29 -3.91 -3.86 -2.52 -1.43 0.00 0.00 0.00 0.00 0.00 0.00 0.00
0 0 0 0 0 0 0 0 0 0 0 0 0 0 0
1.00 -3.14 -3.43 -2.92 -3.36 -3.36 -2.15 -1.21 0.00 0.00 0.00 0.00 0.00 0.00 0.00
0 0 0 0 0 0 0 0 0 0 0 0 0 0 0
1.00 -2.78 -2.94 -2.59 -2.79 -2.70 -1.88 -1.05 0.00 0.00 0.00 0.00 0.00 0.00 0.00
0 0 0 0 0 0 0 0 0 0 0 0 0 0 0
