1.00 0.82 1.53 2.14 0.64 1.00 1.27 0.45 0.00 0.00 0.00 0.00 0.00 0.00 0.00
1.00 1.44 1.79 2.05 1.22 1.36 1.26 0.68 0.00 0.00 0.00 0.00 0.00 0.00 0.00
1.00 1.31 1.54 1.28 1.08 1.32 0.79 0.55 0.00 0.00 0.00 0.00 0.00 0.00 0.00
0 0 0 0 0 0 0 0 0 0 0 0 0 0 0
1.00 0.99 0.92 0.65 0.81 0.85 0.42 0.38 0.00 0.00 0.00 0.00 0.00 0.00 0.00
0 0 0 0 0 0 0 0 0 0 0 0 0 0 0
1.00 0.99 0.92 0.65 0.81 0.85 0.42 0.38 0.00 0.00 0.00 0.00 0.00 0.00 0.00
0 0 0 0 0 0 0 0 0 0 0 0 0 0 0
1.00 0.77 0.94 0.97 0.82 0.73 0.57 0.36 0.00 0.00 0.00 0.00 0.00 0.00 0.00
0 0 0 0 0 0 0 0 0 0 0 0 0 0 0
1.00 0.59 0.71 0.73 0.69 0.56 0.43 0.28 0.00 0.00 0.00 0.00 0.00 0.00 0.00
0 0 0 0 0 0 0 0 0 0 0 0 0 0 0
1.00 0.40 0.17 0.01 0.29 0.24 0.07 0.05 0.00 0.00 0.00 0.00 0.00 0.00 0.00
0 0 0 0 0 0 0 0 0 0 0 0 0 0 0
1.00 -0.19 -0.35 -0.25 -0.34 -0.38 -0.29 -0.12 0.00 0.00 0.00 0.00 0.00 0.00 0.00
0 0 0 0 0 0 0 0 0 0 0 0 0 0 0
1.00 -0.67 -0.76 -0.82 -0.66 -0.71 -0.57 -0.32 0.00 0.00 0.00 0.00 0.00 0.00 0.00
0 0 0 0 0 0 0 0 0 0 0 0 0 0 0
1.00 -1.07 -1.58 -2.17 -0.93 -1.12 -1.19 -0.53 0.00 0.00 0.00 0.00 0.00 0.00 0.00
0 0 0 0 0 0 0 0 0 0 0 0 0 0 0
1.00 -0.73 -1.20 -1.29 -0.46 -0.88 -0.81 -0.35 0.00 0.00 0.00 0.00 0.00 0.00 0.00
0 0 0 0 0 0 0 0 0 0 0 0 0 0 0
1.00 -1.22 -1.66 -1.88 -0.84 -1.14 -0.93 -0.47 0.00 0.00 0.00 0.00 0.00 0.00 0.00
0 0 0 0 0 0 0 0 0 0 0 0 0 0 0
