1.00 -2.08 -1.59 -0.20 -2.51 -2.01 -0.15 -0.75 0.00 0.00 0.00 0.00 0.00 0.00 0.00
1.00 0.62 1.69 2.24 -0.19 1.04 1.52 0.45 0.00 0.00 0.00 0.00 0.00 0.00 0.00
1.00 2.49 3.30 3.16 2.52 3.18 2.41 1.22 0.00 0.00 0.00 0.00 0.00 0.00 0.00
0 0 0 0 0 0 0 0 0 0 0 0 0 0 0
1.00 3.09 3.40 2.91 3.84 3.81 2.33 1.38 0.00 0.00 0.00 0.00 0.00 0.00 0.00
0 0 0 0 0 0 0 0 0 0 0 0 0 0 0
1.00 3.09 3.40 2.91 3.84 3.81 2.33 1.38 0.00 0.00 0.00 0.00 0.00 0.00 0.00
0 0 0 0 0 0 0 0 0 0 0 0 0 0 0
1.00 3.10 3.26 2.42 3.88 3.85 2.01 1.29 0.00 0.00 0.00 0.00 0.00 0.00 0.00
0 0 0 0 0 0 0 0 0 0 0 0 0 0 0
1.00 2.71 3.18 2.73 3.63 3.73 2.07 1.33 0.00 0.00 0.00 0.00 0.00 0.00 0.00
0 0 0 0 0 0 0 0 0 0 0 0 0 0 0
1.00 1.42 1.19 0.69 1.66 1.00 0.13 0.44 0.00 0.00 0.00 0.00 0.00 0.00 0.00
0 0 0 0 0 0 0 0 0 0 0 0 0 0 0
1.00 0.95 0.70 0.29 1.18 0.53 -0.15 0.26 0.00 0.00 0.00 0.00 0.00 0.00 0.00
0 0 0 0 0 0 0 0 0 0 0 0 0 0 0
1.00 -4.32 -6.21 -6.59 -6.00 -7.06 -5.11 -2.51 0.00 0.00 0.00 0.00 0.00 0.00 0.00
0 0 0 0 0 0 0 0 0 0 0 0 0 0 0
1.00 -3.32 -4.08 -3.72 -4.00 -4.18 -2.78 -1.56 0.00 0.00 0.00 0.00 0.00 0.00 0.00
0 0 0 0 0 0 0 0 0 0 0 0 0 0 0
1.00 -3.50 -3.68 -3.29 -3.69 -3.58 -2.33 -1.35 0.00 0.00 0.00 0.00 0.00 0.00 0.00
0 0 0 0 0 0 0 0 0 0 0 0 0 0 0
1.00 -3.12 -3.53 -3.06 -3.11 -3.22 -2.20 -1.29 0.00 0.00 0.00 0.00 0.00 0.00 0.00
0 0 0 0 0 0 0 0 0 0 0 0 0 0 0
