1.00 1.14 1.20 1.44 0.78 0.85 0.88 0.43 0.00 0.00 0.00 0.00 0.00 0.00 0.00
1.00 1.49 1.67 1.71 1.11 1.29 1.08 0.57 0.00 0.00 0.00 0.00 0.00 0.00 0.00
1.00 0.99 1.12 1.26 0.89 0.93 0.81 0.41 0.00 0.00 0.00 0.00 0.00 0.00 0.00
0 0 0 0 0 0 0 0 0 0 0 0 0 0 0
1.00 0.68 1.01 0.56 0.60 0.69 0.37 0.34 0.00 0.00 0.00 0.00 0.00 0.00 0.00
0 0 0 0 0 0 0 0 0 0 0 0 0 0 0
1.00 0.68 1.01 0.56 0.60 0.69 0.37 0.34 0.00 0.00 0.00 0.00 0.00 0.00 0.00
0 0 0 0 0 0 0 0 0 0 0 0 0 0 0
1.00 0.41 -0.02 -0.21 0.35 0.27 -0.11 0.05 0.00 0.00 0.00 0.00 0.00 0.00 0.00
0 0 0 0 0 0 0 0 0 0 0 0 0 0 0
1.00 -0.26 -0.86 -1.20 -0.18 -0.50 -0.82 -0.23 0.00 0.00 0.00 0.00 0.00 0.00 0.00
0 0 0 0 0 0 0 0 0 0 0 0 0 0 0
1.00 -0.52 -0.78 -0.95 -0.37 -0.57 -0.63 -0.25 0.00 0.00 0.00 0.00 0.00 0.00 0.00
0 0 0 0 0 0 0 0 0 0 0 0 0 0 0
1.00 -1.17 -1.74 -2.28 -0.94 -1.37 -1.41 -0.63 0.00 0.00 0.00 0.00 0.00 0.00 0.00
0 0 0 0 0 0 0 0 0 0 0 0 0 0 0
1.00 -0.36 -0.64 -1.02 -0.30 -0.58 -0.66 -0.22 0.00 0.00 0.00 0.00 0.00 0.00 0.00
0 0 0 0 0 0 0 0 0 0 0 0 0 0 0
1.00 -0.83 -1.08 -1.29 -0.50 -0.63 -0.70 -0.31 0.00 0.00 0.00 0.00 0.00 0.00 0.00
0 0 0 0 0 0 0 0 0 0 0 0 0 0 0
1.00 -0.74 -1.28 -1.33 -0.69 -0.89 -0.86 -0.37 0.00 0.00 0.00 0.00 0.00 0.00 0.00
0 0 0 0 0 0 0 0 0 0 0 0 0 0 0
1.00 -1.05 -1.20 -1.43 -0.73 -0.91 -0.84 -0.40 0.00 0.00 0.00 0.00 0.00 0.00 0.00
0 0 0 0 0 0 0 0 0 0 0 0 0 0 0
