1.00 1.27 1.15 0.97 0.99 0.98 0.88 0.38 0.00 0.00 0.00 0.00 0.00 0.00 0.00
1.00 1.54 1.05 0.79 1.44 1.20 0.77 0.41 0.00 0.00 0.00 0.00 0.00 0.00 0.00
1.00 0.73 0.45 0.10 0.61 0.55 0.11 0.10 0.00 0.00 0.00 0.00 0.00 0.00 0.00
0 0 0 0 0 0 0 0 0 0 0 0 0 0 0
1.00 0.60 0.37 0.17 0.36 0.27 0.36 0.14 0.00 0.00 0.00 0.00 0.00 0.00 0.00
0 0 0 0 0 0 0 0 0 0 0 0 0 0 0
1.00 0.60 0.37 0.17 0.36 0.27 0.36 0.14 0.00 0.00 0.00 0.00 0.00 0.00 0.00
0 0 0 0 0 0 0 0 0 0 0 0 0 0 0
1.00 0.37 0.44 0.42 0.29 0.57 0.49 0.17 0.00 0.00 0.00 0.00 0.00 0.00 0.00
0 0 0 0 0 0 0 0 0 0 0 0 0 0 0
1.00 0.19 0.17 0.34 0.29 0.39 0.25 0.15 0.00 0.00 0.00 0.00 0.00 0.00 0.00
0 0 0 0 0 0 0 0 0 0 0 0 0 0 0
1.00 0.72 0.58 0.56 0.64 0.66 0.60 0.29 0.00 0.00 0.00 0.00 0.00 0.00 0.00
0 0 0 0 0 0 0 0 0 0 0 0 0 0 0
1.00 0.14 0.06 0.06 0.21 0.16 0.01 0.03 0.00 0.00 0.00 0.00 0.00 0.00 0.00
0 0 0 0 0 0 0 0 0 0 0 0 0 0 0
1.00 -0.67 -0.65 -0.53 -0.73 -0.73 -0.63 -0.24 0.00 0.00 0.00 0.00 0.00 0.00 0.00
0 0 0 0 0 0 0 0 0 0 0 0 0 0 0
1.00 -1.42 -1.44 -1.19 -1.23 -1.45 -1.14 -0.43 0.00 0.00 0.00 0.00 0.00 0.00 0.00
0 0 0 0 0 0 0 0 0 0 0 0 0 0 0
1.00 -0.61 -0.55 -0.54 -0.52 -0.66 -0.59 -0.18 0.00 0.00 0.00 0.00 0.00 0.00 0.00
0 0 0 0 0 0 0 0 0 0 0 0 0 0 0
1.00 -1.15 -1.05 -0.86 -0.97 -0.94 -0.80 -0.38 0.00 0.00 0.00 0.00 0.00 0.00 0.00
0 0 0 0 0 0 0 0 0 0 0 0 0 0 0
