1.00 0.60 0.45 0.17 0.39 0.27 -0.07 0.15 0.00 0.00 0.00 0.00 0.00 0.00 0.00
1.00 -0.09 -0.73 -0.93 -0.08 -0.63 -0.78 -0.16 0.00 0.00 0.00 0.00 0.00 0.00 0.00
1.00 -0.04 -0.39 -0.76 -0.12 -0.47 -0.63 -0.16 0.00 0.00 0.00 0.00 0.00 0.00 0.00
0 0 0 0 0 0 0 0 0 0 0 0 0 0 0
1.00 -1.13 -1.41 -1.37 -0.93 -1.18 -0.89 -0.37 0.00 0.00 0.00 0.00 0.00 0.00 0.00
0 0 0 0 0 0 0 0 0 0 0 0 0 0 0
1.00 -1.13 -1.41 -1.37 -0.93 -1.18 -0.89 -0.37 0.00 0.00 0.00 0.00 0.00 0.00 0.00
0 0 0 0 0 0 0 0 0 0 0 0 0 0 0
1.00 -1.63 -1.64 -1.35 -1.33 -1.26 -0.92 -0.52 0.00 0.00 0.00 0.00 0.00 0.00 0.00
0 0 0 0 0 0 0 0 0 0 0 0 0 0 0
1.00 -1.63 -1.52 -1.30 -1.18 -1.23 -0.92 -0.48 0.00 0.00 0.00 0.00 0.00 0.00 0.00
0 0 0 0 0 0 0 0 0 0 0 0 0 0 0
1.00 -0.92 -0.68 -0.56 -0.66 -0.59 -0.49 -0.23 0.00 0.00 0.00 0.00 0.00 0.00 0.00
0 0 0 0 0 0 0 0 0 0 0 0 0 0 0
1.00 -0.79 -0.64 -0.58 -0.56 -0.51 -0.35 -0.22 0.00 0.00 0.00 0.00 0.00 0.00 0.00
0 0 0 0 0 0 0 0 0 0 0 0 0 0 0
1.00 -0.55 -0.53 -0.48 -0.40 -0.41 -0.24 -0.16 0.00 0.00 0.00 0.00 0.00 0.00 0.00
0 0 0 0 0 0 0 0 0 0 0 0 0 0 0
1.00 -0.43 -0.48 -0.29 -0.36 -0.36 -0.18 -0.13 0.00 0.00 0.00 0.00 0.00 0.00 0.00
0 0 0 0 0 0 0 0 0 0 0 0 0 0 0
1.00 -0.27 -0.27 -0.11 -0.31 -0.25 -0.15 -0.06 0.00 0.00 0.00 0.00 0.00 0.00 0.00
0 0 0 0 0 0 0 0 0 0 0 0 0 0 0
1.00 -0.12 -0.14 0.00 0.01 -0.09 -0.09 -0.03 0.00 0.00 0.00 0.00 0.00 0.00 0.00
0 0 0 0 0 0 0 0 0 0 0 0 0 0 0
