1.00 -2.41 -2.99 -2.53 -2.57 -3.10 -1.93 -1.15 0.00 0.00 0.00 0.00 0.00 0.00 0.00
1.00 -1.67 -1.20 -0.03 -2.01 -1.63 -0.01 -0.58 0.00 0.00 0.00 0.00 0.00 0.00 0.00
1.00 0.88 2.13 2.91 0.47 1.60 2.00 0.61 0.00 0.00 0.00 0.00 0.00 0.00 0.00
0 0 0 0 0 0 0 0 0 0 0 0 0 0 0
1.00 3.47 4.28 3.92 3.48 4.44 3.03 1.64 0.00 0.00 0.00 0.00 0.00 0.00 0.00
0 0 0 0 0 0 0 0 0 0 0 0 0 0 0
1.00 3.47 4.28 3.92 3.48 4.44 3.03 1.64 0.00 0.00 0.00 0.00 0.00 0.00 0.00
0 0 0 0 0 0 0 0 0 0 0 0 0 0 0
1.00 4.51 4.86 4.01 5.33 5.56 3.43 1.97 0.00 0.00 0.00 0.00 0.00 0.00 0.00
0 0 0 0 0 0 0 0 0 0 0 0 0 0 0
1.00 2.81 2.88 2.51 3.57 3.56 2.21 1.26 0.00 0.00 0.00 0.00 0.00 0.00 0.00
0 0 0 0 0 0 0 0 0 0 0 0 0 0 0
1.00 2.13 1.91 1.37 2.90 2.50 1.21 0.87 0.00 0.00 0.00 0.00 0.00 0.00 0.00
0 0 0 0 0 0 0 0 0 0 0 0 0 0 0
1.00 0.91 0.44 -0.38 1.12 0.21 -0.61 0.24 0.00 0.00 0.00 0.00 0.00 0.00 0.00
0 0 0 0 0 0 0 0 0 0 0 0 0 0 0
1.00 0.79 -0.20 -1.13 -0.29 -1.47 -1.58 -0.25 0.00 0.00 0.00 0.00 0.00 0.00 0.00
0 0 0 0 0 0 0 0 0 0 0 0 0 0 0
1.00 -2.31 -3.78 -4.13 -3.54 -4.63 -3.36 -1.53 0.00 0.00 0.00 0.00 0.00 0.00 0.00
0 0 0 0 0 0 0 0 0 0 0 0 0 0 0
1.00 -4.78 -5.54 -4.98 -5.25 -5.52 -3.71 -2.09 0.00 0.00 0.00 0.00 0.00 0.00 0.00
0 0 0 0 0 0 0 0 0 0 0 0 0 0 0
1.00 -4.96 -5.41 -4.75 -5.04 -5.11 -3.57 -1.94 0.00 0.00 0.00 0.00 0.00 0.00 0.00
0 0 0 0 0 0 0 0 0 0 0 0 0 0 0
