1.00 2.15 2.99 3.28 1.32 1.86 2.00 0.82 0.00 0.00 0.00 0.00 0.00 0.00 0.00
1.00 1.21 1.65 1.82 0.92 1.06 1.22 0.52 0.00 0.00 0.00 0.00 0.00 0.00 0.00
1.00 1.19 1.45 1.66 0.76 1.14 0.91 0.51 0.00 0.00 0.00 0.00 0.00 0.00 0.00
0 0 0 0 0 0 0 0 0 0 0 0 0 0 0
1.00 1.06 1.27 1.05 0.75 0.95 0.71 0.38 0.00 0.00 0.00 0.00 0.00 0.00 0.00
0 0 0 0 0 0 0 0 0 0 0 0 0 0 0
1.00 1.06 1.27 1.05 0.75 0.95 0.71 0.38 0.00 0.00 0.00 0.00 0.00 0.00 0.00
0 0 0 0 0 0 0 0 0 0 0 0 0 0 0
1.00 0.56 0.44 -0.04 0.34 0.43 0.06 0.19 0.00 0.00 0.00 0.00 0.00 0.00 0.00
0 0 0 0 0 0 0 0 0 0 0 0 0 0 0
1.00 0.45 0.43 0.08 0.37 0.34 0.12 0.08 0.00 0.00 0.00 0.00 0.00 0.00 0.00
0 0 0 0 0 0 0 0 0 0 0 0 0 0 0
1.00 -0.17 -0.47 -0.49 -0.03 -0.16 -0.22 -0.07 0.00 0.00 0.00 0.00 0.00 0.00 0.00
0 0 0 0 0 0 0 0 0 0 0 0 0 0 0
1.00 -0.58 -0.94 -1.18 -0.51 -0.68 -0.80 -0.33 0.00 0.00 0.00 0.00 0.00 0.00 0.00
0 0 0 0 0 0 0 0 0 0 0 0 0 0 0
1.00 -1.01 -1.47 -1.74 -0.75 -1.19 -1.12 -0.51 0.00 0.00 0.00 0.00 0.00 0.00 0.00
0 0 0 0 0 0 0 0 0 0 0 0 0 0 0
1.00 -0.31 -0.61 -0.53 -0.34 -0.40 -0.50 -0.24 0.00 0.00 0.00 0.00 0.00 0.00 0.00
0 0 0 0 0 0 0 0 0 0 0 0 0 0 0
1.00 -0.54 -0.80 -0.80 -0.43 -0.53 -0.53 -0.28 0.00 0.00 0.00 0.00 0.00 0.00 0.00
0 0 0 0 0 0 0 0 0 0 0 0 0 0 0
1.00 -0.42 -0.84 -1.06 -0.42 -0.56 -0.63 -0.23 0.00 0.00 0.00 0.00 0.00 0.00 0.00
0 0 0 0 0 0 0 0 0 0 0 0 0 0 0
