1.00 0.88 0.91 0.63 0.69 0.63 0.35 0.24 0.00 0.00 0.00 0.00 0.00 0.00 0.00
1.00 0.29 -0.20 -0.61 0.20 -0.17 -0.46 0.02 0.00 0.00 0.00 0.00 0.00 0.00 0.00
1.00 -1.00 -1.39 -1.38 -0.67 -1.12 -0.94 -0.34 0.00 0.00 0.00 0.00 0.00 0.00 0.00
0 0 0 0 0 0 0 0 0 0 0 0 0 0 0
1.00 -0.61 -0.74 -0.88 -0.34 -0.60 -0.56 -0.23 0.00 0.00 0.00 0.00 0.00 0.00 0.00
0 0 0 0 0 0 0 0 0 0 0 0 0 0 0
1.00 -0.61 -0.74 -0.88 -0.34 -0.60 -0.56 -0.23 0.00 0.00 0.00 0.00 0.00 0.00 0.00
0 0 0 0 0 0 0 0 0 0 0 0 0 0 0
1.00 -0.94 -1.10 -1.09 -0.80 -0.94 -0.72 -0.38 0.00 0.00 0.00 0.00 0.00 0.00 0.00
0 0 0 0 0 0 0 0 0 0 0 0 0 0 0
1.00 -1.13 -1.23 -1.03 -0.83 -0.84 -0.64 -0.29 0.00 0.00 0.00 0.00 0.00 0.00 0.00
0 0 0 0 0 0 0 0 0 0 0 0 0 0 0
1.00 -1.06 -1.23 -1.15 -0.72 -0.94 -0.71 -0.38 0.00 0.00 0.00 0.00 0.00 0.00 0.00
0 0 0 0 0 0 0 0 0 0 0 0 0 0 0
1.00 -0.62 -0.59 -0.61 -0.62 -0.50 -0.43 -0.26 0.00 0.00 0.00 0.00 0.00 0.00 0.00
0 0 0 0 0 0 0 0 0 0 0 0 0 0 0
1.00 -0.61 -0.61 -0.51 -0.44 -0.47 -0.38 -0.22 0.00 0.00 0.00 0.00 0.00 0.00 0.00
0 0 0 0 0 0 0 0 0 0 0 0 0 0 0
1.00 -0.62 -0.50 -0.43 -0.54 -0.32 -0.32 -0.17 0.00 0.00 0.00 0.00 0.00 0.00 0.00
0 0 0 0 0 0 0 0 0 0 0 0 0 0 0
1.00 -0.49 -0.47 -0.31 -0.31 -0.43 -0.18 -0.18 0.00 0.00 0.00 0.00 0.00 0.00 0.00
0 0 0 0 0 0 0 0 0 0 0 0 0 0 0
1.00 -0.18 -0.21 -0.15 -0.28 -0.20 -0.25 -0.13 0.00 0.00 0.00 0.00 0.00 0.00 0.00
0 0 0 0 0 0 0 0 0 0 0 0 0 0 0
