1.00 0.19 1.89 2.68 -0.97 0.72 1.92 0.36 0.00 0.00 0.00 0.00 0.00 0.00 0.00
1.00 2.67 3.74 3.65 2.72 3.86 2.96 1.43 0.00 0.00 0.00 0.00 0.00 0.00 0.00
1.00 3.44 3.82 3.42 4.37 4.67 3.12 1.62 0.00 0.00 0.00 0.00 0.00 0.00 0.00
0 0 0 0 0 0 0 0 0 0 0 0 0 0 0
1.00 3.12 3.00 2.52 4.46 4.40 2.20 1.41 0.00 0.00 0.00 0.00 0.00 0.00 0.00
0 0 0 0 0 0 0 0 0 0 0 0 0 0 0
1.00 3.12 3.00 2.52 4.46 4.40 2.20 1.41 0.00 0.00 0.00 0.00 0.00 0.00 0.00
0 0 0 0 0 0 0 0 0 0 0 0 0 0 0
1.00 2.37 1.87 1.07 3.38 2.58 0.84 0.81 0.00 0.00 0.00 0.00 0.00 0.00 0.00
0 0 0 0 0 0 0 0 0 0 0 0 0 0 0
1.00 1.58 1.03 -0.02 1.31 -0.03 -0.54 0.27 0.00 0.00 0.00 0.00 0.00 0.00 0.00
0 0 0 0 0 0 0 0 0 0 0 0 0 0 0
1.00 1.24 0.75 -0.20 0.99 -0.28 -0.66 0.17 0.00 0.00 0.00 0.00 0.00 0.00 0.00
0 0 0 0 0 0 0 0 0 0 0 0 0 0 0
1.00 -2.31 -3.73 -4.16 -3.99 -5.00 -3.93 -1.63 0.00 0.00 0.00 0.00 0.00 0.00 0.00
0 0 0 0 0 0 0 0 0 0 0 0 0 0 0
1.00 -6.26 -7.35 -6.73 -7.40 -7.73 -5.20 -2.82 0.00 0.00 0.00 0.00 0.00 0.00 0.00
0 0 0 0 0 0 0 0 0 0 0 0 0 0 0
1.00 -3.41 -3.68 -3.11 -3.73 -3.67 -2.43 -1.44 0.00 0.00 0.00 0.00 0.00 0.00 0.00
0 0 0 0 0 0 0 0 0 0 0 0 0 0 0
1.00 -3.00 -3.32 -2.75 -3.20 -3.15 -2.16 -1.20 0.00 0.00 0.00 0.00 0.00 0.00 0.00
0 0 0 0 0 0 0 0 0 0 0 0 0 0 0
1.00 -2.57 -2.64 -2.36 -2.59 -2.52 -1.63 -1.01 0.00 0.00 0.00 0.00 0.00 0.00 0.00
0 0 0 0 0 0 0 0 0 0 0 0 0 0 0
