1.00 -2.72 -2.91 -2.15 -3.36 -4.30 -2.99 -1.19 0.00 0.00 0.00 0.00 0.00 0.00 0.00
1.00 -1.55 -0.29 0.47 -2.28 -1.69 0.42 -0.37 0.00 0.00 0.00 0.00 0.00 0.00 0.00
1.00 1.83 2.38 2.38 1.33 2.55 2.94 0.75 0.00 0.00 0.00 0.00 0.00 0.00 0.00
0 0 0 0 0 0 0 0 0 0 0 0 0 0 0
1.00 3.61 3.58 3.08 4.40 5.83 4.47 1.63 0.00 0.00 0.00 0.00 0.00 0.00 0.00
0 0 0 0 0 0 0 0 0 0 0 0 0 0 0
1.00 3.61 3.58 3.08 4.40 5.83 4.47 1.63 0.00 0.00 0.00 0.00 0.00 0.00 0.00
0 0 0 0 0 0 0 0 0 0 0 0 0 0 0
1.00 4.53 4.15 3.44 6.61 7.43 4.83 1.97 0.00 0.00 0.00 0.00 0.00 0.00 0.00
0 0 0 0 0 0 0 0 0 0 0 0 0 0 0
1.00 3.39 3.34 3.04 5.46 6.42 4.39 1.63 0.00 0.00 0.00 0.00 0.00 0.00 0.00
0 0 0 0 0 0 0 0 0 0 0 0 0 0 0
1.00 2.85 2.61 2.26 4.91 5.31 3.20 1.38 0.00 0.00 0.00 0.00 0.00 0.00 0.00
0 0 0 0 0 0 0 0 0 0 0 0 0 0 0
1.00 0.64 -0.02 -0.48 0.66 -0.50 -0.92 0.08 0.00 0.00 0.00 0.00 0.00 0.00 0.00
0 0 0 0 0 0 0 0 0 0 0 0 0 0 0
1.00 -2.14 -2.79 -3.21 -4.19 -6.05 -4.93 -1.46 0.00 0.00 0.00 0.00 0.00 0.00 0.00
0 0 0 0 0 0 0 0 0 0 0 0 0 0 0
1.00 0.34 -0.42 -0.87 -0.87 -2.43 -1.92 -0.40 0.00 0.00 0.00 0.00 0.00 0.00 0.00
0 0 0 0 0 0 0 0 0 0 0 0 0 0 0
1.00 -2.20 -2.65 -2.53 -4.00 -4.99 -3.53 -1.27 0.00 0.00 0.00 0.00 0.00 0.00 0.00
0 0 0 0 0 0 0 0 0 0 0 0 0 0 0
1.00 -3.15 -2.76 -2.34 -4.62 -4.75 -3.36 -1.35 0.00 0.00 0.00 0.00 0.00 0.00 0.00
0 0 0 0 0 0 0 0 0 0 0 0 0 0 0
