1.00 0.75 1.31 1.77 0.33 0.62 0.91 0.30 0.00 0.00 0.00 0.00 0.00 0.00 0.00
1.00 1.15 1.97 2.16 0.64 1.22 1.40 0.53 0.00 0.00 0.00 0.00 0.00 0.00 0.00
1.00 1.58 2.01 2.10 1.16 1.51 1.37 0.73 0.00 0.00 0.00 0.00 0.00 0.00 0.00
0 0 0 0 0 0 0 0 0 0 0 0 0 0 0
1.00 1.59 1.71 1.65 1.04 1.36 0.94 0.56 0.00 0.00 0.00 0.00 0.00 0.00 0.00
0 0 0 0 0 0 0 0 0 0 0 0 0 0 0
1.00 1.59 1.71 1.65 1.04 1.36 0.94 0.56 0.00 0.00 0.00 0.00 0.00 0.00 0.00
0 0 0 0 0 0 0 0 0 0 0 0 0 0 0
1.00 1.16 1.08 0.67 0.93 0.80 0.30 0.39 0.00 0.00 0.00 0.00 0.00 0.00 0.00
0 0 0 0 0 0 0 0 0 0 0 0 0 0 0
1.00 0.88 0.87 0.59 0.83 0.87 0.44 0.33 0.00 0.00 0.00 0.00 0.00 0.00 0.00
0 0 0 0 0 0 0 0 0 0 0 0 0 0 0
1.00 0.28 -0.17 -0.36 0.29 0.08 -0.08 0.06 0.00 0.00 0.00 0.00 0.00 0.00 0.00
0 0 0 0 0 0 0 0 0 0 0 0 0 0 0
1.00 -0.48 -0.89 -1.15 -0.41 -0.72 -0.79 -0.34 0.00 0.00 0.00 0.00 0.00 0.00 0.00
0 0 0 0 0 0 0 0 0 0 0 0 0 0 0
1.00 -1.28 -1.67 -1.97 -1.12 -1.36 -1.46 -0.61 0.00 0.00 0.00 0.00 0.00 0.00 0.00
0 0 0 0 0 0 0 0 0 0 0 0 0 0 0
1.00 0.25 0.07 -0.44 -0.18 -0.13 -0.44 -0.08 0.00 0.00 0.00 0.00 0.00 0.00 0.00
0 0 0 0 0 0 0 0 0 0 0 0 0 0 0
1.00 -0.75 -1.20 -1.35 -0.66 -0.81 -0.75 -0.35 0.00 0.00 0.00 0.00 0.00 0.00 0.00
0 0 0 0 0 0 0 0 0 0 0 0 0 0 0
1.00 -1.16 -1.64 -1.88 -0.72 -1.11 -1.11 -0.48 0.00 0.00 0.00 0.00 0.00 0.00 0.00
0 0 0 0 0 0 0 0 0 0 0 0 0 0 0
