1.00 -0.44 -0.67 -0.73 -0.35 -0.70 -0.42 -0.18 0.00 0.00 0.00 0.00 0.00 0.00 0.00
1.00 -0.86 -0.96 -0.96 -0.61 -0.64 -0.53 -0.26 0.00 0.00 0.00 0.00 0.00 0.00 0.00
1.00 -1.14 -1.14 -0.99 -0.68 -0.96 -0.73 -0.40 0.00 0.00 0.00 0.00 0.00 0.00 0.00
0 0 0 0 0 0 0 0 0 0 0 0 0 0 0
1.00 -1.25 -1.10 -1.06 -0.91 -0.86 -0.65 -0.43 0.00 0.00 0.00 0.00 0.00 0.00 0.00
0 0 0 0 0 0 0 0 0 0 0 0 0 0 0
1.00 -1.25 -1.10 -1.06 -0.91 -0.86 -0.65 -0.43 0.00 0.00 0.00 0.00 0.00 0.00 0.00
0 0 0 0 0 0 0 0 0 0 0 0 0 0 0
1.00 -0.56 -0.67 -0.64 -0.30 -0.57 -0.48 -0.21 0.00 0.00 0.00 0.00 0.00 0.00 0.00
0 0 0 0 0 0 0 0 0 0 0 0 0 0 0
1.00 -0.61 -0.49 -0.47 -0.41 -0.46 -0.28 -0.23 0.00 0.00 0.00 0.00 0.00 0.00 0.00
0 0 0 0 0 0 0 0 0 0 0 0 0 0 0
1.00 -0.41 -0.43 -0.45 -0.34 -0.36 -0.18 -0.16 0.00 0.00 0.00 0.00 0.00 0.00 0.00
0 0 0 0 0 0 0 0 0 0 0 0 0 0 0
1.00 -0.41 -0.33 -0.26 -0.34 -0.19 -0.13 -0.11 0.00 0.00 0.00 0.00 0.00 0.00 0.00
0 0 0 0 0 0 0 0 0 0 0 0 0 0 0
1.00 -0.31 -0.35 -0.21 -0.29 -0.26 -0.09 -0.13 0.00 0.00 0.00 0.00 0.00 0.00 0.00
0 0 0 0 0 0 0 0 0 0 0 0 0 0 0
1.00 -0.20 -0.23 -0.10 -0.21 -0.16 -0.00 -0.09 0.00 0.00 0.00 0.00 0.00 0.00 0.00
0 0 0 0 0 0 0 0 0 0 0 0 0 0 0
1.00 -0.03 0.15 0.11 0.02 0.15 0.01 0.09 0.00 0.00 0.00 0.00 0.00 0.00 0.00
0 0 0 0 0 0 0 0 0 0 0 0 0 0 0
1.00 0.16 0.21 0.18 0.20 0.21 0.25 0.09 0.00 0.00 0.00 0.00 0.00 0.00 0.00
0 0 0 0 0 0 0 0 0 0 0 0 0 0 0
