1.00 -1.21 0.30 1.76 -2.25 -0.66 1.21 -0.18 0.00 0.00 0.00 0.00 0.00 0.00 0.00
1.00 2.08 3.38 3.57 1.69 3.27 3.09 1.19 0.00 0.00 0.00 0.00 0.00 0.00 0.00
1.00 3.67 4.16 3.77 4.44 5.02 3.23 1.69 0.00 0.00 0.00 0.00 0.00 0.00 0.00
0 0 0 0 0 0 0 0 0 0 0 0 0 0 0
1.00 3.65 3.56 3.01 4.80 4.77 2.47 1.52 0.00 0.00 0.00 0.00 0.00 0.00 0.00
0 0 0 0 0 0 0 0 0 0 0 0 0 0 0
1.00 3.65 3.56 3.01 4.80 4.77 2.47 1.52 0.00 0.00 0.00 0.00 0.00 0.00 0.00
0 0 0 0 0 0 0 0 0 0 0 0 0 0 0
1.00 2.83 2.43 1.50 3.84 3.01 1.19 1.12 0.00 0.00 0.00 0.00 0.00 0.00 0.00
0 0 0 0 0 0 0 0 0 0 0 0 0 0 0
1.00 3.15 3.22 2.75 4.09 3.72 2.03 1.39 0.00 0.00 0.00 0.00 0.00 0.00 0.00
0 0 0 0 0 0 0 0 0 0 0 0 0 0 0
1.00 1.04 0.82 -0.03 0.78 -0.18 -0.64 0.19 0.00 0.00 0.00 0.00 0.00 0.00 0.00
0 0 0 0 0 0 0 0 0 0 0 0 0 0 0
1.00 -1.96 -3.15 -3.79 -3.58 -4.71 -3.69 -1.44 0.00 0.00 0.00 0.00 0.00 0.00 0.00
0 0 0 0 0 0 0 0 0 0 0 0 0 0 0
1.00 -5.79 -7.25 -7.00 -7.24 -7.98 -5.49 -2.80 0.00 0.00 0.00 0.00 0.00 0.00 0.00
0 0 0 0 0 0 0 0 0 0 0 0 0 0 0
1.00 -3.86 -4.24 -3.61 -4.26 -4.29 -2.72 -1.52 0.00 0.00 0.00 0.00 0.00 0.00 0.00
0 0 0 0 0 0 0 0 0 0 0 0 0 0 0
1.00 -3.57 -3.84 -3.26 -3.76 -3.85 -2.59 -1.46 0.00 0.00 0.00 0.00 0.00 0.00 0.00
0 0 0 0 0 0 0 0 0 0 0 0 0 0 0
1.00 -3.25 -3.20 -2.91 -3.25 -3.22 -2.02 -1.22 0.00 0.00 0.00 0.00 0.00 0.00 0.00
0 0 0 0 0 0 0 0 0 0 0 0 0 0 0
