1.00 2.00 2.94 3.54 1.25 2.13 1.90 0.89 0.00 0.00 0.00 0.00 0.00 0.00 0.00
1.00 1.21 2.05 2.45 0.76 1.45 1.47 0.59 0.00 0.00 0.00 0.00 0.00 0.00 0.00
1.00 1.45 2.14 2.09 1.01 1.54 1.33 0.73 0.00 0.00 0.00 0.00 0.00 0.00 0.00
0 0 0 0 0 0 0 0 0 0 0 0 0 0 0
1.00 1.22 1.43 1.40 0.91 1.09 0.92 0.52 0.00 0.00 0.00 0.00 0.00 0.00 0.00
0 0 0 0 0 0 0 0 0 0 0 0 0 0 0
1.00 1.22 1.43 1.40 0.91 1.09 0.92 0.52 0.00 0.00 0.00 0.00 0.00 0.00 0.00
0 0 0 0 0 0 0 0 0 0 0 0 0 0 0
1.00 0.82 0.68 0.37 0.68 0.71 0.32 0.30 0.00 0.00 0.00 0.00 0.00 0.00 0.00
0 0 0 0 0 0 0 0 0 0 0 0 0 0 0
1.00 0.31 -0.37 -0.68 0.32 -0.06 -0.39 -0.07 0.00 0.00 0.00 0.00 0.00 0.00 0.00
0 0 0 0 0 0 0 0 0 0 0 0 0 0 0
1.00 0.33 0.15 -0.17 0.32 0.31 -0.08 0.06 0.00 0.00 0.00 0.00 0.00 0.00 0.00
0 0 0 0 0 0 0 0 0 0 0 0 0 0 0
1.00 -0.35 -0.63 -0.69 -0.27 -0.35 -0.48 -0.20 0.00 0.00 0.00 0.00 0.00 0.00 0.00
0 0 0 0 0 0 0 0 0 0 0 0 0 0 0
1.00 -0.77 -1.22 -1.56 -0.69 -1.05 -0.93 -0.41 0.00 0.00 0.00 0.00 0.00 0.00 0.00
0 0 0 0 0 0 0 0 0 0 0 0 0 0 0
1.00 -1.53 -2.12 -2.49 -1.17 -1.66 -1.53 -0.71 0.00 0.00 0.00 0.00 0.00 0.00 0.00
0 0 0 0 0 0 0 0 0 0 0 0 0 0 0
1.00 0.07 -0.34 -0.65 -0.19 -0.29 -0.67 -0.14 0.00 0.00 0.00 0.00 0.00 0.00 0.00
0 0 0 0 0 0 0 0 0 0 0 0 0 0 0
1.00 -0.42 -0.81 -0.94 -0.44 -0.68 -0.70 -0.32 0.00 0.00 0.00 0.00 0.00 0.00 0.00
0 0 0 0 0 0 0 0 0 0 0 0 0 0 0
