1.00 -1.42 -2.24 -2.56 -1.49 -2.23 -2.06 -0.81 0.00 0.00 0.00 0.00 0.00 0.00 0.00
1.00 -1.79 -2.54 -2.64 -1.83 -2.37 -2.10 -0.91 0.00 0.00 0.00 0.00 0.00 0.00 0.00
1.00 -1.88 -2.22 -1.73 -1.99 -2.54 -1.29 -0.88 0.00 0.00 0.00 0.00 0.00 0.00 0.00
0 0 0 0 0 0 0 0 0 0 0 0 0 0 0
1.00 -0.59 0.29 1.44 -1.14 -0.31 1.09 -0.10 0.00 0.00 0.00 0.00 0.00 0.00 0.00
0 0 0 0 0 0 0 0 0 0 0 0 0 0 0
1.00 -0.59 0.29 1.44 -1.14 -0.31 1.09 -0.10 0.00 0.00 0.00 0.00 0.00 0.00 0.00
0 0 0 0 0 0 0 0 0 0 0 0 0 0 0
1.00 2.69 3.94 4.03 2.34 3.65 3.06 1.30 0.00 0.00 0.00 0.00 0.00 0.00 0.00
0 0 0 0 0 0 0 0 0 0 0 0 0 0 0
1.00 4.83 5.65 5.04 5.76 6.51 4.23 2.27 0.00 0.00 0.00 0.00 0.00 0.00 0.00
0 0 0 0 0 0 0 0 0 0 0 0 0 0 0
1.00 3.53 3.81 3.57 4.78 4.95 3.15 1.61 0.00 0.00 0.00 0.00 0.00 0.00 0.00
0 0 0 0 0 0 0 0 0 0 0 0 0 0 0
1.00 2.86 2.92 2.37 3.97 3.81 2.03 1.30 0.00 0.00 0.00 0.00 0.00 0.00 0.00
0 0 0 0 0 0 0 0 0 0 0 0 0 0 0
1.00 1.62 1.25 0.58 2.18 1.37 0.28 0.57 0.00 0.00 0.00 0.00 0.00 0.00 0.00
0 0 0 0 0 0 0 0 0 0 0 0 0 0 0
1.00 -0.25 -1.23 -1.88 -1.16 -2.20 -2.11 -0.60 0.00 0.00 0.00 0.00 0.00 0.00 0.00
0 0 0 0 0 0 0 0 0 0 0 0 0 0 0
1.00 1.07 0.26 -0.30 0.14 -0.82 -0.78 -0.02 0.00 0.00 0.00 0.00 0.00 0.00 0.00
0 0 0 0 0 0 0 0 0 0 0 0 0 0 0
1.00 -1.77 -2.97 -3.24 -3.08 -3.96 -2.97 -1.37 0.00 0.00 0.00 0.00 0.00 0.00 0.00
0 0 0 0 0 0 0 0 0 0 0 0 0 0 0
