1.00 2.04 3.04 3.17 1.20 1.86 1.80 0.85 0.00 0.00 0.00 0.00 0.00 0.00 0.00
1.00 0.87 1.25 1.97 0.47 0.81 1.20 0.37 0.00 0.00 0.00 0.00 0.00 0.00 0.00
1.00 1.29 1.85 2.10 0.86 1.45 1.14 0.63 0.00 0.00 0.00 0.00 0.00 0.00 0.00
0 0 0 0 0 0 0 0 0 0 0 0 0 0 0
1.00 1.32 1.63 1.50 1.02 1.24 0.97 0.59 0.00 0.00 0.00 0.00 0.00 0.00 0.00
0 0 0 0 0 0 0 0 0 0 0 0 0 0 0
1.00 1.32 1.63 1.50 1.02 1.24 0.97 0.59 0.00 0.00 0.00 0.00 0.00 0.00 0.00
0 0 0 0 0 0 0 0 0 0 0 0 0 0 0
1.00 1.10 0.91 0.62 0.86 0.76 0.46 0.36 0.00 0.00 0.00 0.00 0.00 0.00 0.00
0 0 0 0 0 0 0 0 0 0 0 0 0 0 0
1.00 0.42 0.12 -0.35 0.24 0.14 -0.29 0.07 0.00 0.00 0.00 0.00 0.00 0.00 0.00
0 0 0 0 0 0 0 0 0 0 0 0 0 0 0
1.00 0.22 0.09 -0.31 0.18 0.13 -0.14 0.05 0.00 0.00 0.00 0.00 0.00 0.00 0.00
0 0 0 0 0 0 0 0 0 0 0 0 0 0 0
1.00 -0.53 -1.03 -1.22 -0.38 -0.63 -0.59 -0.36 0.00 0.00 0.00 0.00 0.00 0.00 0.00
0 0 0 0 0 0 0 0 0 0 0 0 0 0 0
1.00 -1.34 -1.92 -2.08 -0.99 -1.36 -1.39 -0.61 0.00 0.00 0.00 0.00 0.00 0.00 0.00
0 0 0 0 0 0 0 0 0 0 0 0 0 0 0
1.00 -0.21 -0.47 -0.58 -0.26 -0.45 -0.51 -0.21 0.00 0.00 0.00 0.00 0.00 0.00 0.00
0 0 0 0 0 0 0 0 0 0 0 0 0 0 0
1.00 -0.24 -0.47 -0.56 -0.27 -0.45 -0.48 -0.20 0.00 0.00 0.00 0.00 0.00 0.00 0.00
0 0 0 0 0 0 0 0 0 0 0 0 0 0 0
1.00 -0.87 -1.16 -1.32 -0.75 -0.76 -0.87 -0.45 0.00 0.00 0.00 0.00 0.00 0.00 0.00
0 0 0 0 0 0 0 0 0 0 0 0 0 0 0
