1.00 1.05 0.78 0.72 1.01 0.86 0.56 0.30 0.00 0.00 0.00 0.00 0.00 0.00 0.00
1.00 0.86 0.76 0.78 0.87 0.79 0.68 0.30 0.00 0.00 0.00 0.00 0.00 0.00 0.00
1.00 0.67 0.52 0.18 0.70 0.60 0.26 0.22 0.00 0.00 0.00 0.00 0.00 0.00 0.00
0 0 0 0 0 0 0 0 0 0 0 0 0 0 0
1.00 0.37 0.06 0.03 0.42 0.23 -0.08 0.03 0.00 0.00 0.00 0.00 0.00 0.00 0.00
0 0 0 0 0 0 0 0 0 0 0 0 0 0 0
1.00 0.37 0.06 0.03 0.42 0.23 -0.08 0.03 0.00 0.00 0.00 0.00 0.00 0.00 0.00
0 0 0 0 0 0 0 0 0 0 0 0 0 0 0
1.00 -0.44 -0.42 -0.57 -0.59 -0.63 -0.61 -0.22 0.00 0.00 0.00 0.00 0.00 0.00 0.00
0 0 0 0 0 0 0 0 0 0 0 0 0 0 0
1.00 -0.88 -0.91 -0.79 -0.93 -0.88 -0.75 -0.33 0.00 0.00 0.00 0.00 0.00 0.00 0.00
0 0 0 0 0 0 0 0 0 0 0 0 0 0 0
1.00 -0.45 -0.33 -0.13 -0.44 -0.37 -0.26 -0.10 0.00 0.00 0.00 0.00 0.00 0.00 0.00
0 0 0 0 0 0 0 0 0 0 0 0 0 0 0
1.00 -0.58 -0.59 -0.53 -0.56 -0.70 -0.67 -0.20 0.00 0.00 0.00 0.00 0.00 0.00 0.00
0 0 0 0 0 0 0 0 0 0 0 0 0 0 0
1.00 -0.80 -0.72 -0.90 -0.66 -0.68 -0.79 -0.25 0.00 0.00 0.00 0.00 0.00 0.00 0.00
0 0 0 0 0 0 0 0 0 0 0 0 0 0 0
1.00 -0.89 -1.00 -1.16 -0.91 -0.97 -1.01 -0.42 0.00 0.00 0.00 0.00 0.00 0.00 0.00
0 0 0 0 0 0 0 0 0 0 0 0 0 0 0
1.00 -0.47 -0.45 -0.38 -0.44 -0.52 -0.30 -0.20 0.00 0.00 0.00 0.00 0.00 0.00 0.00
0 0 0 0 0 0 0 0 0 0 0 0 0 0 0
1.00 -0.36 -0.30 -0.45 -0.18 -0.28 -0.50 -0.12 0.00 0.00 0.00 0.00 0.00 0.00 0.00
0 0 0 0 0 0 0 0 0 0 0 0 0 0 0
