1.00 2.24 4.01 4.73 1.88 3.59 3.41 1.29 0.00 0.00 0.00 0.00 0.00 0.00 0.00
1.00 2.03 3.25 3.57 1.77 3.34 2.75 1.11 0.00 0.00 0.00 0.00 0.00 0.00 0.00
1.00 3.33 3.70 3.57 3.78 4.31 2.83 1.48 0.00 0.00 0.00 0.00 0.00 0.00 0.00
0 0 0 0 0 0 0 0 0 0 0 0 0 0 0
1.00 3.19 3.24 2.73 3.93 3.82 2.12 1.30 0.00 0.00 0.00 0.00 0.00 0.00 0.00
0 0 0 0 0 0 0 0 0 0 0 0 0 0 0
1.00 3.19 3.24 2.73 3.93 3.82 2.12 1.30 0.00 0.00 0.00 0.00 0.00 0.00 0.00
0 0 0 0 0 0 0 0 0 0 0 0 0 0 0
1.00 1.96 1.78 1.43 2.42 1.85 0.97 0.79 0.00 0.00 0.00 0.00 0.00 0.00 0.00
0 0 0 0 0 0 0 0 0 0 0 0 0 0 0
1.00 0.74 0.19 -0.74 0.38 -0.26 -0.80 0.02 0.00 0.00 0.00 0.00 0.00 0.00 0.00
0 0 0 0 0 0 0 0 0 0 0 0 0 0 0
1.00 3.17 2.90 2.06 2.71 2.25 1.22 1.01 0.00 0.00 0.00 0.00 0.00 0.00 0.00
0 0 0 0 0 0 0 0 0 0 0 0 0 0 0
1.00 1.19 0.43 -0.16 0.27 -0.40 -0.63 0.01 0.00 0.00 0.00 0.00 0.00 0.00 0.00
0 0 0 0 0 0 0 0 0 0 0 0 0 0 0
1.00 1.38 0.68 0.10 0.50 -0.13 -0.42 0.11 0.00 0.00 0.00 0.00 0.00 0.00 0.00
0 0 0 0 0 0 0 0 0 0 0 0 0 0 0
1.00 -1.13 -2.00 -2.27 -1.92 -2.64 -1.78 -0.84 0.00 0.00 0.00 0.00 0.00 0.00 0.00
0 0 0 0 0 0 0 0 0 0 0 0 0 0 0
1.00 -3.13 -3.72 -3.23 -3.35 -3.64 -2.38 -1.39 0.00 0.00 0.00 0.00 0.00 0.00 0.00
0 0 0 0 0 0 0 0 0 0 0 0 0 0 0
1.00 -3.21 -3.06 -2.67 -2.90 -2.85 -1.75 -1.13 0.00 0.00 0.00 0.00 0.00 0.00 0.00
0 0 0 0 0 0 0 0 0 0 0 0 0 0 0
