1.00 -0.04 1.41 1.78 -0.14 0.52 1.00 0.22 0.00 0.00 0.00 0.00 0.00 0.00 0.00
1.00 1.06 1.30 2.02 0.69 0.99 1.33 0.50 0.00 0.00 0.00 0.00 0.00 0.00 0.00
1.00 1.47 2.11 2.56 1.17 1.75 1.63 0.75 0.00 0.00 0.00 0.00 0.00 0.00 0.00
0 0 0 0 0 0 0 0 0 0 0 0 0 0 0
1.00 1.63 2.02 1.96 1.20 1.50 1.15 0.64 0.00 0.00 0.00 0.00 0.00 0.00 0.00
0 0 0 0 0 0 0 0 0 0 0 0 0 0 0
1.00 1.63 2.02 1.96 1.20 1.50 1.15 0.64 0.00 0.00 0.00 0.00 0.00 0.00 0.00
0 0 0 0 0 0 0 0 0 0 0 0 0 0 0
1.00 1.29 1.58 1.47 0.95 1.16 0.88 0.49 0.00 0.00 0.00 0.00 0.00 0.00 0.00
0 0 0 0 0 0 0 0 0 0 0 0 0 0 0
1.00 0.84 0.65 0.54 0.67 0.58 0.29 0.27 0.00 0.00 0.00 0.00 0.00 0.00 0.00
0 0 0 0 0 0 0 0 0 0 0 0 0 0 0
1.00 0.01 -0.26 -0.53 -0.07 -0.14 -0.39 -0.07 0.00 0.00 0.00 0.00 0.00 0.00 0.00
0 0 0 0 0 0 0 0 0 0 0 0 0 0 0
1.00 -0.66 -1.08 -1.40 -0.50 -0.76 -0.94 -0.35 0.00 0.00 0.00 0.00 0.00 0.00 0.00
0 0 0 0 0 0 0 0 0 0 0 0 0 0 0
1.00 0.55 0.55 0.52 0.29 0.34 0.11 0.16 0.00 0.00 0.00 0.00 0.00 0.00 0.00
0 0 0 0 0 0 0 0 0 0 0 0 0 0 0
1.00 -0.28 -0.61 -1.06 -0.15 -0.70 -0.66 -0.28 0.00 0.00 0.00 0.00 0.00 0.00 0.00
0 0 0 0 0 0 0 0 0 0 0 0 0 0 0
1.00 -1.23 -1.91 -1.87 -1.07 -1.36 -1.14 -0.60 0.00 0.00 0.00 0.00 0.00 0.00 0.00
0 0 0 0 0 0 0 0 0 0 0 0 0 0 0
1.00 -1.76 -2.31 -2.43 -1.26 -1.60 -1.42 -0.75 0.00 0.00 0.00 0.00 0.00 0.00 0.00
0 0 0 0 0 0 0 0 0 0 0 0 0 0 0
