1.00 1.92 2.95 3.61 1.22 1.90 2.01 0.79 0.00 0.00 0.00 0.00 0.00 0.00 0.00
1.00 0.88 1.49 1.91 0.62 0.92 1.16 0.43 0.00 0.00 0.00 0.00 0.00 0.00 0.00
1.00 1.12 1.63 2.16 0.84 1.04 1.23 0.53 0.00 0.00 0.00 0.00 0.00 0.00 0.00
0 0 0 0 0 0 0 0 0 0 0 0 0 0 0
1.00 1.25 1.40 1.48 0.91 1.03 0.88 0.52 0.00 0.00 0.00 0.00 0.00 0.00 0.00
0 0 0 0 0 0 0 0 0 0 0 0 0 0 0
1.00 1.25 1.40 1.48 0.91 1.03 0.88 0.52 0.00 0.00 0.00 0.00 0.00 0.00 0.00
0 0 0 0 0 0 0 0 0 0 0 0 0 0 0
1.00 0.81 0.84 0.75 0.50 0.76 0.48 0.31 0.00 0.00 0.00 0.00 0.00 0.00 0.00
0 0 0 0 0 0 0 0 0 0 0 0 0 0 0
1.00 1.04 1.29 1.37 0.70 1.11 0.95 0.48 0.00 0.00 0.00 0.00 0.00 0.00 0.00
0 0 0 0 0 0 0 0 0 0 0 0 0 0 0
1.00 0.67 0.76 0.73 0.64 0.54 0.64 0.36 0.00 0.00 0.00 0.00 0.00 0.00 0.00
0 0 0 0 0 0 0 0 0 0 0 0 0 0 0
1.00 0.14 -0.04 0.11 0.26 0.14 0.07 0.07 0.00 0.00 0.00 0.00 0.00 0.00 0.00
0 0 0 0 0 0 0 0 0 0 0 0 0 0 0
1.00 -0.35 -0.59 -0.76 -0.31 -0.45 -0.50 -0.21 0.00 0.00 0.00 0.00 0.00 0.00 0.00
0 0 0 0 0 0 0 0 0 0 0 0 0 0 0
1.00 -0.81 -1.00 -1.07 -0.60 -0.72 -0.77 -0.41 0.00 0.00 0.00 0.00 0.00 0.00 0.00
0 0 0 0 0 0 0 0 0 0 0 0 0 0 0
1.00 -1.21 -1.62 -2.03 -1.06 -1.40 -1.48 -0.63 0.00 0.00 0.00 0.00 0.00 0.00 0.00
0 0 0 0 0 0 0 0 0 0 0 0 0 0 0
1.00 -0.52 -0.98 -1.15 -0.47 -0.86 -0.72 -0.36 0.00 0.00 0.00 0.00 0.00 0.00 0.00
0 0 0 0 0 0 0 0 0 0 0 0 0 0 0
