1.00 -1.26 -1.31 -1.28 -1.04 -1.03 -0.71 -0.41 0.00 0.00 0.00 0.00 0.00 0.00 0.00
1.00 -0.58 -0.61 -0.48 -0.58 -0.46 -0.34 -0.18 0.00 0.00 0.00 0.00 0.00 0.00 0.00
1.00 -0.59 -0.56 -0.48 -0.31 -0.49 -0.26 -0.18 0.00 0.00 0.00 0.00 0.00 0.00 0.00
0 0 0 0 0 0 0 0 0 0 0 0 0 0 0
1.00 -0.43 -0.64 -0.50 -0.47 -0.44 -0.28 -0.15 0.00 0.00 0.00 0.00 0.00 0.00 0.00
0 0 0 0 0 0 0 0 0 0 0 0 0 0 0
1.00 -0.43 -0.64 -0.50 -0.47 -0.44 -0.28 -0.15 0.00 0.00 0.00 0.00 0.00 0.00 0.00
0 0 0 0 0 0 0 0 0 0 0 0 0 0 0
1.00 -0.50 -0.45 -0.47 -0.20 -0.36 -0.21 -0.14 0.00 0.00 0.00 0.00 0.00 0.00 0.00
0 0 0 0 0 0 0 0 0 0 0 0 0 0 0
1.00 -0.24 -0.30 -0.29 -0.25 -0.22 -0.14 -0.09 0.00 0.00 0.00 0.00 0.00 0.00 0.00
0 0 0 0 0 0 0 0 0 0 0 0 0 0 0
1.00 -0.24 -0.21 -0.25 -0.15 -0.21 -0.10 -0.04 0.00 0.00 0.00 0.00 0.00 0.00 0.00
0 0 0 0 0 0 0 0 0 0 0 0 0 0 0
1.00 -0.05 -0.18 -0.13 -0.09 -0.20 -0.00 -0.01 0.00 0.00 0.00 0.00 0.00 0.00 0.00
0 0 0 0 0 0 0 0 0 0 0 0 0 0 0
1.00 -0.11 -0.27 -0.21 -0.15 -0.11 -0.10 -0.06 0.00 0.00 0.00 0.00 0.00 0.00 0.00
0 0 0 0 0 0 0 0 0 0 0 0 0 0 0
1.00 -0.23 -0.18 0.04 -0.06 -0.18 -0.05 -0.09 0.00 0.00 0.00 0.00 0.00 0.00 0.00
0 0 0 0 0 0 0 0 0 0 0 0 0 0 0
1.00 0.00 -0.09 -0.07 -0.00 0.05 -0.02 -0.01 0.00 0.00 0.00 0.00 0.00 0.00 0.00
0 0 0 0 0 0 0 0 0 0 0 0 0 0 0
1.00 0.02 0.13 0.13 0.07 0.10 0.07 0.03 0.00 0.00 0.00 0.00 0.00 0.00 0.00
0 0 0 0 0 0 0 0 0 0 0 0 0 0 0
