1.00 -1.46 -2.13 -2.29 -1.38 -2.04 -1.66 -0.72 0.00 0.00 0.00 0.00 0.00 0.00 0.00
1.00 -1.71 -1.67 -0.93 -1.66 -1.78 -0.60 -0.70 0.00 0.00 0.00 0.00 0.00 0.00 0.00
1.00 -0.52 0.48 1.36 -0.66 0.20 1.08 0.02 0.00 0.00 0.00 0.00 0.00 0.00 0.00
0 0 0 0 0 0 0 0 0 0 0 0 0 0 0
1.00 2.29 3.17 3.20 2.04 3.08 2.35 1.17 0.00 0.00 0.00 0.00 0.00 0.00 0.00
0 0 0 0 0 0 0 0 0 0 0 0 0 0 0
1.00 2.29 3.17 3.20 2.04 3.08 2.35 1.17 0.00 0.00 0.00 0.00 0.00 0.00 0.00
0 0 0 0 0 0 0 0 0 0 0 0 0 0 0
1.00 3.89 4.28 3.70 4.25 4.66 2.91 1.76 0.00 0.00 0.00 0.00 0.00 0.00 0.00
0 0 0 0 0 0 0 0 0 0 0 0 0 0 0
1.00 2.30 2.45 2.20 2.70 2.69 1.81 1.07 0.00 0.00 0.00 0.00 0.00 0.00 0.00
0 0 0 0 0 0 0 0 0 0 0 0 0 0 0
1.00 1.94 2.07 1.71 2.42 2.39 1.43 0.85 0.00 0.00 0.00 0.00 0.00 0.00 0.00
0 0 0 0 0 0 0 0 0 0 0 0 0 0 0
1.00 1.57 1.41 0.81 1.74 1.41 0.45 0.56 0.00 0.00 0.00 0.00 0.00 0.00 0.00
0 0 0 0 0 0 0 0 0 0 0 0 0 0 0
1.00 0.95 0.69 0.14 1.06 0.67 -0.06 0.28 0.00 0.00 0.00 0.00 0.00 0.00 0.00
0 0 0 0 0 0 0 0 0 0 0 0 0 0 0
1.00 2.45 2.34 1.77 2.36 2.10 1.04 0.83 0.00 0.00 0.00 0.00 0.00 0.00 0.00
0 0 0 0 0 0 0 0 0 0 0 0 0 0 0
1.00 0.83 0.20 -0.12 0.11 -0.53 -0.52 -0.04 0.00 0.00 0.00 0.00 0.00 0.00 0.00
0 0 0 0 0 0 0 0 0 0 0 0 0 0 0
1.00 -1.52 -2.48 -2.69 -2.62 -3.31 -2.46 -1.18 0.00 0.00 0.00 0.00 0.00 0.00 0.00
0 0 0 0 0 0 0 0 0 0 0 0 0 0 0
