1.00 1.57 2.19 2.22 1.19 1.48 1.28 0.73 0.00 0.00 0.00 0.00 0.00 0.00 0.00
1.00 1.38 1.93 2.15 1.01 1.45 1.26 0.67 0.00 0.00 0.00 0.00 0.00 0.00 0.00
1.00 1.31 1.64 1.77 0.97 1.31 1.04 0.59 0.00 0.00 0.00 0.00 0.00 0.00 0.00
0 0 0 0 0 0 0 0 0 0 0 0 0 0 0
1.00 1.02 1.35 1.28 0.91 1.07 0.83 0.51 0.00 0.00 0.00 0.00 0.00 0.00 0.00
0 0 0 0 0 0 0 0 0 0 0 0 0 0 0
1.00 1.02 1.35 1.28 0.91 1.07 0.83 0.51 0.00 0.00 0.00 0.00 0.00 0.00 0.00
0 0 0 0 0 0 0 0 0 0 0 0 0 0 0
1.00 0.75 1.02 0.86 0.57 0.71 0.54 0.36 0.00 0.00 0.00 0.00 0.00 0.00 0.00
0 0 0 0 0 0 0 0 0 0 0 0 0 0 0
1.00 0.23 0.24 0.25 0.15 0.27 0.11 0.09 0.00 0.00 0.00 0.00 0.00 0.00 0.00
0 0 0 0 0 0 0 0 0 0 0 0 0 0 0
1.00 0.10 0.06 0.08 0.06 0.15 0.02 0.04 0.00 0.00 0.00 0.00 0.00 0.00 0.00
0 0 0 0 0 0 0 0 0 0 0 0 0 0 0
1.00 -0.21 -0.19 -0.39 -0.08 -0.28 -0.22 -0.11 0.00 0.00 0.00 0.00 0.00 0.00 0.00
0 0 0 0 0 0 0 0 0 0 0 0 0 0 0
1.00 -0.49 -0.79 -0.98 -0.43 -0.66 -0.60 -0.29 0.00 0.00 0.00 0.00 0.00 0.00 0.00
0 0 0 0 0 0 0 0 0 0 0 0 0 0 0
1.00 -1.13 -1.78 -2.11 -0.87 -1.29 -1.28 -0.57 0.00 0.00 0.00 0.00 0.00 0.00 0.00
0 0 0 0 0 0 0 0 0 0 0 0 0 0 0
1.00 -0.62 -0.88 -1.00 -0.52 -0.65 -0.66 -0.28 0.00 0.00 0.00 0.00 0.00 0.00 0.00
0 0 0 0 0 0 0 0 0 0 0 0 0 0 0
1.00 -0.77 -1.09 -1.19 -0.49 -0.60 -0.58 -0.30 0.00 0.00 0.00 0.00 0.00 0.00 0.00
0 0 0 0 0 0 0 0 0 0 0 0 0 0 0
