1.00 0.22 0.11 0.06 0.26 0.22 0.16 0.03 0.00 0.00 0.00 0.00 0.00 0.00 0.00
1.00 -0.39 -0.25 -0.38 -0.33 -0.32 -0.15 -0.14 0.00 0.00 0.00 0.00 0.00 0.00 0.00
1.00 -0.88 -0.76 -0.54 -0.78 -0.67 -0.60 -0.21 0.00 0.00 0.00 0.00 0.00 0.00 0.00
0 0 0 0 0 0 0 0 0 0 0 0 0 0 0
1.00 -1.32 -1.20 -0.95 -1.17 -1.28 -0.83 -0.40 0.00 0.00 0.00 0.00 0.00 0.00 0.00
0 0 0 0 0 0 0 0 0 0 0 0 0 0 0
1.00 -1.32 -1.20 -0.95 -1.17 -1.28 -0.83 -0.40 0.00 0.00 0.00 0.00 0.00 0.00 0.00
0 0 0 0 0 0 0 0 0 0 0 0 0 0 0
1.00 -0.59 -0.53 -0.37 -0.54 -0.52 -0.43 -0.22 0.00 0.00 0.00 0.00 0.00 0.00 0.00
0 0 0 0 0 0 0 0 0 0 0 0 0 0 0
1.00 -0.56 -0.47 -0.51 -0.55 -0.48 -0.46 -0.11 0.00 0.00 0.00 0.00 0.00 0.00 0.00
0 0 0 0 0 0 0 0 0 0 0 0 0 0 0
1.00 -0.70 -0.62 -0.37 -0.64 -0.47 -0.36 -0.20 0.00 0.00 0.00 0.00 0.00 0.00 0.00
0 0 0 0 0 0 0 0 0 0 0 0 0 0 0
1.00 -0.64 -0.47 -0.36 -0.51 -0.47 -0.23 -0.14 0.00 0.00 0.00 0.00 0.00 0.00 0.00
0 0 0 0 0 0 0 0 0 0 0 0 0 0 0
1.00 -0.54 -0.37 -0.33 -0.43 -0.37 -0.20 -0.14 0.00 0.00 0.00 0.00 0.00 0.00 0.00
0 0 0 0 0 0 0 0 0 0 0 0 0 0 0
1.00 -0.44 -0.28 -0.17 -0.32 -0.26 -0.06 -0.11 0.00 0.00 0.00 0.00 0.00 0.00 0.00
0 0 0 0 0 0 0 0 0 0 0 0 0 0 0
1.00 -0.20 -0.26 -0.21 -0.23 -0.19 -0.21 -0.04 0.00 0.00 0.00 0.00 0.00 0.00 0.00
0 0 0 0 0 0 0 0 0 0 0 0 0 0 0
1.00 -0.24 -0.18 -0.20 -0.24 -0.28 -0.13 -0.15 0.00 0.00 0.00 0.00 0.00 0.00 0.00
0 0 0 0 0 0 0 0 0 0 0 0 0 0 0
