1.00 -1.94 -2.24 -1.74 -2.49 -3.26 -2.55 -0.96 0.00 0.00 0.00 0.00 0.00 0.00 0.00
1.00 -0.73 0.41 1.65 -1.29 -0.46 1.40 -0.10 0.00 0.00 0.00 0.00 0.00 0.00 0.00
1.00 2.71 3.40 3.52 3.00 4.51 4.62 1.40 0.00 0.00 0.00 0.00 0.00 0.00 0.00
0 0 0 0 0 0 0 0 0 0 0 0 0 0 0
1.00 4.65 4.53 4.09 6.45 7.83 5.94 2.19 0.00 0.00 0.00 0.00 0.00 0.00 0.00
0 0 0 0 0 0 0 0 0 0 0 0 0 0 0
1.00 4.65 4.53 4.09 6.45 7.83 5.94 2.19 0.00 0.00 0.00 0.00 0.00 0.00 0.00
0 0 0 0 0 0 0 0 0 0 0 0 0 0 0
1.00 3.00 2.84 2.42 4.54 5.21 3.48 1.40 0.00 0.00 0.00 0.00 0.00 0.00 0.00
0 0 0 0 0 0 0 0 0 0 0 0 0 0 0
1.00 2.76 2.30 1.79 4.46 4.70 2.80 1.30 0.00 0.00 0.00 0.00 0.00 0.00 0.00
0 0 0 0 0 0 0 0 0 0 0 0 0 0 0
1.00 2.15 1.52 0.78 3.56 3.22 1.27 0.91 0.00 0.00 0.00 0.00 0.00 0.00 0.00
0 0 0 0 0 0 0 0 0 0 0 0 0 0 0
1.00 3.62 3.41 2.75 6.01 6.15 3.92 1.73 0.00 0.00 0.00 0.00 0.00 0.00 0.00
0 0 0 0 0 0 0 0 0 0 0 0 0 0 0
1.00 1.92 1.48 1.03 2.65 2.01 0.94 0.64 0.00 0.00 0.00 0.00 0.00 0.00 0.00
0 0 0 0 0 0 0 0 0 0 0 0 0 0 0
1.00 -0.64 -1.21 -1.57 -1.62 -3.35 -3.16 -0.68 0.00 0.00 0.00 0.00 0.00 0.00 0.00
0 0 0 0 0 0 0 0 0 0 0 0 0 0 0
1.00 -3.53 -4.13 -4.21 -6.30 -7.82 -6.13 -2.19 0.00 0.00 0.00 0.00 0.00 0.00 0.00
0 0 0 0 0 0 0 0 0 0 0 0 0 0 0
1.00 -6.22 -5.94 -5.33 -9.18 -9.84 -7.03 -2.83 0.00 0.00 0.00 0.00 0.00 0.00 0.00
0 0 0 0 0 0 0 0 0 0 0 0 0 0 0
