1.00 -0.78 -0.69 -0.71 -0.60 -0.79 -0.55 -0.25 0.00 0.00 0.00 0.00 0.00 0.00 0.00
1.00 -1.53 -1.35 -1.08 -1.19 -1.24 -0.82 -0.49 0.00 0.00 0.00 0.00 0.00 0.00 0.00
1.00 -0.88 -0.77 -0.76 -0.80 -0.69 -0.48 -0.25 0.00 0.00 0.00 0.00 0.00 0.00 0.00
0 0 0 0 0 0 0 0 0 0 0 0 0 0 0
1.00 -0.91 -0.70 -0.52 -0.71 -0.73 -0.46 -0.31 0.00 0.00 0.00 0.00 0.00 0.00 0.00
0 0 0 0 0 0 0 0 0 0 0 0 0 0 0
1.00 -0.91 -0.70 -0.52 -0.71 -0.73 -0.46 -0.31 0.00 0.00 0.00 0.00 0.00 0.00 0.00
0 0 0 0 0 0 0 0 0 0 0 0 0 0 0
1.00 -0.97 -0.78 -0.59 -0.81 -0.71 -0.53 -0.27 0.00 0.00 0.00 0.00 0.00 0.00 0.00
0 0 0 0 0 0 0 0 0 0 0 0 0 0 0
1.00 -0.51 -0.40 -0.32 -0.33 -0.45 -0.15 -0.10 0.00 0.00 0.00 0.00 0.00 0.00 0.00
0 0 0 0 0 0 0 0 0 0 0 0 0 0 0
1.00 -0.34 -0.39 -0.08 -0.29 -0.16 -0.08 -0.09 0.00 0.00 0.00 0.00 0.00 0.00 0.00
0 0 0 0 0 0 0 0 0 0 0 0 0 0 0
1.00 -0.38 -0.12 -0.21 -0.26 -0.08 -0.13 -0.02 0.00 0.00 0.00 0.00 0.00 0.00 0.00
0 0 0 0 0 0 0 0 0 0 0 0 0 0 0
1.00 -0.23 -0.12 -0.08 -0.11 -0.10 -0.07 -0.08 0.00 0.00 0.00 0.00 0.00 0.00 0.00
0 0 0 0 0 0 0 0 0 0 0 0 0 0 0
1.00 -0.07 -0.07 -0.02 -0.08 0.03 -0.09 -0.05 0.00 0.00 0.00 0.00 0.00 0.00 0.00
0 0 0 0 0 0 0 0 0 0 0 0 0 0 0
1.00 0.04 0.07 -0.01 0.05 -0.10 -0.05 0.00 0.00 0.00 0.00 0.00 0.00 0.00 0.00
0 0 0 0 0 0 0 0 0 0 0 0 0 0 0
1.00 0.08 0.02 0.11 0.00 0.18 0.12 0.05 0.00 0.00 0.00 0.00 0.00 0.00 0.00
0 0 0 0 0 0 0 0 0 0 0 0 0 0 0
