1.00 -2.24 -2.54 -2.77 -2.96 -3.95 -3.60 -1.18 0.00 0.00 0.00 0.00 0.00 0.00 0.00
1.00 -2.49 -3.10 -2.76 -3.43 -4.61 -3.97 -1.36 0.00 0.00 0.00 0.00 0.00 0.00 0.00
1.00 0.61 1.89 2.76 0.23 1.79 3.39 0.64 0.00 0.00 0.00 0.00 0.00 0.00 0.00
0 0 0 0 0 0 0 0 0 0 0 0 0 0 0
1.00 3.49 4.01 4.12 4.46 6.00 5.35 1.83 0.00 0.00 0.00 0.00 0.00 0.00 0.00
0 0 0 0 0 0 0 0 0 0 0 0 0 0 0
1.00 3.49 4.01 4.12 4.46 6.00 5.35 1.83 0.00 0.00 0.00 0.00 0.00 0.00 0.00
0 0 0 0 0 0 0 0 0 0 0 0 0 0 0
1.00 4.86 4.83 4.18 7.12 8.32 5.99 2.32 0.00 0.00 0.00 0.00 0.00 0.00 0.00
0 0 0 0 0 0 0 0 0 0 0 0 0 0 0
1.00 3.11 3.08 2.82 4.90 5.80 4.03 1.54 0.00 0.00 0.00 0.00 0.00 0.00 0.00
0 0 0 0 0 0 0 0 0 0 0 0 0 0 0
1.00 2.61 2.31 1.94 4.41 4.87 2.97 1.27 0.00 0.00 0.00 0.00 0.00 0.00 0.00
0 0 0 0 0 0 0 0 0 0 0 0 0 0 0
1.00 1.53 1.07 0.66 2.64 2.34 1.10 0.65 0.00 0.00 0.00 0.00 0.00 0.00 0.00
0 0 0 0 0 0 0 0 0 0 0 0 0 0 0
1.00 -0.16 -0.77 -1.31 -0.57 -2.13 -2.21 -0.47 0.00 0.00 0.00 0.00 0.00 0.00 0.00
0 0 0 0 0 0 0 0 0 0 0 0 0 0 0
1.00 1.74 1.09 0.55 1.86 0.72 -0.30 0.42 0.00 0.00 0.00 0.00 0.00 0.00 0.00
0 0 0 0 0 0 0 0 0 0 0 0 0 0 0
1.00 -1.49 -2.23 -2.75 -3.47 -5.10 -4.30 -1.25 0.00 0.00 0.00 0.00 0.00 0.00 0.00
0 0 0 0 0 0 0 0 0 0 0 0 0 0 0
1.00 -1.42 -2.12 -2.59 -3.25 -4.78 -4.04 -1.17 0.00 0.00 0.00 0.00 0.00 0.00 0.00
0 0 0 0 0 0 0 0 0 0 0 0 0 0 0
