1.00 0.84 0.72 0.69 0.86 0.86 0.55 0.29 0.00 0.00 0.00 0.00 0.00 0.00 0.00
1.00 0.47 0.48 0.32 0.39 0.44 0.33 0.19 0.00 0.00 0.00 0.00 0.00 0.00 0.00
1.00 0.35 0.34 0.16 0.28 0.30 0.22 0.14 0.00 0.00 0.00 0.00 0.00 0.00 0.00
0 0 0 0 0 0 0 0 0 0 0 0 0 0 0
1.00 0.05 -0.08 -0.23 -0.05 -0.09 -0.17 -0.05 0.00 0.00 0.00 0.00 0.00 0.00 0.00
0 0 0 0 0 0 0 0 0 0 0 0 0 0 0
1.00 0.05 -0.08 -0.23 -0.05 -0.09 -0.17 -0.05 0.00 0.00 0.00 0.00 0.00 0.00 0.00
0 0 0 0 0 0 0 0 0 0 0 0 0 0 0
1.00 -0.37 -0.53 -0.58 -0.43 -0.51 -0.63 -0.20 0.00 0.00 0.00 0.00 0.00 0.00 0.00
0 0 0 0 0 0 0 0 0 0 0 0 0 0 0
1.00 -0.84 -0.89 -0.75 -0.66 -0.84 -0.80 -0.33 0.00 0.00 0.00 0.00 0.00 0.00 0.00
0 0 0 0 0 0 0 0 0 0 0 0 0 0 0
1.00 -0.31 -0.25 -0.20 -0.35 -0.26 -0.12 -0.12 0.00 0.00 0.00 0.00 0.00 0.00 0.00
0 0 0 0 0 0 0 0 0 0 0 0 0 0 0
1.00 -0.51 -0.56 -0.65 -0.40 -0.59 -0.59 -0.21 0.00 0.00 0.00 0.00 0.00 0.00 0.00
0 0 0 0 0 0 0 0 0 0 0 0 0 0 0
1.00 -0.81 -0.85 -0.84 -0.70 -0.89 -0.74 -0.25 0.00 0.00 0.00 0.00 0.00 0.00 0.00
0 0 0 0 0 0 0 0 0 0 0 0 0 0 0
1.00 -0.79 -0.90 -1.01 -0.65 -0.74 -0.82 -0.28 0.00 0.00 0.00 0.00 0.00 0.00 0.00
0 0 0 0 0 0 0 0 0 0 0 0 0 0 0
1.00 -0.46 -0.43 -0.57 -0.39 -0.41 -0.46 -0.21 0.00 0.00 0.00 0.00 0.00 0.00 0.00
0 0 0 0 0 0 0 0 0 0 0 0 0 0 0
1.00 -0.48 -0.40 -0.51 -0.45 -0.42 -0.33 -0.13 0.00 0.00 0.00 0.00 0.00 0.00 0.00
0 0 0 0 0 0 0 0 0 0 0 0 0 0 0
