1.00 0.72 0.67 0.74 0.49 0.49 0.39 0.17 0.00 0.00 0.00 0.00 0.00 0.00 0.00
1.00 1.14 0.88 0.74 0.83 0.70 0.38 0.21 0.00 0.00 0.00 0.00 0.00 0.00 0.00
1.00 0.95 0.65 0.36 0.80 0.65 0.27 0.21 0.00 0.00 0.00 0.00 0.00 0.00 0.00
0 0 0 0 0 0 0 0 0 0 0 0 0 0 0
1.00 0.62 0.31 0.27 0.53 0.56 0.41 0.15 0.00 0.00 0.00 0.00 0.00 0.00 0.00
0 0 0 0 0 0 0 0 0 0 0 0 0 0 0
1.00 0.62 0.31 0.27 0.53 0.56 0.41 0.15 0.00 0.00 0.00 0.00 0.00 0.00 0.00
0 0 0 0 0 0 0 0 0 0 0 0 0 0 0
1.00 0.42 0.48 0.32 0.55 0.85 0.55 0.34 0.00 0.00 0.00 0.00 0.00 0.00 0.00
0 0 0 0 0 0 0 0 0 0 0 0 0 0 0
1.00 0.59 0.49 0.52 0.81 0.90 0.71 0.34 0.00 0.00 0.00 0.00 0.00 0.00 0.00
0 0 0 0 0 0 0 0 0 0 0 0 0 0 0
1.00 0.43 0.41 0.38 0.72 0.79 0.42 0.22 0.00 0.00 0.00 0.00 0.00 0.00 0.00
0 0 0 0 0 0 0 0 0 0 0 0 0 0 0
1.00 0.28 0.19 0.27 0.29 0.49 0.32 0.13 0.00 0.00 0.00 0.00 0.00 0.00 0.00
0 0 0 0 0 0 0 0 0 0 0 0 0 0 0
1.00 -0.30 -0.13 -0.33 -0.06 -0.28 -0.23 -0.08 0.00 0.00 0.00 0.00 0.00 0.00 0.00
0 0 0 0 0 0 0 0 0 0 0 0 0 0 0
1.00 -1.34 -1.21 -1.01 -1.37 -1.58 -1.07 -0.49 0.00 0.00 0.00 0.00 0.00 0.00 0.00
0 0 0 0 0 0 0 0 0 0 0 0 0 0 0
1.00 -0.36 -0.48 -0.40 -0.51 -0.56 -0.54 -0.22 0.00 0.00 0.00 0.00 0.00 0.00 0.00
0 0 0 0 0 0 0 0 0 0 0 0 0 0 0
1.00 -0.94 -0.85 -0.74 -1.03 -1.15 -0.78 -0.35 0.00 0.00 0.00 0.00 0.00 0.00 0.00
0 0 0 0 0 0 0 0 0 0 0 0 0 0 0
