1.00 -2.19 -2.66 -2.82 -2.73 -3.99 -3.92 -1.19 0.00 0.00 0.00 0.00 0.00 0.00 0.00
1.00 -2.38 -2.08 -1.07 -3.16 -3.66 -1.78 -1.08 0.00 0.00 0.00 0.00 0.00 0.00 0.00
1.00 -0.03 1.35 2.35 -0.59 0.92 2.70 0.24 0.00 0.00 0.00 0.00 0.00 0.00 0.00
0 0 0 0 0 0 0 0 0 0 0 0 0 0 0
1.00 3.47 3.93 3.71 4.35 5.81 5.07 1.69 0.00 0.00 0.00 0.00 0.00 0.00 0.00
0 0 0 0 0 0 0 0 0 0 0 0 0 0 0
1.00 3.47 3.93 3.71 4.35 5.81 5.07 1.69 0.00 0.00 0.00 0.00 0.00 0.00 0.00
0 0 0 0 0 0 0 0 0 0 0 0 0 0 0
1.00 4.84 4.46 3.87 7.22 8.19 5.48 2.32 0.00 0.00 0.00 0.00 0.00 0.00 0.00
0 0 0 0 0 0 0 0 0 0 0 0 0 0 0
1.00 3.06 2.87 2.45 4.78 5.59 3.62 1.54 0.00 0.00 0.00 0.00 0.00 0.00 0.00
0 0 0 0 0 0 0 0 0 0 0 0 0 0 0
1.00 2.50 2.14 1.74 4.26 4.64 2.88 1.16 0.00 0.00 0.00 0.00 0.00 0.00 0.00
0 0 0 0 0 0 0 0 0 0 0 0 0 0 0
1.00 1.60 1.17 0.69 2.92 2.56 1.12 0.67 0.00 0.00 0.00 0.00 0.00 0.00 0.00
0 0 0 0 0 0 0 0 0 0 0 0 0 0 0
1.00 0.20 -0.59 -1.15 0.08 -1.36 -1.90 -0.26 0.00 0.00 0.00 0.00 0.00 0.00 0.00
0 0 0 0 0 0 0 0 0 0 0 0 0 0 0
1.00 3.46 2.95 2.34 5.55 5.37 3.24 1.54 0.00 0.00 0.00 0.00 0.00 0.00 0.00
0 0 0 0 0 0 0 0 0 0 0 0 0 0 0
1.00 1.55 0.88 0.36 1.57 0.21 -0.59 0.24 0.00 0.00 0.00 0.00 0.00 0.00 0.00
0 0 0 0 0 0 0 0 0 0 0 0 0 0 0
1.00 -1.29 -2.17 -2.52 -3.66 -5.43 -4.33 -1.34 0.00 0.00 0.00 0.00 0.00 0.00 0.00
0 0 0 0 0 0 0 0 0 0 0 0 0 0 0
