1.00 0.10 0.05 0.02 0.20 -0.07 -0.10 0.02 0.00 0.00 0.00 0.00 0.00 0.00 0.00
1.00 -0.15 -0.25 -0.29 -0.28 -0.39 -0.27 -0.04 0.00 0.00 0.00 0.00 0.00 0.00 0.00
1.00 -0.81 -0.78 -0.84 -0.71 -0.92 -0.67 -0.25 0.00 0.00 0.00 0.00 0.00 0.00 0.00
0 0 0 0 0 0 0 0 0 0 0 0 0 0 0
1.00 -1.38 -1.16 -1.10 -1.17 -1.11 -0.84 -0.42 0.00 0.00 0.00 0.00 0.00 0.00 0.00
0 0 0 0 0 0 0 0 0 0 0 0 0 0 0
1.00 -1.38 -1.16 -1.10 -1.17 -1.11 -0.84 -0.42 0.00 0.00 0.00 0.00 0.00 0.00 0.00
0 0 0 0 0 0 0 0 0 0 0 0 0 0 0
1.00 -1.44 -1.12 -0.85 -1.32 -1.12 -0.74 -0.38 0.00 0.00 0.00 0.00 0.00 0.00 0.00
0 0 0 0 0 0 0 0 0 0 0 0 0 0 0
1.00 -0.60 -0.50 -0.47 -0.65 -0.56 -0.32 -0.15 0.00 0.00 0.00 0.00 0.00 0.00 0.00
0 0 0 0 0 0 0 0 0 0 0 0 0 0 0
1.00 -0.69 -0.53 -0.42 -0.62 -0.59 -0.41 -0.22 0.00 0.00 0.00 0.00 0.00 0.00 0.00
0 0 0 0 0 0 0 0 0 0 0 0 0 0 0
1.00 -0.64 -0.43 -0.26 -0.51 -0.48 -0.16 -0.13 0.00 0.00 0.00 0.00 0.00 0.00 0.00
0 0 0 0 0 0 0 0 0 0 0 0 0 0 0
1.00 -0.50 -0.38 -0.33 -0.26 -0.30 -0.26 -0.13 0.00 0.00 0.00 0.00 0.00 0.00 0.00
0 0 0 0 0 0 0 0 0 0 0 0 0 0 0
1.00 -0.44 -0.32 -0.29 -0.22 -0.38 -0.29 -0.16 0.00 0.00 0.00 0.00 0.00 0.00 0.00
0 0 0 0 0 0 0 0 0 0 0 0 0 0 0
1.00 -0.34 -0.23 -0.22 -0.31 -0.25 -0.18 -0.13 0.00 0.00 0.00 0.00 0.00 0.00 0.00
0 0 0 0 0 0 0 0 0 0 0 0 0 0 0
1.00 -0.25 -0.34 -0.20 -0.20 -0.13 -0.23 -0.17 0.00 0.00 0.00 0.00 0.00 0.00 0.00
0 0 0 0 0 0 0 0 0 0 0 0 0 0 0
