1.00 1.22 1.14 1.09 1.06 1.24 1.12 0.47 0.00 0.00 0.00 0.00 0.00 0.00 0.00
1.00 1.05 0.98 0.92 0.91 1.08 0.99 0.41 0.00 0.00 0.00 0.00 0.00 0.00 0.00
1.00 1.00 0.84 0.33 0.95 0.62 0.36 0.31 0.00 0.00 0.00 0.00 0.00 0.00 0.00
0 0 0 0 0 0 0 0 0 0 0 0 0 0 0
1.00 0.59 0.43 0.48 0.47 0.44 0.25 0.15 0.00 0.00 0.00 0.00 0.00 0.00 0.00
0 0 0 0 0 0 0 0 0 0 0 0 0 0 0
1.00 0.59 0.43 0.48 0.47 0.44 0.25 0.15 0.00 0.00 0.00 0.00 0.00 0.00 0.00
0 0 0 0 0 0 0 0 0 0 0 0 0 0 0
1.00 0.41 0.21 0.09 0.41 0.35 0.09 0.14 0.00 0.00 0.00 0.00 0.00 0.00 0.00
0 0 0 0 0 0 0 0 0 0 0 0 0 0 0
1.00 -0.14 -0.39 -0.41 -0.08 -0.29 -0.47 -0.16 0.00 0.00 0.00 0.00 0.00 0.00 0.00
0 0 0 0 0 0 0 0 0 0 0 0 0 0 0
1.00 -0.87 -0.82 -0.76 -0.81 -0.80 -0.68 -0.27 0.00 0.00 0.00 0.00 0.00 0.00 0.00
0 0 0 0 0 0 0 0 0 0 0 0 0 0 0
1.00 -0.40 -0.18 -0.17 -0.38 -0.32 -0.26 -0.07 0.00 0.00 0.00 0.00 0.00 0.00 0.00
0 0 0 0 0 0 0 0 0 0 0 0 0 0 0
1.00 -0.61 -0.47 -0.43 -0.45 -0.56 -0.36 -0.18 0.00 0.00 0.00 0.00 0.00 0.00 0.00
0 0 0 0 0 0 0 0 0 0 0 0 0 0 0
1.00 -0.87 -0.78 -0.66 -0.77 -0.68 -0.65 -0.27 0.00 0.00 0.00 0.00 0.00 0.00 0.00
0 0 0 0 0 0 0 0 0 0 0 0 0 0 0
1.00 -1.03 -1.10 -1.05 -0.83 -0.97 -0.78 -0.35 0.00 0.00 0.00 0.00 0.00 0.00 0.00
0 0 0 0 0 0 0 0 0 0 0 0 0 0 0
1.00 -0.36 -0.42 -0.34 -0.33 -0.27 -0.26 -0.11 0.00 0.00 0.00 0.00 0.00 0.00 0.00
0 0 0 0 0 0 0 0 0 0 0 0 0 0 0
