1.00 0.64 0.58 0.55 0.73 0.74 0.50 0.18 0.00 0.00 0.00 0.00 0.00 0.00 0.00
1.00 0.25 0.29 0.36 0.43 0.26 0.26 0.12 0.00 0.00 0.00 0.00 0.00 0.00 0.00
1.00 -0.43 -0.43 -0.43 -0.30 -0.58 -0.44 -0.14 0.00 0.00 0.00 0.00 0.00 0.00 0.00
0 0 0 0 0 0 0 0 0 0 0 0 0 0 0
1.00 -1.37 -1.09 -0.69 -1.08 -0.94 -0.63 -0.33 0.00 0.00 0.00 0.00 0.00 0.00 0.00
0 0 0 0 0 0 0 0 0 0 0 0 0 0 0
1.00 -1.37 -1.09 -0.69 -1.08 -0.94 -0.63 -0.33 0.00 0.00 0.00 0.00 0.00 0.00 0.00
0 0 0 0 0 0 0 0 0 0 0 0 0 0 0
1.00 -1.52 -1.23 -0.93 -1.32 -1.09 -0.79 -0.45 0.00 0.00 0.00 0.00 0.00 0.00 0.00
0 0 0 0 0 0 0 0 0 0 0 0 0 0 0
1.00 -0.74 -0.62 -0.48 -0.65 -0.65 -0.52 -0.24 0.00 0.00 0.00 0.00 0.00 0.00 0.00
0 0 0 0 0 0 0 0 0 0 0 0 0 0 0
1.00 -0.86 -0.55 -0.35 -0.66 -0.46 -0.19 -0.18 0.00 0.00 0.00 0.00 0.00 0.00 0.00
0 0 0 0 0 0 0 0 0 0 0 0 0 0 0
1.00 -0.59 -0.45 -0.22 -0.52 -0.34 -0.16 -0.15 0.00 0.00 0.00 0.00 0.00 0.00 0.00
0 0 0 0 0 0 0 0 0 0 0 0 0 0 0
1.00 -0.45 -0.40 -0.27 -0.35 -0.30 -0.16 -0.10 0.00 0.00 0.00 0.00 0.00 0.00 0.00
0 0 0 0 0 0 0 0 0 0 0 0 0 0 0
1.00 -0.34 -0.22 -0.17 -0.18 -0.20 -0.15 -0.07 0.00 0.00 0.00 0.00 0.00 0.00 0.00
0 0 0 0 0 0 0 0 0 0 0 0 0 0 0
1.00 -0.24 -0.17 -0.13 -0.08 -0.27 -0.23 -0.10 0.00 0.00 0.00 0.00 0.00 0.00 0.00
0 0 0 0 0 0 0 0 0 0 0 0 0 0 0
1.00 -0.11 -0.15 -0.04 -0.05 -0.21 -0.01 -0.05 0.00 0.00 0.00 0.00 0.00 0.00 0.00
0 0 0 0 0 0 0 0 0 0 0 0 0 0 0
