1.00 -2.88 -1.96 -0.33 -4.24 -3.93 -1.06 -1.04 0.00 0.00 0.00 0.00 0.00 0.00 0.00
1.00 3.30 3.86 3.76 4.03 5.57 4.96 1.63 0.00 0.00 0.00 0.00 0.00 0.00 0.00
1.00 4.20 4.07 3.67 6.09 7.09 5.14 1.96 0.00 0.00 0.00 0.00 0.00 0.00 0.00
0 0 0 0 0 0 0 0 0 0 0 0 0 0 0
1.00 4.36 4.05 3.38 6.71 7.26 4.70 2.01 0.00 0.00 0.00 0.00 0.00 0.00 0.00
0 0 0 0 0 0 0 0 0 0 0 0 0 0 0
1.00 4.36 4.05 3.38 6.71 7.26 4.70 2.01 0.00 0.00 0.00 0.00 0.00 0.00 0.00
0 0 0 0 0 0 0 0 0 0 0 0 0 0 0
1.00 3.13 2.88 2.41 5.04 5.67 3.81 1.46 0.00 0.00 0.00 0.00 0.00 0.00 0.00
0 0 0 0 0 0 0 0 0 0 0 0 0 0 0
1.00 2.09 1.89 1.34 3.39 3.76 2.33 0.97 0.00 0.00 0.00 0.00 0.00 0.00 0.00
0 0 0 0 0 0 0 0 0 0 0 0 0 0 0
1.00 0.64 0.41 0.12 0.96 0.41 0.06 0.21 0.00 0.00 0.00 0.00 0.00 0.00 0.00
0 0 0 0 0 0 0 0 0 0 0 0 0 0 0
1.00 -0.01 -0.19 -0.40 0.06 -0.53 -0.60 -0.07 0.00 0.00 0.00 0.00 0.00 0.00 0.00
0 0 0 0 0 0 0 0 0 0 0 0 0 0 0
1.00 -2.01 -2.36 -2.42 -3.80 -5.21 -4.31 -1.32 0.00 0.00 0.00 0.00 0.00 0.00 0.00
0 0 0 0 0 0 0 0 0 0 0 0 0 0 0
1.00 0.08 -0.67 -1.17 -1.22 -2.69 -2.60 -0.48 0.00 0.00 0.00 0.00 0.00 0.00 0.00
0 0 0 0 0 0 0 0 0 0 0 0 0 0 0
1.00 -3.07 -3.53 -3.78 -5.47 -6.78 -5.17 -1.83 0.00 0.00 0.00 0.00 0.00 0.00 0.00
0 0 0 0 0 0 0 0 0 0 0 0 0 0 0
1.00 -5.33 -4.91 -4.18 -7.73 -7.93 -5.24 -2.31 0.00 0.00 0.00 0.00 0.00 0.00 0.00
0 0 0 0 0 0 0 0 0 0 0 0 0 0 0
