1.00 -0.05 -0.10 0.05 -0.07 0.09 0.14 0.01 0.00 0.00 0.00 0.00 0.00 0.00 0.00
1.00 -0.31 -0.23 -0.20 -0.26 -0.32 -0.20 -0.03 0.00 0.00 0.00 0.00 0.00 0.00 0.00
1.00 -0.77 -0.76 -0.80 -0.62 -0.89 -0.79 -0.31 0.00 0.00 0.00 0.00 0.00 0.00 0.00
0 0 0 0 0 0 0 0 0 0 0 0 0 0 0
1.00 -0.92 -1.00 -1.18 -0.81 -0.96 -1.02 -0.39 0.00 0.00 0.00 0.00 0.00 0.00 0.00
0 0 0 0 0 0 0 0 0 0 0 0 0 0 0
1.00 -0.92 -1.00 -1.18 -0.81 -0.96 -1.02 -0.39 0.00 0.00 0.00 0.00 0.00 0.00 0.00
0 0 0 0 0 0 0 0 0 0 0 0 0 0 0
1.00 -0.52 -0.35 -0.54 -0.31 -0.34 -0.37 -0.15 0.00 0.00 0.00 0.00 0.00 0.00 0.00
0 0 0 0 0 0 0 0 0 0 0 0 0 0 0
1.00 -0.37 -0.38 -0.42 -0.27 -0.36 -0.38 -0.15 0.00 0.00 0.00 0.00 0.00 0.00 0.00
0 0 0 0 0 0 0 0 0 0 0 0 0 0 0
1.00 -0.50 -0.44 -0.40 -0.50 -0.44 -0.28 -0.18 0.00 0.00 0.00 0.00 0.00 0.00 0.00
0 0 0 0 0 0 0 0 0 0 0 0 0 0 0
1.00 -0.47 -0.52 -0.57 -0.36 -0.55 -0.47 -0.19 0.00 0.00 0.00 0.00 0.00 0.00 0.00
0 0 0 0 0 0 0 0 0 0 0 0 0 0 0
1.00 -0.31 -0.31 -0.53 -0.28 -0.38 -0.42 -0.10 0.00 0.00 0.00 0.00 0.00 0.00 0.00
0 0 0 0 0 0 0 0 0 0 0 0 0 0 0
1.00 -0.13 -0.21 -0.34 -0.20 -0.33 -0.22 -0.15 0.00 0.00 0.00 0.00 0.00 0.00 0.00
0 0 0 0 0 0 0 0 0 0 0 0 0 0 0
1.00 -0.17 -0.16 -0.25 -0.18 -0.16 -0.26 -0.04 0.00 0.00 0.00 0.00 0.00 0.00 0.00
0 0 0 0 0 0 0 0 0 0 0 0 0 0 0
1.00 0.06 -0.14 -0.05 0.08 -0.13 -0.08 0.00 0.00 0.00 0.00 0.00 0.00 0.00 0.00
0 0 0 0 0 0 0 0 0 0 0 0 0 0 0
