1.00 -1.55 -1.82 -2.26 -1.80 -2.85 -2.94 -0.84 0.00 0.00 0.00 0.00 0.00 0.00 0.00
1.00 -1.74 -2.29 -2.18 -2.29 -3.14 -2.80 -0.98 0.00 0.00 0.00 0.00 0.00 0.00 0.00
1.00 -1.35 -0.43 0.66 -1.78 -1.33 0.36 -0.35 0.00 0.00 0.00 0.00 0.00 0.00 0.00
0 0 0 0 0 0 0 0 0 0 0 0 0 0 0
1.00 1.91 2.92 3.43 1.91 3.85 4.43 1.17 0.00 0.00 0.00 0.00 0.00 0.00 0.00
0 0 0 0 0 0 0 0 0 0 0 0 0 0 0
1.00 1.91 2.92 3.43 1.91 3.85 4.43 1.17 0.00 0.00 0.00 0.00 0.00 0.00 0.00
0 0 0 0 0 0 0 0 0 0 0 0 0 0 0
1.00 4.92 4.93 4.56 6.72 8.08 6.26 2.35 0.00 0.00 0.00 0.00 0.00 0.00 0.00
0 0 0 0 0 0 0 0 0 0 0 0 0 0 0
1.00 3.20 3.07 2.68 4.59 5.63 4.03 1.53 0.00 0.00 0.00 0.00 0.00 0.00 0.00
0 0 0 0 0 0 0 0 0 0 0 0 0 0 0
1.00 3.48 2.77 2.15 5.73 5.76 3.24 1.64 0.00 0.00 0.00 0.00 0.00 0.00 0.00
0 0 0 0 0 0 0 0 0 0 0 0 0 0 0
1.00 2.34 1.52 0.88 3.79 3.01 1.20 0.90 0.00 0.00 0.00 0.00 0.00 0.00 0.00
0 0 0 0 0 0 0 0 0 0 0 0 0 0 0
1.00 3.85 3.25 2.68 5.68 5.10 3.06 1.65 0.00 0.00 0.00 0.00 0.00 0.00 0.00
0 0 0 0 0 0 0 0 0 0 0 0 0 0 0
1.00 1.48 0.69 -0.06 1.19 -0.27 -1.18 0.16 0.00 0.00 0.00 0.00 0.00 0.00 0.00
0 0 0 0 0 0 0 0 0 0 0 0 0 0 0
1.00 1.46 0.73 0.01 1.27 -0.09 -1.02 0.19 0.00 0.00 0.00 0.00 0.00 0.00 0.00
0 0 0 0 0 0 0 0 0 0 0 0 0 0 0
1.00 -2.09 -2.85 -3.22 -4.12 -5.54 -4.40 -1.45 0.00 0.00 0.00 0.00 0.00 0.00 0.00
0 0 0 0 0 0 0 0 0 0 0 0 0 0 0
