1.00 0.64 0.69 0.91 0.66 0.94 0.87 0.29 0.00 0.00 0.00 0.00 0.00 0.00 0.00
1.00 1.28 1.23 1.04 1.19 1.25 0.95 0.47 0.00 0.00 0.00 0.00 0.00 0.00 0.00
1.00 1.15 0.82 0.66 0.95 1.03 0.65 0.38 0.00 0.00 0.00 0.00 0.00 0.00 0.00
0 0 0 0 0 0 0 0 0 0 0 0 0 0 0
1.00 0.84 0.37 0.30 0.60 0.49 0.18 0.19 0.00 0.00 0.00 0.00 0.00 0.00 0.00
0 0 0 0 0 0 0 0 0 0 0 0 0 0 0
1.00 0.84 0.37 0.30 0.60 0.49 0.18 0.19 0.00 0.00 0.00 0.00 0.00 0.00 0.00
0 0 0 0 0 0 0 0 0 0 0 0 0 0 0
1.00 0.01 -0.15 -0.24 0.07 -0.07 -0.32 0.02 0.00 0.00 0.00 0.00 0.00 0.00 0.00
0 0 0 0 0 0 0 0 0 0 0 0 0 0 0
1.00 0.27 0.10 0.00 0.23 0.12 -0.07 0.04 0.00 0.00 0.00 0.00 0.00 0.00 0.00
0 0 0 0 0 0 0 0 0 0 0 0 0 0 0
1.00 -0.47 -0.52 -0.66 -0.42 -0.55 -0.48 -0.21 0.00 0.00 0.00 0.00 0.00 0.00 0.00
0 0 0 0 0 0 0 0 0 0 0 0 0 0 0
1.00 -1.04 -0.87 -0.76 -0.95 -0.97 -0.74 -0.35 0.00 0.00 0.00 0.00 0.00 0.00 0.00
0 0 0 0 0 0 0 0 0 0 0 0 0 0 0
1.00 -1.43 -1.28 -1.21 -1.17 -1.40 -1.02 -0.46 0.00 0.00 0.00 0.00 0.00 0.00 0.00
0 0 0 0 0 0 0 0 0 0 0 0 0 0 0
1.00 -0.66 -0.54 -0.67 -0.60 -0.71 -0.53 -0.21 0.00 0.00 0.00 0.00 0.00 0.00 0.00
0 0 0 0 0 0 0 0 0 0 0 0 0 0 0
1.00 -0.98 -0.96 -0.82 -0.81 -0.86 -0.76 -0.42 0.00 0.00 0.00 0.00 0.00 0.00 0.00
0 0 0 0 0 0 0 0 0 0 0 0 0 0 0
1.00 -1.04 -0.83 -1.04 -0.73 -0.96 -0.79 -0.31 0.00 0.00 0.00 0.00 0.00 0.00 0.00
0 0 0 0 0 0 0 0 0 0 0 0 0 0 0
