1.00 0.58 0.62 0.55 0.73 0.72 0.49 0.25 0.00 0.00 0.00 0.00 0.00 0.00 0.00
1.00 0.25 0.11 0.17 0.27 0.21 0.18 0.14 0.00 0.00 0.00 0.00 0.00 0.00 0.00
1.00 -0.30 -0.32 -0.35 -0.20 -0.39 -0.36 -0.09 0.00 0.00 0.00 0.00 0.00 0.00 0.00
0 0 0 0 0 0 0 0 0 0 0 0 0 0 0
1.00 -0.94 -0.94 -0.85 -0.96 -0.93 -0.63 -0.31 0.00 0.00 0.00 0.00 0.00 0.00 0.00
0 0 0 0 0 0 0 0 0 0 0 0 0 0 0
1.00 -0.94 -0.94 -0.85 -0.96 -0.93 -0.63 -0.31 0.00 0.00 0.00 0.00 0.00 0.00 0.00
0 0 0 0 0 0 0 0 0 0 0 0 0 0 0
1.00 -1.71 -1.31 -1.21 -1.25 -1.34 -0.87 -0.45 0.00 0.00 0.00 0.00 0.00 0.00 0.00
0 0 0 0 0 0 0 0 0 0 0 0 0 0 0
1.00 -0.81 -0.66 -0.54 -0.72 -0.61 -0.43 -0.25 0.00 0.00 0.00 0.00 0.00 0.00 0.00
0 0 0 0 0 0 0 0 0 0 0 0 0 0 0
1.00 -0.84 -0.74 -0.51 -0.60 -0.62 -0.53 -0.24 0.00 0.00 0.00 0.00 0.00 0.00 0.00
0 0 0 0 0 0 0 0 0 0 0 0 0 0 0
1.00 -0.79 -0.61 -0.45 -0.53 -0.55 -0.24 -0.24 0.00 0.00 0.00 0.00 0.00 0.00 0.00
0 0 0 0 0 0 0 0 0 0 0 0 0 0 0
1.00 -0.77 -0.58 -0.51 -0.57 -0.59 -0.42 -0.23 0.00 0.00 0.00 0.00 0.00 0.00 0.00
0 0 0 0 0 0 0 0 0 0 0 0 0 0 0
1.00 -0.57 -0.39 -0.26 -0.39 -0.34 -0.14 -0.11 0.00 0.00 0.00 0.00 0.00 0.00 0.00
0 0 0 0 0 0 0 0 0 0 0 0 0 0 0
1.00 -0.39 -0.25 -0.24 -0.28 -0.24 -0.28 -0.12 0.00 0.00 0.00 0.00 0.00 0.00 0.00
0 0 0 0 0 0 0 0 0 0 0 0 0 0 0
1.00 -0.23 -0.18 0.03 -0.20 -0.10 -0.11 -0.10 0.00 0.00 0.00 0.00 0.00 0.00 0.00
0 0 0 0 0 0 0 0 0 0 0 0 0 0 0
