1.00 3.13 4.16 4.69 3.67 5.62 5.87 1.69 0.00 0.00 0.00 0.00 0.00 0.00 0.00
1.00 2.27 2.87 2.78 2.52 3.78 3.73 1.20 0.00 0.00 0.00 0.00 0.00 0.00 0.00
1.00 3.28 3.16 2.78 4.65 5.37 3.88 1.58 0.00 0.00 0.00 0.00 0.00 0.00 0.00
0 0 0 0 0 0 0 0 0 0 0 0 0 0 0
1.00 3.25 2.74 2.15 5.23 5.35 3.10 1.48 0.00 0.00 0.00 0.00 0.00 0.00 0.00
0 0 0 0 0 0 0 0 0 0 0 0 0 0 0
1.00 3.25 2.74 2.15 5.23 5.35 3.10 1.48 0.00 0.00 0.00 0.00 0.00 0.00 0.00
0 0 0 0 0 0 0 0 0 0 0 0 0 0 0
1.00 2.74 2.06 1.21 4.50 4.31 2.13 1.14 0.00 0.00 0.00 0.00 0.00 0.00 0.00
0 0 0 0 0 0 0 0 0 0 0 0 0 0 0
1.00 3.27 2.95 2.49 5.77 6.28 3.86 1.59 0.00 0.00 0.00 0.00 0.00 0.00 0.00
0 0 0 0 0 0 0 0 0 0 0 0 0 0 0
1.00 1.86 1.65 1.20 3.41 2.99 1.62 0.84 0.00 0.00 0.00 0.00 0.00 0.00 0.00
0 0 0 0 0 0 0 0 0 0 0 0 0 0 0
1.00 0.10 -0.33 -0.33 -0.26 -1.09 -1.11 -0.25 0.00 0.00 0.00 0.00 0.00 0.00 0.00
0 0 0 0 0 0 0 0 0 0 0 0 0 0 0
1.00 -2.11 -2.52 -2.71 -4.35 -5.69 -4.45 -1.38 0.00 0.00 0.00 0.00 0.00 0.00 0.00
0 0 0 0 0 0 0 0 0 0 0 0 0 0 0
1.00 -5.13 -5.39 -5.40 -8.67 -10.10 -7.56 -2.74 0.00 0.00 0.00 0.00 0.00 0.00 0.00
0 0 0 0 0 0 0 0 0 0 0 0 0 0 0
1.00 -3.16 -3.51 -3.45 -5.50 -6.38 -4.48 -1.83 0.00 0.00 0.00 0.00 0.00 0.00 0.00
0 0 0 0 0 0 0 0 0 0 0 0 0 0 0
1.00 -4.04 -3.67 -3.10 -5.73 -5.73 -3.99 -1.70 0.00 0.00 0.00 0.00 0.00 0.00 0.00
0 0 0 0 0 0 0 0 0 0 0 0 0 0 0
