1.00 -1.08 0.21 1.02 -1.91 -1.08 1.02 -0.28 0.00 0.00 0.00 0.00 0.00 0.00 0.00
1.00 2.42 2.93 2.89 2.10 3.43 3.72 1.03 0.00 0.00 0.00 0.00 0.00 0.00 0.00
1.00 3.89 3.56 3.08 4.80 5.83 4.37 1.69 0.00 0.00 0.00 0.00 0.00 0.00 0.00
0 0 0 0 0 0 0 0 0 0 0 0 0 0 0
1.00 4.19 3.87 3.17 6.31 7.15 4.54 1.97 0.00 0.00 0.00 0.00 0.00 0.00 0.00
0 0 0 0 0 0 0 0 0 0 0 0 0 0 0
1.00 4.19 3.87 3.17 6.31 7.15 4.54 1.97 0.00 0.00 0.00 0.00 0.00 0.00 0.00
0 0 0 0 0 0 0 0 0 0 0 0 0 0 0
1.00 2.69 2.68 2.26 4.57 5.01 3.38 1.37 0.00 0.00 0.00 0.00 0.00 0.00 0.00
0 0 0 0 0 0 0 0 0 0 0 0 0 0 0
1.00 1.96 1.98 1.65 3.53 3.86 2.54 1.04 0.00 0.00 0.00 0.00 0.00 0.00 0.00
0 0 0 0 0 0 0 0 0 0 0 0 0 0 0
1.00 1.40 1.10 0.76 2.68 2.80 1.15 0.65 0.00 0.00 0.00 0.00 0.00 0.00 0.00
0 0 0 0 0 0 0 0 0 0 0 0 0 0 0
1.00 0.17 -0.27 -0.38 0.47 -0.23 -0.50 -0.08 0.00 0.00 0.00 0.00 0.00 0.00 0.00
0 0 0 0 0 0 0 0 0 0 0 0 0 0 0
1.00 -1.44 -1.89 -2.11 -2.45 -3.71 -3.17 -0.90 0.00 0.00 0.00 0.00 0.00 0.00 0.00
0 0 0 0 0 0 0 0 0 0 0 0 0 0 0
1.00 0.48 -0.11 -0.75 -0.38 -1.73 -1.75 -0.28 0.00 0.00 0.00 0.00 0.00 0.00 0.00
0 0 0 0 0 0 0 0 0 0 0 0 0 0 0
1.00 -5.74 -6.15 -5.55 -8.95 -10.46 -7.61 -2.80 0.00 0.00 0.00 0.00 0.00 0.00 0.00
0 0 0 0 0 0 0 0 0 0 0 0 0 0 0
1.00 -7.18 -6.64 -5.79 -10.20 -10.90 -7.95 -3.16 0.00 0.00 0.00 0.00 0.00 0.00 0.00
0 0 0 0 0 0 0 0 0 0 0 0 0 0 0
