1.00 -3.19 -3.29 -2.85 -4.52 -5.23 -3.76 -1.56 0.00 0.00 0.00 0.00 0.00 0.00 0.00
1.00 -3.07 -1.65 0.00 -4.41 -3.68 -0.63 -1.06 0.00 0.00 0.00 0.00 0.00 0.00 0.00
1.00 0.31 1.52 2.38 -0.64 1.09 2.87 0.35 0.00 0.00 0.00 0.00 0.00 0.00 0.00
0 0 0 0 0 0 0 0 0 0 0 0 0 0 0
1.00 2.49 3.02 2.87 2.99 4.59 3.98 1.35 0.00 0.00 0.00 0.00 0.00 0.00 0.00
0 0 0 0 0 0 0 0 0 0 0 0 0 0 0
1.00 2.49 3.02 2.87 2.99 4.59 3.98 1.35 0.00 0.00 0.00 0.00 0.00 0.00 0.00
0 0 0 0 0 0 0 0 0 0 0 0 0 0 0
1.00 3.10 3.08 2.80 4.51 5.53 4.27 1.53 0.00 0.00 0.00 0.00 0.00 0.00 0.00
0 0 0 0 0 0 0 0 0 0 0 0 0 0 0
1.00 2.95 2.83 2.30 4.81 5.60 3.73 1.53 0.00 0.00 0.00 0.00 0.00 0.00 0.00
0 0 0 0 0 0 0 0 0 0 0 0 0 0 0
1.00 2.35 1.93 1.57 4.13 4.28 2.36 1.11 0.00 0.00 0.00 0.00 0.00 0.00 0.00
0 0 0 0 0 0 0 0 0 0 0 0 0 0 0
1.00 1.03 0.49 0.13 1.94 1.21 0.02 0.37 0.00 0.00 0.00 0.00 0.00 0.00 0.00
0 0 0 0 0 0 0 0 0 0 0 0 0 0 0
1.00 -0.77 -1.32 -1.61 -1.85 -3.35 -2.92 -0.71 0.00 0.00 0.00 0.00 0.00 0.00 0.00
0 0 0 0 0 0 0 0 0 0 0 0 0 0 0
1.00 1.08 0.33 0.03 0.48 -0.85 -1.23 -0.01 0.00 0.00 0.00 0.00 0.00 0.00 0.00
0 0 0 0 0 0 0 0 0 0 0 0 0 0 0
1.00 -1.66 -2.34 -2.68 -3.58 -5.03 -4.26 -1.25 0.00 0.00 0.00 0.00 0.00 0.00 0.00
0 0 0 0 0 0 0 0 0 0 0 0 0 0 0
1.00 -4.50 -4.83 -4.58 -7.13 -7.92 -5.68 -2.38 0.00 0.00 0.00 0.00 0.00 0.00 0.00
0 0 0 0 0 0 0 0 0 0 0 0 0 0 0
