1.00 0.53 0.32 0.28 0.64 0.50 0.30 0.20 0.00 0.00 0.00 0.00 0.00 0.00 0.00
1.00 -0.31 -0.17 -0.23 -0.26 -0.39 -0.24 -0.12 0.00 0.00 0.00 0.00 0.00 0.00 0.00
1.00 -0.84 -0.74 -0.53 -0.98 -0.87 -0.60 -0.28 0.00 0.00 0.00 0.00 0.00 0.00 0.00
0 0 0 0 0 0 0 0 0 0 0 0 0 0 0
1.00 -1.37 -1.14 -0.93 -1.22 -1.37 -0.94 -0.42 0.00 0.00 0.00 0.00 0.00 0.00 0.00
0 0 0 0 0 0 0 0 0 0 0 0 0 0 0
1.00 -1.37 -1.14 -0.93 -1.22 -1.37 -0.94 -0.42 0.00 0.00 0.00 0.00 0.00 0.00 0.00
0 0 0 0 0 0 0 0 0 0 0 0 0 0 0
1.00 -0.67 -0.65 -0.54 -0.82 -0.68 -0.52 -0.26 0.00 0.00 0.00 0.00 0.00 0.00 0.00
0 0 0 0 0 0 0 0 0 0 0 0 0 0 0
1.00 -1.27 -1.09 -1.10 -1.09 -1.27 -1.08 -0.40 0.00 0.00 0.00 0.00 0.00 0.00 0.00
0 0 0 0 0 0 0 0 0 0 0 0 0 0 0
1.00 -1.94 -1.47 -1.11 -1.70 -1.53 -0.76 -0.52 0.00 0.00 0.00 0.00 0.00 0.00 0.00
0 0 0 0 0 0 0 0 0 0 0 0 0 0 0
1.00 -0.71 -0.77 -0.56 -0.73 -0.74 -0.52 -0.30 0.00 0.00 0.00 0.00 0.00 0.00 0.00
0 0 0 0 0 0 0 0 0 0 0 0 0 0 0
1.00 -0.71 -0.64 -0.48 -0.68 -0.65 -0.40 -0.27 0.00 0.00 0.00 0.00 0.00 0.00 0.00
0 0 0 0 0 0 0 0 0 0 0 0 0 0 0
1.00 -0.57 -0.48 -0.43 -0.62 -0.46 -0.33 -0.17 0.00 0.00 0.00 0.00 0.00 0.00 0.00
0 0 0 0 0 0 0 0 0 0 0 0 0 0 0
1.00 -0.45 -0.24 -0.17 -0.43 -0.31 -0.16 -0.11 0.00 0.00 0.00 0.00 0.00 0.00 0.00
0 0 0 0 0 0 0 0 0 0 0 0 0 0 0
1.00 -0.34 -0.11 -0.13 -0.15 -0.14 0.03 -0.03 0.00 0.00 0.00 0.00 0.00 0.00 0.00
0 0 0 0 0 0 0 0 0 0 0 0 0 0 0
