1.00 -0.06 -0.21 0.02 -0.13 -0.11 -0.03 -0.07 0.00 0.00 0.00 0.00 0.00 0.00 0.00
1.00 -0.38 -0.27 -0.19 -0.37 -0.33 -0.17 -0.10 0.00 0.00 0.00 0.00 0.00 0.00 0.00
1.00 -0.93 -0.63 -0.47 -0.69 -0.62 -0.40 -0.26 0.00 0.00 0.00 0.00 0.00 0.00 0.00
0 0 0 0 0 0 0 0 0 0 0 0 0 0 0
1.00 -1.25 -0.93 -0.87 -1.05 -0.95 -0.80 -0.30 0.00 0.00 0.00 0.00 0.00 0.00 0.00
0 0 0 0 0 0 0 0 0 0 0 0 0 0 0
1.00 -1.25 -0.93 -0.87 -1.05 -0.95 -0.80 -0.30 0.00 0.00 0.00 0.00 0.00 0.00 0.00
0 0 0 0 0 0 0 0 0 0 0 0 0 0 0
1.00 -0.48 -0.59 -0.46 -0.57 -0.53 -0.39 -0.13 0.00 0.00 0.00 0.00 0.00 0.00 0.00
0 0 0 0 0 0 0 0 0 0 0 0 0 0 0
1.00 -0.68 -0.57 -0.48 -0.50 -0.67 -0.55 -0.29 0.00 0.00 0.00 0.00 0.00 0.00 0.00
0 0 0 0 0 0 0 0 0 0 0 0 0 0 0
1.00 -0.64 -0.66 -0.76 -0.49 -0.63 -0.67 -0.16 0.00 0.00 0.00 0.00 0.00 0.00 0.00
0 0 0 0 0 0 0 0 0 0 0 0 0 0 0
1.00 -0.38 -0.29 -0.33 -0.29 -0.27 -0.32 -0.13 0.00 0.00 0.00 0.00 0.00 0.00 0.00
0 0 0 0 0 0 0 0 0 0 0 0 0 0 0
1.00 -0.27 -0.20 -0.24 -0.20 -0.18 -0.23 -0.09 0.00 0.00 0.00 0.00 0.00 0.00 0.00
0 0 0 0 0 0 0 0 0 0 0 0 0 0 0
1.00 -0.15 -0.12 -0.28 -0.05 -0.30 -0.28 -0.07 0.00 0.00 0.00 0.00 0.00 0.00 0.00
0 0 0 0 0 0 0 0 0 0 0 0 0 0 0
1.00 -0.19 -0.09 -0.16 -0.26 -0.17 -0.09 -0.08 0.00 0.00 0.00 0.00 0.00 0.00 0.00
0 0 0 0 0 0 0 0 0 0 0 0 0 0 0
1.00 -0.08 -0.07 -0.17 -0.15 -0.16 -0.18 -0.11 0.00 0.00 0.00 0.00 0.00 0.00 0.00
0 0 0 0 0 0 0 0 0 0 0 0 0 0 0
