1.00 -0.83 -0.82 -0.75 -0.80 -0.87 -0.65 -0.29 0.00 0.00 0.00 0.00 0.00 0.00 0.00
1.00 -1.61 -1.26 -0.94 -1.34 -1.20 -0.74 -0.37 0.00 0.00 0.00 0.00 0.00 0.00 0.00
1.00 -0.95 -0.62 -0.63 -0.69 -0.54 -0.48 -0.26 0.00 0.00 0.00 0.00 0.00 0.00 0.00
0 0 0 0 0 0 0 0 0 0 0 0 0 0 0
1.00 -0.76 -0.63 -0.34 -0.85 -0.51 -0.37 -0.27 0.00 0.00 0.00 0.00 0.00 0.00 0.00
0 0 0 0 0 0 0 0 0 0 0 0 0 0 0
1.00 -0.76 -0.63 -0.34 -0.85 -0.51 -0.37 -0.27 0.00 0.00 0.00 0.00 0.00 0.00 0.00
0 0 0 0 0 0 0 0 0 0 0 0 0 0 0
1.00 -0.72 -0.53 -0.43 -0.59 -0.60 -0.26 -0.13 0.00 0.00 0.00 0.00 0.00 0.00 0.00
0 0 0 0 0 0 0 0 0 0 0 0 0 0 0
1.00 -0.65 -0.46 -0.33 -0.53 -0.42 -0.20 -0.15 0.00 0.00 0.00 0.00 0.00 0.00 0.00
0 0 0 0 0 0 0 0 0 0 0 0 0 0 0
1.00 -0.45 -0.25 -0.22 -0.34 -0.29 -0.13 -0.09 0.00 0.00 0.00 0.00 0.00 0.00 0.00
0 0 0 0 0 0 0 0 0 0 0 0 0 0 0
1.00 -0.29 -0.13 -0.21 -0.28 -0.22 -0.16 -0.10 0.00 0.00 0.00 0.00 0.00 0.00 0.00
0 0 0 0 0 0 0 0 0 0 0 0 0 0 0
1.00 -0.23 -0.14 -0.04 -0.17 -0.23 -0.08 -0.06 0.00 0.00 0.00 0.00 0.00 0.00 0.00
0 0 0 0 0 0 0 0 0 0 0 0 0 0 0
1.00 -0.07 -0.09 0.03 -0.02 -0.01 -0.06 -0.04 0.00 0.00 0.00 0.00 0.00 0.00 0.00
0 0 0 0 0 0 0 0 0 0 0 0 0 0 0
1.00 0.11 0.07 -0.04 0.05 0.16 0.07 0.07 0.00 0.00 0.00 0.00 0.00 0.00 0.00
0 0 0 0 0 0 0 0 0 0 0 0 0 0 0
1.00 0.07 -0.03 0.01 0.04 0.08 0.01 0.06 0.00 0.00 0.00 0.00 0.00 0.00 0.00
0 0 0 0 0 0 0 0 0 0 0 0 0 0 0
