1.00 3.14 4.15 4.54 3.73 5.82 5.96 1.71 0.00 0.00 0.00 0.00 0.00 0.00 0.00
1.00 2.17 2.84 2.93 2.41 3.72 3.66 1.14 0.00 0.00 0.00 0.00 0.00 0.00 0.00
1.00 2.88 2.71 2.72 4.29 5.06 3.74 1.41 0.00 0.00 0.00 0.00 0.00 0.00 0.00
0 0 0 0 0 0 0 0 0 0 0 0 0 0 0
1.00 3.05 2.61 2.18 4.83 5.39 3.37 1.44 0.00 0.00 0.00 0.00 0.00 0.00 0.00
0 0 0 0 0 0 0 0 0 0 0 0 0 0 0
1.00 3.05 2.61 2.18 4.83 5.39 3.37 1.44 0.00 0.00 0.00 0.00 0.00 0.00 0.00
0 0 0 0 0 0 0 0 0 0 0 0 0 0 0
1.00 2.49 2.06 1.33 4.36 4.17 2.18 1.20 0.00 0.00 0.00 0.00 0.00 0.00 0.00
0 0 0 0 0 0 0 0 0 0 0 0 0 0 0
1.00 1.47 0.79 0.08 2.52 1.64 0.20 0.46 0.00 0.00 0.00 0.00 0.00 0.00 0.00
0 0 0 0 0 0 0 0 0 0 0 0 0 0 0
1.00 4.69 4.18 3.52 7.17 7.10 4.66 2.12 0.00 0.00 0.00 0.00 0.00 0.00 0.00
0 0 0 0 0 0 0 0 0 0 0 0 0 0 0
1.00 3.43 2.75 2.26 4.22 3.51 1.98 1.17 0.00 0.00 0.00 0.00 0.00 0.00 0.00
0 0 0 0 0 0 0 0 0 0 0 0 0 0 0
1.00 1.23 0.44 -0.27 0.13 -1.28 -1.55 -0.04 0.00 0.00 0.00 0.00 0.00 0.00 0.00
0 0 0 0 0 0 0 0 0 0 0 0 0 0 0
1.00 -1.68 -2.54 -2.91 -4.00 -5.45 -4.15 -1.37 0.00 0.00 0.00 0.00 0.00 0.00 0.00
0 0 0 0 0 0 0 0 0 0 0 0 0 0 0
1.00 -3.90 -3.66 -3.22 -6.24 -6.43 -4.29 -1.81 0.00 0.00 0.00 0.00 0.00 0.00 0.00
0 0 0 0 0 0 0 0 0 0 0 0 0 0 0
1.00 -3.83 -3.37 -3.02 -5.46 -5.58 -3.82 -1.65 0.00 0.00 0.00 0.00 0.00 0.00 0.00
0 0 0 0 0 0 0 0 0 0 0 0 0 0 0
