1.00 1.03 0.93 0.91 1.04 1.22 0.78 0.32 0.00 0.00 0.00 0.00 0.00 0.00 0.00
1.00 1.39 0.90 0.75 1.13 1.05 0.55 0.33 0.00 0.00 0.00 0.00 0.00 0.00 0.00
1.00 1.28 0.88 0.63 1.07 0.78 0.59 0.37 0.00 0.00 0.00 0.00 0.00 0.00 0.00
0 0 0 0 0 0 0 0 0 0 0 0 0 0 0
1.00 1.05 0.78 0.62 0.90 0.76 0.57 0.34 0.00 0.00 0.00 0.00 0.00 0.00 0.00
0 0 0 0 0 0 0 0 0 0 0 0 0 0 0
1.00 1.05 0.78 0.62 0.90 0.76 0.57 0.34 0.00 0.00 0.00 0.00 0.00 0.00 0.00
0 0 0 0 0 0 0 0 0 0 0 0 0 0 0
1.00 0.79 0.44 0.27 0.56 0.59 0.37 0.22 0.00 0.00 0.00 0.00 0.00 0.00 0.00
0 0 0 0 0 0 0 0 0 0 0 0 0 0 0
1.00 0.09 0.02 -0.09 0.09 -0.02 -0.04 0.02 0.00 0.00 0.00 0.00 0.00 0.00 0.00
0 0 0 0 0 0 0 0 0 0 0 0 0 0 0
1.00 -0.37 -0.39 -0.42 -0.27 -0.56 -0.33 -0.12 0.00 0.00 0.00 0.00 0.00 0.00 0.00
0 0 0 0 0 0 0 0 0 0 0 0 0 0 0
1.00 -0.98 -0.73 -0.61 -0.88 -0.87 -0.70 -0.38 0.00 0.00 0.00 0.00 0.00 0.00 0.00
0 0 0 0 0 0 0 0 0 0 0 0 0 0 0
1.00 -0.42 -0.48 -0.35 -0.42 -0.50 -0.39 -0.19 0.00 0.00 0.00 0.00 0.00 0.00 0.00
0 0 0 0 0 0 0 0 0 0 0 0 0 0 0
1.00 -0.82 -0.57 -0.19 -0.66 -0.59 -0.17 -0.17 0.00 0.00 0.00 0.00 0.00 0.00 0.00
0 0 0 0 0 0 0 0 0 0 0 0 0 0 0
1.00 -0.89 -0.39 -0.28 -0.82 -0.44 -0.33 -0.17 0.00 0.00 0.00 0.00 0.00 0.00 0.00
0 0 0 0 0 0 0 0 0 0 0 0 0 0 0
1.00 -0.92 -0.62 -0.62 -0.86 -0.65 -0.47 -0.23 0.00 0.00 0.00 0.00 0.00 0.00 0.00
0 0 0 0 0 0 0 0 0 0 0 0 0 0 0
