1.00 -0.27 -0.39 -0.33 -0.40 -0.63 -0.42 -0.11 0.00 0.00 0.00 0.00 0.00 0.00 0.00
1.00 -1.00 -0.87 -0.86 -0.90 -1.03 -0.79 -0.36 0.00 0.00 0.00 0.00 0.00 0.00 0.00
1.00 -1.54 -1.23 -1.10 -1.49 -1.23 -0.94 -0.47 0.00 0.00 0.00 0.00 0.00 0.00 0.00
0 0 0 0 0 0 0 0 0 0 0 0 0 0 0
1.00 -1.73 -1.29 -0.99 -1.41 -1.28 -0.91 -0.47 0.00 0.00 0.00 0.00 0.00 0.00 0.00
0 0 0 0 0 0 0 0 0 0 0 0 0 0 0
1.00 -1.73 -1.29 -0.99 -1.41 -1.28 -0.91 -0.47 0.00 0.00 0.00 0.00 0.00 0.00 0.00
0 0 0 0 0 0 0 0 0 0 0 0 0 0 0
1.00 -0.79 -0.71 -0.42 -0.58 -0.61 -0.24 -0.19 0.00 0.00 0.00 0.00 0.00 0.00 0.00
0 0 0 0 0 0 0 0 0 0 0 0 0 0 0
1.00 -0.73 -0.46 -0.48 -0.58 -0.48 -0.36 -0.11 0.00 0.00 0.00 0.00 0.00 0.00 0.00
0 0 0 0 0 0 0 0 0 0 0 0 0 0 0
1.00 -0.69 -0.47 -0.34 -0.46 -0.62 -0.20 -0.20 0.00 0.00 0.00 0.00 0.00 0.00 0.00
0 0 0 0 0 0 0 0 0 0 0 0 0 0 0
1.00 -0.58 -0.42 -0.17 -0.57 -0.41 -0.09 -0.16 0.00 0.00 0.00 0.00 0.00 0.00 0.00
0 0 0 0 0 0 0 0 0 0 0 0 0 0 0
1.00 -0.25 -0.12 -0.38 -0.27 -0.23 -0.31 -0.07 0.00 0.00 0.00 0.00 0.00 0.00 0.00
0 0 0 0 0 0 0 0 0 0 0 0 0 0 0
1.00 -0.22 -0.10 -0.25 -0.20 -0.24 -0.21 -0.10 0.00 0.00 0.00 0.00 0.00 0.00 0.00
0 0 0 0 0 0 0 0 0 0 0 0 0 0 0
1.00 -0.03 -0.11 0.10 -0.01 0.11 0.06 0.03 0.00 0.00 0.00 0.00 0.00 0.00 0.00
0 0 0 0 0 0 0 0 0 0 0 0 0 0 0
1.00 0.03 0.07 0.05 -0.05 0.05 0.05 0.03 0.00 0.00 0.00 0.00 0.00 0.00 0.00
0 0 0 0 0 0 0 0 0 0 0 0 0 0 0
