1.00 3.29 3.92 3.82 3.82 5.67 5.05 1.68 0.00 0.00 0.00 0.00 0.00 0.00 0.00
1.00 3.35 3.31 3.02 5.05 6.24 4.68 1.70 0.00 0.00 0.00 0.00 0.00 0.00 0.00
1.00 3.38 3.10 2.41 5.42 6.16 3.97 1.65 0.00 0.00 0.00 0.00 0.00 0.00 0.00
0 0 0 0 0 0 0 0 0 0 0 0 0 0 0
1.00 2.67 2.36 1.78 4.66 5.04 2.75 1.30 0.00 0.00 0.00 0.00 0.00 0.00 0.00
0 0 0 0 0 0 0 0 0 0 0 0 0 0 0
1.00 2.67 2.36 1.78 4.66 5.04 2.75 1.30 0.00 0.00 0.00 0.00 0.00 0.00 0.00
0 0 0 0 0 0 0 0 0 0 0 0 0 0 0
1.00 1.92 1.24 0.75 3.10 2.74 1.01 0.73 0.00 0.00 0.00 0.00 0.00 0.00 0.00
0 0 0 0 0 0 0 0 0 0 0 0 0 0 0
1.00 0.06 -0.50 -0.97 -0.31 -1.91 -2.08 -0.32 0.00 0.00 0.00 0.00 0.00 0.00 0.00
0 0 0 0 0 0 0 0 0 0 0 0 0 0 0
1.00 2.68 2.01 1.29 2.69 1.57 0.85 0.79 0.00 0.00 0.00 0.00 0.00 0.00 0.00
0 0 0 0 0 0 0 0 0 0 0 0 0 0 0
1.00 0.53 0.02 -0.12 -0.89 -1.76 -1.55 -0.24 0.00 0.00 0.00 0.00 0.00 0.00 0.00
0 0 0 0 0 0 0 0 0 0 0 0 0 0 0
1.00 -1.24 -1.58 -1.79 -3.19 -3.98 -3.01 -1.11 0.00 0.00 0.00 0.00 0.00 0.00 0.00
0 0 0 0 0 0 0 0 0 0 0 0 0 0 0
1.00 -2.99 -3.09 -2.91 -4.74 -5.26 -3.84 -1.52 0.00 0.00 0.00 0.00 0.00 0.00 0.00
0 0 0 0 0 0 0 0 0 0 0 0 0 0 0
1.00 -2.75 -2.82 -2.63 -4.29 -4.73 -3.42 -1.38 0.00 0.00 0.00 0.00 0.00 0.00 0.00
0 0 0 0 0 0 0 0 0 0 0 0 0 0 0
1.00 -3.38 -2.87 -2.29 -4.22 -4.08 -2.74 -1.27 0.00 0.00 0.00 0.00 0.00 0.00 0.00
0 0 0 0 0 0 0 0 0 0 0 0 0 0 0
