1.00 1.41 1.34 1.14 1.13 1.43 1.08 0.52 0.00 0.00 0.00 0.00 0.00 0.00 0.00
1.00 2.00 1.42 1.27 1.73 1.76 1.10 0.54 0.00 0.00 0.00 0.00 0.00 0.00 0.00
1.00 1.27 0.97 0.95 1.09 1.22 0.83 0.36 0.00 0.00 0.00 0.00 0.00 0.00 0.00
0 0 0 0 0 0 0 0 0 0 0 0 0 0 0
1.00 1.07 0.85 0.69 0.90 1.01 0.61 0.38 0.00 0.00 0.00 0.00 0.00 0.00 0.00
0 0 0 0 0 0 0 0 0 0 0 0 0 0 0
1.00 1.07 0.85 0.69 0.90 1.01 0.61 0.38 0.00 0.00 0.00 0.00 0.00 0.00 0.00
0 0 0 0 0 0 0 0 0 0 0 0 0 0 0
1.00 0.80 0.56 0.35 0.68 0.51 0.27 0.17 0.00 0.00 0.00 0.00 0.00 0.00 0.00
0 0 0 0 0 0 0 0 0 0 0 0 0 0 0
1.00 0.30 0.09 -0.20 0.21 0.16 -0.14 0.05 0.00 0.00 0.00 0.00 0.00 0.00 0.00
0 0 0 0 0 0 0 0 0 0 0 0 0 0 0
1.00 -0.25 -0.36 -0.28 -0.21 -0.36 -0.32 -0.15 0.00 0.00 0.00 0.00 0.00 0.00 0.00
0 0 0 0 0 0 0 0 0 0 0 0 0 0 0
1.00 -0.95 -0.74 -0.59 -0.74 -0.88 -0.50 -0.28 0.00 0.00 0.00 0.00 0.00 0.00 0.00
0 0 0 0 0 0 0 0 0 0 0 0 0 0 0
1.00 -0.36 -0.22 -0.08 -0.43 -0.28 -0.01 -0.09 0.00 0.00 0.00 0.00 0.00 0.00 0.00
0 0 0 0 0 0 0 0 0 0 0 0 0 0 0
1.00 -0.71 -0.42 -0.34 -0.45 -0.54 -0.33 -0.11 0.00 0.00 0.00 0.00 0.00 0.00 0.00
0 0 0 0 0 0 0 0 0 0 0 0 0 0 0
1.00 -1.04 -0.82 -0.71 -0.99 -0.95 -0.67 -0.25 0.00 0.00 0.00 0.00 0.00 0.00 0.00
0 0 0 0 0 0 0 0 0 0 0 0 0 0 0
1.00 -1.42 -1.19 -1.14 -1.10 -1.21 -0.98 -0.45 0.00 0.00 0.00 0.00 0.00 0.00 0.00
0 0 0 0 0 0 0 0 0 0 0 0 0 0 0
