1.00 1.25 0.80 0.47 0.81 0.56 0.22 0.23 0.00 0.00 0.00 0.00 0.00 0.00 0.00
1.00 0.16 0.10 0.07 -0.15 -0.05 0.00 -0.01 0.00 0.00 0.00 0.00 0.00 0.00 0.00
1.00 0.51 0.49 0.28 0.24 0.25 0.13 0.06 0.00 0.00 0.00 0.00 0.00 0.00 0.00
0 0 0 0 0 0 0 0 0 0 0 0 0 0 0
1.00 0.49 0.47 0.35 0.41 0.40 0.43 0.16 0.00 0.00 0.00 0.00 0.00 0.00 0.00
0 0 0 0 0 0 0 0 0 0 0 0 0 0 0
1.00 0.49 0.47 0.35 0.41 0.40 0.43 0.16 0.00 0.00 0.00 0.00 0.00 0.00 0.00
0 0 0 0 0 0 0 0 0 0 0 0 0 0 0
1.00 0.62 0.45 0.42 0.43 0.65 0.30 0.23 0.00 0.00 0.00 0.00 0.00 0.00 0.00
0 0 0 0 0 0 0 0 0 0 0 0 0 0 0
1.00 0.49 0.36 0.40 0.67 0.55 0.46 0.18 0.00 0.00 0.00 0.00 0.00 0.00 0.00
0 0 0 0 0 0 0 0 0 0 0 0 0 0 0
1.00 0.50 0.39 0.34 0.47 0.67 0.55 0.21 0.00 0.00 0.00 0.00 0.00 0.00 0.00
0 0 0 0 0 0 0 0 0 0 0 0 0 0 0
1.00 0.20 0.13 0.19 0.45 0.37 0.41 0.12 0.00 0.00 0.00 0.00 0.00 0.00 0.00
0 0 0 0 0 0 0 0 0 0 0 0 0 0 0
1.00 0.03 -0.03 0.02 0.27 0.08 0.03 0.08 0.00 0.00 0.00 0.00 0.00 0.00 0.00
0 0 0 0 0 0 0 0 0 0 0 0 0 0 0
1.00 -0.63 -0.61 -0.58 -0.38 -0.57 -0.62 -0.19 0.00 0.00 0.00 0.00 0.00 0.00 0.00
0 0 0 0 0 0 0 0 0 0 0 0 0 0 0
1.00 0.09 -0.04 -0.09 0.06 -0.10 -0.22 -0.03 0.00 0.00 0.00 0.00 0.00 0.00 0.00
0 0 0 0 0 0 0 0 0 0 0 0 0 0 0
1.00 -0.64 -0.56 -0.47 -0.60 -0.60 -0.46 -0.21 0.00 0.00 0.00 0.00 0.00 0.00 0.00
0 0 0 0 0 0 0 0 0 0 0 0 0 0 0
