1.00 0.61 0.49 0.53 0.59 0.51 0.30 0.18 0.00 0.00 0.00 0.00 0.00 0.00 0.00
1.00 0.04 -0.07 -0.22 -0.17 -0.29 -0.17 -0.05 0.00 0.00 0.00 0.00 0.00 0.00 0.00
1.00 -0.79 -0.66 -0.61 -0.88 -0.74 -0.60 -0.27 0.00 0.00 0.00 0.00 0.00 0.00 0.00
0 0 0 0 0 0 0 0 0 0 0 0 0 0 0
1.00 -1.28 -0.89 -0.64 -1.08 -1.03 -0.53 -0.31 0.00 0.00 0.00 0.00 0.00 0.00 0.00
0 0 0 0 0 0 0 0 0 0 0 0 0 0 0
1.00 -1.28 -0.89 -0.64 -1.08 -1.03 -0.53 -0.31 0.00 0.00 0.00 0.00 0.00 0.00 0.00
0 0 0 0 0 0 0 0 0 0 0 0 0 0 0
1.00 -1.33 -0.90 -0.66 -1.11 -0.94 -0.52 -0.27 0.00 0.00 0.00 0.00 0.00 0.00 0.00
0 0 0 0 0 0 0 0 0 0 0 0 0 0 0
1.00 -0.58 -0.44 -0.38 -0.49 -0.48 -0.30 -0.11 0.00 0.00 0.00 0.00 0.00 0.00 0.00
0 0 0 0 0 0 0 0 0 0 0 0 0 0 0
1.00 -0.72 -0.61 -0.39 -0.50 -0.66 -0.40 -0.29 0.00 0.00 0.00 0.00 0.00 0.00 0.00
0 0 0 0 0 0 0 0 0 0 0 0 0 0 0
1.00 -0.52 -0.31 -0.32 -0.52 -0.34 -0.16 -0.15 0.00 0.00 0.00 0.00 0.00 0.00 0.00
0 0 0 0 0 0 0 0 0 0 0 0 0 0 0
1.00 -0.46 -0.22 -0.10 -0.22 -0.17 -0.07 0.01 0.00 0.00 0.00 0.00 0.00 0.00 0.00
0 0 0 0 0 0 0 0 0 0 0 0 0 0 0
1.00 -0.20 -0.06 -0.17 -0.23 -0.06 -0.01 0.03 0.00 0.00 0.00 0.00 0.00 0.00 0.00
0 0 0 0 0 0 0 0 0 0 0 0 0 0 0
1.00 -0.22 -0.13 -0.08 -0.16 -0.16 -0.09 -0.07 0.00 0.00 0.00 0.00 0.00 0.00 0.00
0 0 0 0 0 0 0 0 0 0 0 0 0 0 0
1.00 -0.09 -0.02 -0.06 -0.11 -0.05 -0.12 -0.09 0.00 0.00 0.00 0.00 0.00 0.00 0.00
0 0 0 0 0 0 0 0 0 0 0 0 0 0 0
