1.00 -2.27 -1.22 0.35 -3.30 -2.80 -0.20 -0.76 0.00 0.00 0.00 0.00 0.00 0.00 0.00
1.00 1.24 2.27 2.77 0.85 2.77 3.67 0.83 0.00 0.00 0.00 0.00 0.00 0.00 0.00
1.00 3.99 4.08 3.83 5.40 6.79 5.17 1.91 0.00 0.00 0.00 0.00 0.00 0.00 0.00
0 0 0 0 0 0 0 0 0 0 0 0 0 0 0
1.00 4.88 4.24 3.40 7.52 7.94 4.87 2.21 0.00 0.00 0.00 0.00 0.00 0.00 0.00
0 0 0 0 0 0 0 0 0 0 0 0 0 0 0
1.00 4.88 4.24 3.40 7.52 7.94 4.87 2.21 0.00 0.00 0.00 0.00 0.00 0.00 0.00
0 0 0 0 0 0 0 0 0 0 0 0 0 0 0
1.00 3.84 3.56 3.20 7.09 7.72 5.10 2.01 0.00 0.00 0.00 0.00 0.00 0.00 0.00
0 0 0 0 0 0 0 0 0 0 0 0 0 0 0
1.00 2.93 2.82 2.25 5.28 5.61 3.33 1.50 0.00 0.00 0.00 0.00 0.00 0.00 0.00
0 0 0 0 0 0 0 0 0 0 0 0 0 0 0
1.00 1.56 1.00 0.91 2.27 1.69 0.84 0.60 0.00 0.00 0.00 0.00 0.00 0.00 0.00
0 0 0 0 0 0 0 0 0 0 0 0 0 0 0
1.00 -0.72 -1.38 -1.67 -2.16 -3.63 -3.33 -0.85 0.00 0.00 0.00 0.00 0.00 0.00 0.00
0 0 0 0 0 0 0 0 0 0 0 0 0 0 0
1.00 -3.95 -4.56 -4.80 -7.45 -9.16 -7.03 -2.45 0.00 0.00 0.00 0.00 0.00 0.00 0.00
0 0 0 0 0 0 0 0 0 0 0 0 0 0 0
1.00 -2.06 -2.25 -2.21 -4.18 -4.72 -3.35 -1.32 0.00 0.00 0.00 0.00 0.00 0.00 0.00
0 0 0 0 0 0 0 0 0 0 0 0 0 0 0
1.00 -2.59 -2.38 -2.23 -4.22 -4.50 -2.96 -1.26 0.00 0.00 0.00 0.00 0.00 0.00 0.00
0 0 0 0 0 0 0 0 0 0 0 0 0 0 0
1.00 -2.57 -2.45 -2.34 -3.72 -4.14 -3.04 -1.16 0.00 0.00 0.00 0.00 0.00 0.00 0.00
0 0 0 0 0 0 0 0 0 0 0 0 0 0 0
