1.00 0.81 0.36 0.21 0.58 0.50 0.10 0.15 0.00 0.00 0.00 0.00 0.00 0.00 0.00
1.00 0.44 0.05 -0.20 0.42 0.16 -0.07 0.13 0.00 0.00 0.00 0.00 0.00 0.00 0.00
1.00 -0.30 -0.32 -0.15 -0.20 -0.26 -0.19 -0.13 0.00 0.00 0.00 0.00 0.00 0.00 0.00
0 0 0 0 0 0 0 0 0 0 0 0 0 0 0
1.00 -0.49 -0.47 -0.30 -0.37 -0.45 -0.32 -0.19 0.00 0.00 0.00 0.00 0.00 0.00 0.00
0 0 0 0 0 0 0 0 0 0 0 0 0 0 0
1.00 -0.49 -0.47 -0.30 -0.37 -0.45 -0.32 -0.19 0.00 0.00 0.00 0.00 0.00 0.00 0.00
0 0 0 0 0 0 0 0 0 0 0 0 0 0 0
1.00 0.14 0.15 0.08 0.23 0.14 0.12 0.01 0.00 0.00 0.00 0.00 0.00 0.00 0.00
0 0 0 0 0 0 0 0 0 0 0 0 0 0 0
1.00 -0.24 -0.10 -0.01 -0.27 -0.24 -0.03 0.03 0.00 0.00 0.00 0.00 0.00 0.00 0.00
0 0 0 0 0 0 0 0 0 0 0 0 0 0 0
1.00 -0.50 -0.30 -0.20 -0.34 -0.35 -0.19 -0.07 0.00 0.00 0.00 0.00 0.00 0.00 0.00
0 0 0 0 0 0 0 0 0 0 0 0 0 0 0
1.00 -0.70 -0.46 -0.28 -0.57 -0.51 -0.28 -0.11 0.00 0.00 0.00 0.00 0.00 0.00 0.00
0 0 0 0 0 0 0 0 0 0 0 0 0 0 0
1.00 -0.72 -0.52 -0.69 -0.62 -0.63 -0.58 -0.25 0.00 0.00 0.00 0.00 0.00 0.00 0.00
0 0 0 0 0 0 0 0 0 0 0 0 0 0 0
1.00 -0.87 -0.82 -0.65 -0.75 -0.88 -0.72 -0.30 0.00 0.00 0.00 0.00 0.00 0.00 0.00
0 0 0 0 0 0 0 0 0 0 0 0 0 0 0
1.00 -0.52 -0.48 -0.44 -0.45 -0.44 -0.30 -0.13 0.00 0.00 0.00 0.00 0.00 0.00 0.00
0 0 0 0 0 0 0 0 0 0 0 0 0 0 0
1.00 -0.33 -0.40 -0.41 -0.31 -0.43 -0.35 -0.12 0.00 0.00 0.00 0.00 0.00 0.00 0.00
0 0 0 0 0 0 0 0 0 0 0 0 0 0 0
