1.00 0.82 0.56 0.54 0.64 0.58 0.41 0.22 0.00 0.00 0.00 0.00 0.00 0.00 0.00
1.00 0.89 0.75 0.45 0.75 0.82 0.68 0.27 0.00 0.00 0.00 0.00 0.00 0.00 0.00
1.00 0.71 0.54 0.49 0.83 0.84 0.66 0.38 0.00 0.00 0.00 0.00 0.00 0.00 0.00
0 0 0 0 0 0 0 0 0 0 0 0 0 0 0
1.00 1.38 1.11 0.96 1.28 1.56 0.96 0.45 0.00 0.00 0.00 0.00 0.00 0.00 0.00
0 0 0 0 0 0 0 0 0 0 0 0 0 0 0
1.00 1.38 1.11 0.96 1.28 1.56 0.96 0.45 0.00 0.00 0.00 0.00 0.00 0.00 0.00
0 0 0 0 0 0 0 0 0 0 0 0 0 0 0
1.00 0.92 0.56 0.26 1.02 0.66 0.29 0.28 0.00 0.00 0.00 0.00 0.00 0.00 0.00
0 0 0 0 0 0 0 0 0 0 0 0 0 0 0
1.00 -0.31 -0.42 -0.42 -0.16 -0.53 -0.41 -0.13 0.00 0.00 0.00 0.00 0.00 0.00 0.00
0 0 0 0 0 0 0 0 0 0 0 0 0 0 0
1.00 -1.27 -1.18 -1.19 -1.09 -1.32 -1.27 -0.44 0.00 0.00 0.00 0.00 0.00 0.00 0.00
0 0 0 0 0 0 0 0 0 0 0 0 0 0 0
1.00 -2.07 -1.65 -1.31 -1.95 -1.96 -1.22 -0.64 0.00 0.00 0.00 0.00 0.00 0.00 0.00
0 0 0 0 0 0 0 0 0 0 0 0 0 0 0
1.00 -1.20 -0.80 -0.75 -0.94 -1.09 -0.63 -0.28 0.00 0.00 0.00 0.00 0.00 0.00 0.00
0 0 0 0 0 0 0 0 0 0 0 0 0 0 0
1.00 -1.35 -1.13 -1.00 -1.15 -1.25 -0.87 -0.42 0.00 0.00 0.00 0.00 0.00 0.00 0.00
0 0 0 0 0 0 0 0 0 0 0 0 0 0 0
1.00 -1.65 -1.26 -1.01 -1.42 -1.22 -0.87 -0.49 0.00 0.00 0.00 0.00 0.00 0.00 0.00
0 0 0 0 0 0 0 0 0 0 0 0 0 0 0
1.00 -0.83 -0.61 -0.57 -0.60 -0.60 -0.49 -0.18 0.00 0.00 0.00 0.00 0.00 0.00 0.00
0 0 0 0 0 0 0 0 0 0 0 0 0 0 0
