1.00 -2.70 -1.98 -0.98 -4.23 -4.13 -1.75 -1.17 0.00 0.00 0.00 0.00 0.00 0.00 0.00
1.00 -0.10 0.90 1.80 -1.34 -0.02 2.01 0.12 0.00 0.00 0.00 0.00 0.00 0.00 0.00
1.00 2.60 2.96 2.90 2.97 4.50 4.05 1.26 0.00 0.00 0.00 0.00 0.00 0.00 0.00
0 0 0 0 0 0 0 0 0 0 0 0 0 0 0
1.00 3.71 3.51 3.11 5.83 6.65 4.38 1.81 0.00 0.00 0.00 0.00 0.00 0.00 0.00
0 0 0 0 0 0 0 0 0 0 0 0 0 0 0
1.00 3.71 3.51 3.11 5.83 6.65 4.38 1.81 0.00 0.00 0.00 0.00 0.00 0.00 0.00
0 0 0 0 0 0 0 0 0 0 0 0 0 0 0
1.00 4.04 3.48 2.59 6.59 6.90 3.92 1.93 0.00 0.00 0.00 0.00 0.00 0.00 0.00
0 0 0 0 0 0 0 0 0 0 0 0 0 0 0
1.00 2.85 2.59 2.30 5.33 5.82 3.72 1.56 0.00 0.00 0.00 0.00 0.00 0.00 0.00
0 0 0 0 0 0 0 0 0 0 0 0 0 0 0
1.00 2.22 2.02 1.81 4.46 4.92 3.11 1.28 0.00 0.00 0.00 0.00 0.00 0.00 0.00
0 0 0 0 0 0 0 0 0 0 0 0 0 0 0
1.00 1.19 1.06 0.82 2.55 2.48 1.36 0.63 0.00 0.00 0.00 0.00 0.00 0.00 0.00
0 0 0 0 0 0 0 0 0 0 0 0 0 0 0
1.00 -0.39 -0.74 -0.94 -1.00 -2.15 -1.87 -0.44 0.00 0.00 0.00 0.00 0.00 0.00 0.00
0 0 0 0 0 0 0 0 0 0 0 0 0 0 0
1.00 -2.91 -3.57 -3.90 -6.17 -8.34 -6.55 -2.10 0.00 0.00 0.00 0.00 0.00 0.00 0.00
0 0 0 0 0 0 0 0 0 0 0 0 0 0 0
1.00 -4.58 -4.73 -4.54 -7.95 -9.14 -6.32 -2.54 0.00 0.00 0.00 0.00 0.00 0.00 0.00
0 0 0 0 0 0 0 0 0 0 0 0 0 0 0
1.00 -5.46 -5.07 -4.48 -8.32 -8.71 -5.75 -2.56 0.00 0.00 0.00 0.00 0.00 0.00 0.00
0 0 0 0 0 0 0 0 0 0 0 0 0 0 0
