1.00 0.12 0.03 0.12 0.03 0.12 0.05 0.02 0.00 0.00 0.00 0.00 0.00 0.00 0.00
1.00 -0.22 -0.22 -0.19 -0.21 -0.20 -0.14 -0.02 0.00 0.00 0.00 0.00 0.00 0.00 0.00
1.00 -0.60 -0.53 -0.40 -0.62 -0.52 -0.36 -0.20 0.00 0.00 0.00 0.00 0.00 0.00 0.00
0 0 0 0 0 0 0 0 0 0 0 0 0 0 0
1.00 -0.78 -0.62 -0.45 -0.60 -0.80 -0.58 -0.21 0.00 0.00 0.00 0.00 0.00 0.00 0.00
0 0 0 0 0 0 0 0 0 0 0 0 0 0 0
1.00 -0.78 -0.62 -0.45 -0.60 -0.80 -0.58 -0.21 0.00 0.00 0.00 0.00 0.00 0.00 0.00
0 0 0 0 0 0 0 0 0 0 0 0 0 0 0
1.00 -0.86 -0.60 -0.59 -0.79 -0.80 -0.58 -0.27 0.00 0.00 0.00 0.00 0.00 0.00 0.00
0 0 0 0 0 0 0 0 0 0 0 0 0 0 0
1.00 -0.34 -0.29 -0.31 -0.41 -0.50 -0.13 -0.11 0.00 0.00 0.00 0.00 0.00 0.00 0.00
0 0 0 0 0 0 0 0 0 0 0 0 0 0 0
1.00 -0.38 -0.30 -0.39 -0.33 -0.38 -0.32 -0.15 0.00 0.00 0.00 0.00 0.00 0.00 0.00
0 0 0 0 0 0 0 0 0 0 0 0 0 0 0
1.00 -0.54 -0.31 -0.41 -0.40 -0.37 -0.35 -0.12 0.00 0.00 0.00 0.00 0.00 0.00 0.00
0 0 0 0 0 0 0 0 0 0 0 0 0 0 0
1.00 -0.31 -0.35 -0.48 -0.23 -0.35 -0.41 -0.17 0.00 0.00 0.00 0.00 0.00 0.00 0.00
0 0 0 0 0 0 0 0 0 0 0 0 0 0 0
1.00 -0.08 -0.17 -0.31 -0.15 -0.06 -0.14 -0.01 0.00 0.00 0.00 0.00 0.00 0.00 0.00
0 0 0 0 0 0 0 0 0 0 0 0 0 0 0
1.00 -0.09 -0.19 -0.07 -0.13 -0.19 0.03 0.01 0.00 0.00 0.00 0.00 0.00 0.00 0.00
0 0 0 0 0 0 0 0 0 0 0 0 0 0 0
1.00 -0.10 -0.05 -0.07 -0.00 -0.02 -0.02 -0.08 0.00 0.00 0.00 0.00 0.00 0.00 0.00
0 0 0 0 0 0 0 0 0 0 0 0 0 0 0
