1.00 7.80 9.57 5.74 12.14 16.67 5.55 1.57 0.00 0.00 0.00 0.00 0.00 0.00 0.00
1.00 6.41 1.58 -1.01 9.00 -0.39 -1.14 0.30 0.00 0.00 0.00 0.00 0.00 0.00 0.00
1.00 -2.69 -2.30 -1.66 -4.53 -3.75 -1.36 -0.44 0.00 0.00 0.00 0.00 0.00 0.00 0.00
0 0 0 0 0 0 0 0 0 0 0 0 0 0 0
1.00 -2.31 -1.68 -1.24 -3.54 -2.92 -1.11 -0.30 0.00 0.00 0.00 0.00 0.00 0.00 0.00
0 0 0 0 0 0 0 0 0 0 0 0 0 0 0
1.00 -2.31 -1.68 -1.24 -3.54 -2.92 -1.11 -0.30 0.00 0.00 0.00 0.00 0.00 0.00 0.00
0 0 0 0 0 0 0 0 0 0 0 0 0 0 0
1.00 -2.51 -1.84 -1.31 -3.82 -3.12 -1.18 -0.32 0.00 0.00 0.00 0.00 0.00 0.00 0.00
0 0 0 0 0 0 0 0 0 0 0 0 0 0 0
1.00 -2.36 -1.84 -1.16 -3.60 -2.79 -1.00 -0.31 0.00 0.00 0.00 0.00 0.00 0.00 0.00
0 0 0 0 0 0 0 0 0 0 0 0 0 0 0
1.00 -1.95 -1.42 -0.87 -2.80 -2.17 -0.76 -0.22 0.00 0.00 0.00 0.00 0.00 0.00 0.00
0 0 0 0 0 0 0 0 0 0 0 0 0 0 0
1.00 -1.55 -1.26 -0.63 -2.16 -1.69 -0.63 -0.17 0.00 0.00 0.00 0.00 0.00 0.00 0.00
0 0 0 0 0 0 0 0 0 0 0 0 0 0 0
1.00 -1.15 -0.97 -0.60 -1.54 -1.38 -0.51 -0.18 0.00 0.00 0.00 0.00 0.00 0.00 0.00
0 0 0 0 0 0 0 0 0 0 0 0 0 0 0
1.00 -0.83 -0.72 -0.40 -1.03 -0.82 -0.45 -0.13 0.00 0.00 0.00 0.00 0.00 0.00 0.00
0 0 0 0 0 0 0 0 0 0 0 0 0 0 0
1.00 -0.72 -0.62 -0.33 -0.87 -0.68 -0.39 -0.11 0.00 0.00 0.00 0.00 0.00 0.00 0.00
0 0 0 0 0 0 0 0 0 0 0 0 0 0 0
1.00 -0.59 -0.32 -0.12 -0.78 -0.44 -0.14 -0.08 0.00 0.00 0.00 0.00 0.00 0.00 0.00
0 0 0 0 0 0 0 0 0 0 0 0 0 0 0
