1.00 9.24 13.11 9.94 -0.62 -1.23 1.56 0.43 0.00 0.00 0.00 0.00 0.00 0.00 0.00
1.00 9.58 4.64 -1.95 -1.01 -1.16 -0.54 0.19 0.00 0.00 0.00 0.00 0.00 0.00 0.00
1.00 -4.15 -4.30 -3.44 -0.04 0.29 -0.81 -0.19 0.00 0.00 0.00 0.00 0.00 0.00 0.00
0 0 0 0 0 0 0 0 0 0 0 0 0 0 0
1.00 -3.64 -3.72 -2.93 0.01 0.29 -0.67 -0.16 0.00 0.00 0.00 0.00 0.00 0.00 0.00
0 0 0 0 0 0 0 0 0 0 0 0 0 0 0
1.00 -3.64 -3.72 -2.93 0.01 0.29 -0.67 -0.16 0.00 0.00 0.00 0.00 0.00 0.00 0.00
0 0 0 0 0 0 0 0 0 0 0 0 0 0 0
1.00 -4.08 -3.70 -2.71 -0.07 0.29 -0.55 -0.18 0.00 0.00 0.00 0.00 0.00 0.00 0.00
0 0 0 0 0 0 0 0 0 0 0 0 0 0 0
1.00 -3.33 -3.33 -2.35 0.08 0.11 -0.39 -0.19 0.00 0.00 0.00 0.00 0.00 0.00 0.00
0 0 0 0 0 0 0 0 0 0 0 0 0 0 0
1.00 -2.89 -2.50 -1.70 0.03 0.28 -0.23 -0.04 0.00 0.00 0.00 0.00 0.00 0.00 0.00
0 0 0 0 0 0 0 0 0 0 0 0 0 0 0
1.00 -2.38 -2.11 -1.38 0.04 0.23 -0.19 -0.07 0.00 0.00 0.00 0.00 0.00 0.00 0.00
0 0 0 0 0 0 0 0 0 0 0 0 0 0 0
1.00 -1.81 -1.59 -1.02 0.07 0.20 -0.13 -0.05 0.00 0.00 0.00 0.00 0.00 0.00 0.00
0 0 0 0 0 0 0 0 0 0 0 0 0 0 0
1.00 -1.23 -1.25 -0.86 0.18 0.07 -0.13 -0.06 0.00 0.00 0.00 0.00 0.00 0.00 0.00
0 0 0 0 0 0 0 0 0 0 0 0 0 0 0
1.00 -0.83 -0.72 -0.40 0.21 0.15 -0.02 -0.04 0.00 0.00 0.00 0.00 0.00 0.00 0.00
0 0 0 0 0 0 0 0 0 0 0 0 0 0 0
1.00 -0.62 -0.54 -0.27 0.01 -0.04 -0.18 -0.04 0.00 0.00 0.00 0.00 0.00 0.00 0.00
0 0 0 0 0 0 0 0 0 0 0 0 0 0 0
