1.00 4.43 8.92 8.04 -0.30 -0.32 1.50 0.32 0.00 0.00 0.00 0.00 0.00 0.00 0.00
1.00 4.07 8.21 7.36 -0.29 -0.32 1.36 0.28 0.00 0.00 0.00 0.00 0.00 0.00 0.00
1.00 9.00 7.97 2.87 -0.50 -1.25 0.05 0.25 0.00 0.00 0.00 0.00 0.00 0.00 0.00
0 0 0 0 0 0 0 0 0 0 0 0 0 0 0
1.00 -0.04 -6.22 -5.92 -0.59 0.11 -1.24 -0.25 0.00 0.00 0.00 0.00 0.00 0.00 0.00
0 0 0 0 0 0 0 0 0 0 0 0 0 0 0
1.00 -0.04 -6.22 -5.92 -0.59 0.11 -1.24 -0.25 0.00 0.00 0.00 0.00 0.00 0.00 0.00
0 0 0 0 0 0 0 0 0 0 0 0 0 0 0
1.00 -5.33 -6.61 -5.43 0.14 0.22 -0.97 -0.32 0.00 0.00 0.00 0.00 0.00 0.00 0.00
0 0 0 0 0 0 0 0 0 0 0 0 0 0 0
1.00 -5.04 -5.96 -4.48 0.05 0.08 -0.88 -0.31 0.00 0.00 0.00 0.00 0.00 0.00 0.00
0 0 0 0 0 0 0 0 0 0 0 0 0 0 0
1.00 -3.16 -3.88 -2.99 -0.02 0.07 -0.53 -0.19 0.00 0.00 0.00 0.00 0.00 0.00 0.00
0 0 0 0 0 0 0 0 0 0 0 0 0 0 0
1.00 -3.21 -3.89 -2.97 0.02 0.10 -0.52 -0.18 0.00 0.00 0.00 0.00 0.00 0.00 0.00
0 0 0 0 0 0 0 0 0 0 0 0 0 0 0
1.00 -2.64 -3.19 -2.41 0.16 0.16 -0.48 -0.12 0.00 0.00 0.00 0.00 0.00 0.00 0.00
0 0 0 0 0 0 0 0 0 0 0 0 0 0 0
1.00 -2.32 -2.52 -2.00 0.07 0.12 -0.52 -0.14 0.00 0.00 0.00 0.00 0.00 0.00 0.00
0 0 0 0 0 0 0 0 0 0 0 0 0 0 0
1.00 -1.74 -1.90 -1.40 -0.02 0.12 -0.26 -0.11 0.00 0.00 0.00 0.00 0.00 0.00 0.00
0 0 0 0 0 0 0 0 0 0 0 0 0 0 0
1.00 -0.94 -0.98 -0.66 0.10 0.14 -0.09 -0.02 0.00 0.00 0.00 0.00 0.00 0.00 0.00
0 0 0 0 0 0 0 0 0 0 0 0 0 0 0
