1.00 -0.74 -1.59 -0.90 0.05 0.98 -1.01 -0.13 0.00 0.00 0.00 0.00 0.00 0.00 0.00
1.00 -1.30 0.14 -0.12 1.45 0.23 -0.07 -0.18 0.00 0.00 0.00 0.00 0.00 0.00 0.00
1.00 -0.17 0.24 0.38 0.39 -0.55 0.20 0.02 0.00 0.00 0.00 0.00 0.00 0.00 0.00
0 0 0 0 0 0 0 0 0 0 0 0 0 0 0
1.00 0.72 0.56 0.38 -0.30 -0.30 0.34 0.04 0.00 0.00 0.00 0.00 0.00 0.00 0.00
0 0 0 0 0 0 0 0 0 0 0 0 0 0 0
1.00 0.72 0.56 0.38 -0.30 -0.30 0.34 0.04 0.00 0.00 0.00 0.00 0.00 0.00 0.00
0 0 0 0 0 0 0 0 0 0 0 0 0 0 0
1.00 0.73 0.55 0.37 -0.35 -0.31 0.34 0.05 0.00 0.00 0.00 0.00 0.00 0.00 0.00
0 0 0 0 0 0 0 0 0 0 0 0 0 0 0
1.00 0.70 0.70 0.24 -0.32 -0.25 0.16 0.12 0.00 0.00 0.00 0.00 0.00 0.00 0.00
0 0 0 0 0 0 0 0 0 0 0 0 0 0 0
1.00 0.41 0.27 0.12 -0.56 -0.20 0.22 0.06 0.00 0.00 0.00 0.00 0.00 0.00 0.00
0 0 0 0 0 0 0 0 0 0 0 0 0 0 0
1.00 0.39 0.10 0.09 -0.24 -0.14 0.09 0.03 0.00 0.00 0.00 0.00 0.00 0.00 0.00
0 0 0 0 0 0 0 0 0 0 0 0 0 0 0
1.00 0.18 0.20 0.02 -0.03 -0.10 0.09 0.04 0.00 0.00 0.00 0.00 0.00 0.00 0.00
0 0 0 0 0 0 0 0 0 0 0 0 0 0 0
1.00 0.13 0.14 -0.00 -0.03 -0.08 0.07 0.03 0.00 0.00 0.00 0.00 0.00 0.00 0.00
0 0 0 0 0 0 0 0 0 0 0 0 0 0 0
1.00 0.04 -0.17 0.03 -0.38 -0.17 -0.03 -0.03 0.00 0.00 0.00 0.00 0.00 0.00 0.00
0 0 0 0 0 0 0 0 0 0 0 0 0 0 0
1.00 -0.11 0.00 -0.02 -0.36 -0.05 -0.14 -0.04 0.00 0.00 0.00 0.00 0.00 0.00 0.00
0 0 0 0 0 0 0 0 0 0 0 0 0 0 0
