1.00 -1.60 -0.60 -0.41 1.86 1.61 -0.67 -0.25 0.00 0.00 0.00 0.00 0.00 0.00 0.00
1.00 -0.15 -0.19 -0.02 0.86 0.19 0.02 -0.02 0.00 0.00 0.00 0.00 0.00 0.00 0.00
1.00 -0.10 -0.15 0.03 0.74 0.12 0.06 -0.01 0.00 0.00 0.00 0.00 0.00 0.00 0.00
0 0 0 0 0 0 0 0 0 0 0 0 0 0 0
1.00 0.25 0.40 0.61 -0.42 -0.58 0.35 -0.06 0.00 0.00 0.00 0.00 0.00 0.00 0.00
0 0 0 0 0 0 0 0 0 0 0 0 0 0 0
1.00 0.25 0.40 0.61 -0.42 -0.58 0.35 -0.06 0.00 0.00 0.00 0.00 0.00 0.00 0.00
0 0 0 0 0 0 0 0 0 0 0 0 0 0 0
1.00 0.94 1.00 0.69 -0.84 -0.50 0.43 0.13 0.00 0.00 0.00 0.00 0.00 0.00 0.00
0 0 0 0 0 0 0 0 0 0 0 0 0 0 0
1.00 0.88 0.63 0.48 -0.65 -0.54 0.31 0.07 0.00 0.00 0.00 0.00 0.00 0.00 0.00
0 0 0 0 0 0 0 0 0 0 0 0 0 0 0
1.00 0.77 0.32 0.34 -0.44 -0.42 0.27 0.03 0.00 0.00 0.00 0.00 0.00 0.00 0.00
0 0 0 0 0 0 0 0 0 0 0 0 0 0 0
1.00 0.40 0.30 0.35 -0.37 -0.12 0.20 0.06 0.00 0.00 0.00 0.00 0.00 0.00 0.00
0 0 0 0 0 0 0 0 0 0 0 0 0 0 0
1.00 0.32 0.23 0.29 -0.38 -0.11 0.18 0.06 0.00 0.00 0.00 0.00 0.00 0.00 0.00
0 0 0 0 0 0 0 0 0 0 0 0 0 0 0
1.00 0.33 0.02 0.05 -0.23 -0.17 0.15 0.06 0.00 0.00 0.00 0.00 0.00 0.00 0.00
0 0 0 0 0 0 0 0 0 0 0 0 0 0 0
1.00 0.12 0.12 0.11 -0.10 -0.05 0.10 0.05 0.00 0.00 0.00 0.00 0.00 0.00 0.00
0 0 0 0 0 0 0 0 0 0 0 0 0 0 0
1.00 -0.11 -0.02 -0.06 -0.32 -0.09 0.02 0.05 0.00 0.00 0.00 0.00 0.00 0.00 0.00
0 0 0 0 0 0 0 0 0 0 0 0 0 0 0
