1.00 8.76 5.38 0.58 13.69 9.49 -0.23 1.08 0.00 0.00 0.00 0.00 0.00 0.00 0.00
1.00 8.09 4.79 0.33 12.65 8.52 -0.44 0.97 0.00 0.00 0.00 0.00 0.00 0.00 0.00
1.00 -3.72 -4.04 -1.99 -8.07 -7.99 -1.87 -0.77 0.00 0.00 0.00 0.00 0.00 0.00 0.00
0 0 0 0 0 0 0 0 0 0 0 0 0 0 0
1.00 -4.55 -4.27 -1.86 -7.12 -6.77 -1.62 -0.76 0.00 0.00 0.00 0.00 0.00 0.00 0.00
0 0 0 0 0 0 0 0 0 0 0 0 0 0 0
1.00 -4.55 -4.27 -1.86 -7.12 -6.77 -1.62 -0.76 0.00 0.00 0.00 0.00 0.00 0.00 0.00
0 0 0 0 0 0 0 0 0 0 0 0 0 0 0
1.00 -4.09 -3.59 -1.59 -5.81 -5.56 -1.32 -0.66 0.00 0.00 0.00 0.00 0.00 0.00 0.00
0 0 0 0 0 0 0 0 0 0 0 0 0 0 0
1.00 -3.30 -3.11 -1.39 -4.72 -4.67 -1.05 -0.53 0.00 0.00 0.00 0.00 0.00 0.00 0.00
0 0 0 0 0 0 0 0 0 0 0 0 0 0 0
1.00 -2.65 -2.46 -1.09 -3.77 -3.69 -0.81 -0.42 0.00 0.00 0.00 0.00 0.00 0.00 0.00
0 0 0 0 0 0 0 0 0 0 0 0 0 0 0
1.00 -2.19 -1.78 -0.84 -3.09 -2.76 -0.69 -0.27 0.00 0.00 0.00 0.00 0.00 0.00 0.00
0 0 0 0 0 0 0 0 0 0 0 0 0 0 0
1.00 -1.80 -1.35 -0.48 -2.22 -1.98 -0.38 -0.22 0.00 0.00 0.00 0.00 0.00 0.00 0.00
0 0 0 0 0 0 0 0 0 0 0 0 0 0 0
1.00 -1.21 -0.91 -0.37 -1.52 -1.51 -0.24 -0.14 0.00 0.00 0.00 0.00 0.00 0.00 0.00
0 0 0 0 0 0 0 0 0 0 0 0 0 0 0
1.00 -0.80 -0.60 -0.36 -0.92 -0.79 -0.21 -0.07 0.00 0.00 0.00 0.00 0.00 0.00 0.00
0 0 0 0 0 0 0 0 0 0 0 0 0 0 0
1.00 -0.54 -0.30 -0.06 -0.56 -0.35 -0.12 -0.05 0.00 0.00 0.00 0.00 0.00 0.00 0.00
0 0 0 0 0 0 0 0 0 0 0 0 0 0 0
