1.00 -2.20 -1.03 -0.20 1.77 2.37 -0.03 -0.31 0.00 0.00 0.00 0.00 0.00 0.00 0.00
1.00 -0.25 -0.09 0.15 1.40 0.61 0.30 0.06 0.00 0.00 0.00 0.00 0.00 0.00 0.00
1.00 0.11 0.48 0.54 -0.50 -0.43 0.52 0.06 0.00 0.00 0.00 0.00 0.00 0.00 0.00
0 0 0 0 0 0 0 0 0 0 0 0 0 0 0
1.00 0.85 0.74 0.77 -0.82 -0.41 0.53 0.11 0.00 0.00 0.00 0.00 0.00 0.00 0.00
0 0 0 0 0 0 0 0 0 0 0 0 0 0 0
1.00 0.85 0.74 0.77 -0.82 -0.41 0.53 0.11 0.00 0.00 0.00 0.00 0.00 0.00 0.00
0 0 0 0 0 0 0 0 0 0 0 0 0 0 0
1.00 0.84 0.55 0.38 -0.43 -0.36 0.30 0.08 0.00 0.00 0.00 0.00 0.00 0.00 0.00
0 0 0 0 0 0 0 0 0 0 0 0 0 0 0
1.00 0.82 0.53 0.38 -0.46 -0.37 0.30 0.08 0.00 0.00 0.00 0.00 0.00 0.00 0.00
0 0 0 0 0 0 0 0 0 0 0 0 0 0 0
1.00 0.31 0.35 0.32 -0.50 -0.35 0.33 0.03 0.00 0.00 0.00 0.00 0.00 0.00 0.00
0 0 0 0 0 0 0 0 0 0 0 0 0 0 0
1.00 0.24 0.13 0.35 -0.49 -0.38 0.23 0.01 0.00 0.00 0.00 0.00 0.00 0.00 0.00
0 0 0 0 0 0 0 0 0 0 0 0 0 0 0
1.00 0.20 0.25 0.13 -0.34 -0.16 0.07 0.03 0.00 0.00 0.00 0.00 0.00 0.00 0.00
0 0 0 0 0 0 0 0 0 0 0 0 0 0 0
1.00 0.20 0.09 0.06 -0.19 -0.16 0.08 0.04 0.00 0.00 0.00 0.00 0.00 0.00 0.00
0 0 0 0 0 0 0 0 0 0 0 0 0 0 0
1.00 0.14 0.04 0.02 -0.16 -0.13 0.06 0.03 0.00 0.00 0.00 0.00 0.00 0.00 0.00
0 0 0 0 0 0 0 0 0 0 0 0 0 0 0
1.00 0.07 0.07 0.04 -0.09 -0.05 -0.02 0.04 0.00 0.00 0.00 0.00 0.00 0.00 0.00
0 0 0 0 0 0 0 0 0 0 0 0 0 0 0
