1.00 8.48 10.08 6.56 10.79 18.46 7.52 1.82 0.00 0.00 0.00 0.00 0.00 0.00 0.00
1.00 7.94 1.49 -1.02 11.99 0.16 -1.50 0.39 0.00 0.00 0.00 0.00 0.00 0.00 0.00
1.00 -3.18 -2.55 -1.91 -5.05 -4.33 -1.94 -0.48 0.00 0.00 0.00 0.00 0.00 0.00 0.00
0 0 0 0 0 0 0 0 0 0 0 0 0 0 0
1.00 -3.63 -2.64 -1.83 -4.92 -4.11 -1.71 -0.46 0.00 0.00 0.00 0.00 0.00 0.00 0.00
0 0 0 0 0 0 0 0 0 0 0 0 0 0 0
1.00 -3.63 -2.64 -1.83 -4.92 -4.11 -1.71 -0.46 0.00 0.00 0.00 0.00 0.00 0.00 0.00
0 0 0 0 0 0 0 0 0 0 0 0 0 0 0
1.00 -3.10 -2.22 -1.54 -4.19 -3.48 -1.44 -0.39 0.00 0.00 0.00 0.00 0.00 0.00 0.00
0 0 0 0 0 0 0 0 0 0 0 0 0 0 0
1.00 -2.80 -1.79 -1.29 -3.64 -2.87 -1.27 -0.37 0.00 0.00 0.00 0.00 0.00 0.00 0.00
0 0 0 0 0 0 0 0 0 0 0 0 0 0 0
1.00 -2.14 -1.31 -0.90 -2.78 -2.38 -0.94 -0.27 0.00 0.00 0.00 0.00 0.00 0.00 0.00
0 0 0 0 0 0 0 0 0 0 0 0 0 0 0
1.00 -1.69 -1.11 -0.73 -2.38 -2.13 -0.71 -0.23 0.00 0.00 0.00 0.00 0.00 0.00 0.00
0 0 0 0 0 0 0 0 0 0 0 0 0 0 0
1.00 -1.39 -0.73 -0.62 -2.05 -1.71 -0.59 -0.22 0.00 0.00 0.00 0.00 0.00 0.00 0.00
0 0 0 0 0 0 0 0 0 0 0 0 0 0 0
1.00 -1.04 -0.55 -0.45 -1.54 -1.27 -0.43 -0.17 0.00 0.00 0.00 0.00 0.00 0.00 0.00
0 0 0 0 0 0 0 0 0 0 0 0 0 0 0
1.00 -0.63 -0.41 -0.15 -0.99 -1.06 -0.27 -0.10 0.00 0.00 0.00 0.00 0.00 0.00 0.00
0 0 0 0 0 0 0 0 0 0 0 0 0 0 0
1.00 -0.41 -0.33 -0.28 -0.68 -0.65 -0.38 -0.05 0.00 0.00 0.00 0.00 0.00 0.00 0.00
0 0 0 0 0 0 0 0 0 0 0 0 0 0 0
