1.00 -2.41 -1.15 -0.30 4.84 3.55 -0.12 -0.13 0.00 0.00 0.00 0.00 0.00 0.00 0.00
1.00 -1.19 -0.40 0.42 1.39 0.21 0.28 0.03 0.00 0.00 0.00 0.00 0.00 0.00 0.00
1.00 0.69 1.22 1.12 -1.32 -1.13 0.61 0.06 0.00 0.00 0.00 0.00 0.00 0.00 0.00
0 0 0 0 0 0 0 0 0 0 0 0 0 0 0
1.00 1.03 1.40 1.00 -1.56 -0.89 0.67 0.14 0.00 0.00 0.00 0.00 0.00 0.00 0.00
0 0 0 0 0 0 0 0 0 0 0 0 0 0 0
1.00 1.03 1.40 1.00 -1.56 -0.89 0.67 0.14 0.00 0.00 0.00 0.00 0.00 0.00 0.00
0 0 0 0 0 0 0 0 0 0 0 0 0 0 0
1.00 0.82 0.81 0.74 -0.85 -0.59 0.39 0.10 0.00 0.00 0.00 0.00 0.00 0.00 0.00
0 0 0 0 0 0 0 0 0 0 0 0 0 0 0
1.00 0.85 0.83 0.75 -0.87 -0.61 0.38 0.10 0.00 0.00 0.00 0.00 0.00 0.00 0.00
0 0 0 0 0 0 0 0 0 0 0 0 0 0 0
1.00 0.71 0.77 0.55 -0.67 -0.52 0.32 0.10 0.00 0.00 0.00 0.00 0.00 0.00 0.00
0 0 0 0 0 0 0 0 0 0 0 0 0 0 0
1.00 0.51 0.52 0.34 -0.57 -0.44 0.14 0.10 0.00 0.00 0.00 0.00 0.00 0.00 0.00
0 0 0 0 0 0 0 0 0 0 0 0 0 0 0
1.00 0.25 0.42 0.33 -0.50 -0.30 0.11 0.03 0.00 0.00 0.00 0.00 0.00 0.00 0.00
0 0 0 0 0 0 0 0 0 0 0 0 0 0 0
1.00 0.35 0.17 0.30 -0.43 -0.37 0.12 -0.01 0.00 0.00 0.00 0.00 0.00 0.00 0.00
0 0 0 0 0 0 0 0 0 0 0 0 0 0 0
1.00 0.14 0.13 0.10 -0.21 -0.27 0.02 -0.02 0.00 0.00 0.00 0.00 0.00 0.00 0.00
0 0 0 0 0 0 0 0 0 0 0 0 0 0 0
1.00 0.10 0.07 0.05 -0.15 -0.21 -0.01 -0.03 0.00 0.00 0.00 0.00 0.00 0.00 0.00
0 0 0 0 0 0 0 0 0 0 0 0 0 0 0
