1.00 11.02 6.57 0.84 16.55 13.39 0.05 1.47 0.00 0.00 0.00 0.00 0.00 0.00 0.00
1.00 -0.09 -2.23 -2.26 -3.23 -4.70 -2.73 -0.39 0.00 0.00 0.00 0.00 0.00 0.00 0.00
1.00 -2.39 -2.86 -2.34 -3.92 -4.14 -2.39 -0.42 0.00 0.00 0.00 0.00 0.00 0.00 0.00
0 0 0 0 0 0 0 0 0 0 0 0 0 0 0
1.00 -2.30 -2.48 -1.98 -3.02 -3.44 -1.97 -0.38 0.00 0.00 0.00 0.00 0.00 0.00 0.00
0 0 0 0 0 0 0 0 0 0 0 0 0 0 0
1.00 -2.30 -2.48 -1.98 -3.02 -3.44 -1.97 -0.38 0.00 0.00 0.00 0.00 0.00 0.00 0.00
0 0 0 0 0 0 0 0 0 0 0 0 0 0 0
1.00 -1.61 -1.71 -1.38 -2.01 -2.28 -1.36 -0.27 0.00 0.00 0.00 0.00 0.00 0.00 0.00
0 0 0 0 0 0 0 0 0 0 0 0 0 0 0
1.00 -1.70 -1.76 -1.38 -2.08 -2.33 -1.35 -0.27 0.00 0.00 0.00 0.00 0.00 0.00 0.00
0 0 0 0 0 0 0 0 0 0 0 0 0 0 0
1.00 -1.50 -1.61 -1.04 -1.76 -2.05 -1.04 -0.21 0.00 0.00 0.00 0.00 0.00 0.00 0.00
0 0 0 0 0 0 0 0 0 0 0 0 0 0 0
1.00 -1.05 -1.20 -0.92 -1.36 -1.49 -0.85 -0.20 0.00 0.00 0.00 0.00 0.00 0.00 0.00
0 0 0 0 0 0 0 0 0 0 0 0 0 0 0
1.00 -1.00 -0.80 -0.70 -1.17 -1.12 -0.60 -0.14 0.00 0.00 0.00 0.00 0.00 0.00 0.00
0 0 0 0 0 0 0 0 0 0 0 0 0 0 0
1.00 -0.82 -0.68 -0.39 -0.87 -0.90 -0.40 -0.10 0.00 0.00 0.00 0.00 0.00 0.00 0.00
0 0 0 0 0 0 0 0 0 0 0 0 0 0 0
1.00 -0.56 -0.42 -0.23 -0.51 -0.60 -0.21 -0.07 0.00 0.00 0.00 0.00 0.00 0.00 0.00
0 0 0 0 0 0 0 0 0 0 0 0 0 0 0
1.00 -0.37 -0.24 -0.09 -0.30 -0.33 -0.07 -0.04 0.00 0.00 0.00 0.00 0.00 0.00 0.00
0 0 0 0 0 0 0 0 0 0 0 0 0 0 0
