1.00 11.05 12.93 7.87 -0.57 -1.10 1.08 0.46 0.00 0.00 0.00 0.00 0.00 0.00 0.00
1.00 4.55 -2.70 -4.21 -0.88 0.40 -0.76 -0.04 0.00 0.00 0.00 0.00 0.00 0.00 0.00
1.00 -4.20 -4.00 -3.81 0.26 0.39 -0.63 -0.14 0.00 0.00 0.00 0.00 0.00 0.00 0.00
0 0 0 0 0 0 0 0 0 0 0 0 0 0 0
1.00 -3.14 -2.71 -2.45 0.21 0.20 -0.41 -0.13 0.00 0.00 0.00 0.00 0.00 0.00 0.00
0 0 0 0 0 0 0 0 0 0 0 0 0 0 0
1.00 -3.14 -2.71 -2.45 0.21 0.20 -0.41 -0.13 0.00 0.00 0.00 0.00 0.00 0.00 0.00
0 0 0 0 0 0 0 0 0 0 0 0 0 0 0
1.00 -3.30 -2.83 -2.54 0.23 0.21 -0.42 -0.13 0.00 0.00 0.00 0.00 0.00 0.00 0.00
0 0 0 0 0 0 0 0 0 0 0 0 0 0 0
1.00 -2.37 -2.25 -2.22 0.37 0.41 -0.33 -0.04 0.00 0.00 0.00 0.00 0.00 0.00 0.00
0 0 0 0 0 0 0 0 0 0 0 0 0 0 0
1.00 -2.13 -2.11 -1.87 0.11 0.17 -0.32 -0.07 0.00 0.00 0.00 0.00 0.00 0.00 0.00
0 0 0 0 0 0 0 0 0 0 0 0 0 0 0
1.00 -1.86 -1.67 -1.41 0.05 0.05 -0.22 -0.07 0.00 0.00 0.00 0.00 0.00 0.00 0.00
0 0 0 0 0 0 0 0 0 0 0 0 0 0 0
1.00 -1.21 -1.17 -0.87 0.38 0.31 -0.11 -0.00 0.00 0.00 0.00 0.00 0.00 0.00 0.00
0 0 0 0 0 0 0 0 0 0 0 0 0 0 0
1.00 -0.86 -0.75 -0.62 0.08 0.06 -0.05 0.01 0.00 0.00 0.00 0.00 0.00 0.00 0.00
0 0 0 0 0 0 0 0 0 0 0 0 0 0 0
1.00 -0.68 -0.56 -0.44 0.07 0.03 -0.02 0.01 0.00 0.00 0.00 0.00 0.00 0.00 0.00
0 0 0 0 0 0 0 0 0 0 0 0 0 0 0
1.00 -0.44 -0.31 -0.22 0.09 0.08 -0.00 0.06 0.00 0.00 0.00 0.00 0.00 0.00 0.00
0 0 0 0 0 0 0 0 0 0 0 0 0 0 0
