1.00 -0.89 0.08 0.40 1.07 0.66 -0.08 -0.22 0.00 0.00 0.00 0.00 0.00 0.00 0.00
1.00 0.32 0.02 0.22 1.48 0.32 0.22 0.10 0.00 0.00 0.00 0.00 0.00 0.00 0.00
1.00 0.34 0.04 0.22 1.35 0.28 0.25 0.11 0.00 0.00 0.00 0.00 0.00 0.00 0.00
0 0 0 0 0 0 0 0 0 0 0 0 0 0 0
1.00 0.39 0.81 0.39 -1.05 -0.44 0.43 0.08 0.00 0.00 0.00 0.00 0.00 0.00 0.00
0 0 0 0 0 0 0 0 0 0 0 0 0 0 0
1.00 0.39 0.81 0.39 -1.05 -0.44 0.43 0.08 0.00 0.00 0.00 0.00 0.00 0.00 0.00
0 0 0 0 0 0 0 0 0 0 0 0 0 0 0
1.00 0.67 0.34 0.28 -1.09 -0.47 0.27 0.03 0.00 0.00 0.00 0.00 0.00 0.00 0.00
0 0 0 0 0 0 0 0 0 0 0 0 0 0 0
1.00 0.53 0.45 0.24 -0.98 -0.34 0.27 0.08 0.00 0.00 0.00 0.00 0.00 0.00 0.00
0 0 0 0 0 0 0 0 0 0 0 0 0 0 0
1.00 0.36 0.35 0.20 -0.77 -0.19 0.19 0.04 0.00 0.00 0.00 0.00 0.00 0.00 0.00
0 0 0 0 0 0 0 0 0 0 0 0 0 0 0
1.00 0.25 0.17 0.11 -0.47 -0.21 0.08 0.03 0.00 0.00 0.00 0.00 0.00 0.00 0.00
0 0 0 0 0 0 0 0 0 0 0 0 0 0 0
1.00 0.18 0.11 0.05 -0.43 -0.17 0.06 0.02 0.00 0.00 0.00 0.00 0.00 0.00 0.00
0 0 0 0 0 0 0 0 0 0 0 0 0 0 0
1.00 -0.02 -0.06 -0.03 -0.40 -0.22 -0.01 -0.02 0.00 0.00 0.00 0.00 0.00 0.00 0.00
0 0 0 0 0 0 0 0 0 0 0 0 0 0 0
1.00 0.03 -0.01 0.11 -0.40 -0.18 0.08 -0.01 0.00 0.00 0.00 0.00 0.00 0.00 0.00
0 0 0 0 0 0 0 0 0 0 0 0 0 0 0
1.00 0.16 -0.10 -0.12 -0.11 -0.11 -0.06 0.03 0.00 0.00 0.00 0.00 0.00 0.00 0.00
0 0 0 0 0 0 0 0 0 0 0 0 0 0 0
