1.00 1.87 10.17 9.88 -0.35 -1.02 1.82 0.29 0.00 0.00 0.00 0.00 0.00 0.00 0.00
1.00 9.15 8.52 2.75 -0.77 -1.32 0.01 0.26 0.00 0.00 0.00 0.00 0.00 0.00 0.00
1.00 8.36 7.50 2.19 -0.72 -1.21 -0.07 0.22 0.00 0.00 0.00 0.00 0.00 0.00 0.00
0 0 0 0 0 0 0 0 0 0 0 0 0 0 0
1.00 -2.94 -7.48 -4.35 -0.52 0.19 -0.67 -0.31 0.00 0.00 0.00 0.00 0.00 0.00 0.00
0 0 0 0 0 0 0 0 0 0 0 0 0 0 0
1.00 -2.94 -7.48 -4.35 -0.52 0.19 -0.67 -0.31 0.00 0.00 0.00 0.00 0.00 0.00 0.00
0 0 0 0 0 0 0 0 0 0 0 0 0 0 0
1.00 -5.84 -6.96 -4.02 0.20 0.71 -0.55 -0.22 0.00 0.00 0.00 0.00 0.00 0.00 0.00
0 0 0 0 0 0 0 0 0 0 0 0 0 0 0
1.00 -5.21 -6.14 -3.52 0.36 0.64 -0.42 -0.20 0.00 0.00 0.00 0.00 0.00 0.00 0.00
0 0 0 0 0 0 0 0 0 0 0 0 0 0 0
1.00 -4.58 -4.98 -2.94 0.27 0.60 -0.38 -0.20 0.00 0.00 0.00 0.00 0.00 0.00 0.00
0 0 0 0 0 0 0 0 0 0 0 0 0 0 0
1.00 -3.62 -4.02 -2.26 0.35 0.50 -0.30 -0.16 0.00 0.00 0.00 0.00 0.00 0.00 0.00
0 0 0 0 0 0 0 0 0 0 0 0 0 0 0
1.00 -2.81 -3.09 -1.72 0.29 0.40 -0.23 -0.12 0.00 0.00 0.00 0.00 0.00 0.00 0.00
0 0 0 0 0 0 0 0 0 0 0 0 0 0 0
1.00 -2.01 -2.52 -1.45 0.16 0.32 -0.21 -0.08 0.00 0.00 0.00 0.00 0.00 0.00 0.00
0 0 0 0 0 0 0 0 0 0 0 0 0 0 0
1.00 -1.76 -1.83 -0.99 0.12 0.14 -0.19 -0.12 0.00 0.00 0.00 0.00 0.00 0.00 0.00
0 0 0 0 0 0 0 0 0 0 0 0 0 0 0
1.00 -1.00 -1.19 -0.71 0.08 0.19 -0.08 -0.06 0.00 0.00 0.00 0.00 0.00 0.00 0.00
0 0 0 0 0 0 0 0 0 0 0 0 0 0 0
