1.00 -0.35 -0.17 0.04 -0.36 -0.32 0.26 0.01 0.00 0.00 0.00 0.00 0.00 0.00 0.00
1.00 -0.28 -0.16 0.01 -0.36 -0.31 0.21 0.01 0.00 0.00 0.00 0.00 0.00 0.00 0.00
1.00 0.49 0.36 0.08 -0.57 -0.39 0.23 0.08 0.00 0.00 0.00 0.00 0.00 0.00 0.00
0 0 0 0 0 0 0 0 0 0 0 0 0 0 0
1.00 0.35 0.07 -0.03 -0.71 -0.59 0.06 -0.02 0.00 0.00 0.00 0.00 0.00 0.00 0.00
0 0 0 0 0 0 0 0 0 0 0 0 0 0 0
1.00 0.35 0.07 -0.03 -0.71 -0.59 0.06 -0.02 0.00 0.00 0.00 0.00 0.00 0.00 0.00
0 0 0 0 0 0 0 0 0 0 0 0 0 0 0
1.00 -0.00 -0.12 -0.06 -0.74 -0.60 0.07 -0.04 0.00 0.00 0.00 0.00 0.00 0.00 0.00
0 0 0 0 0 0 0 0 0 0 0 0 0 0 0
1.00 -0.10 -0.19 -0.02 -0.62 -0.38 0.20 -0.01 0.00 0.00 0.00 0.00 0.00 0.00 0.00
0 0 0 0 0 0 0 0 0 0 0 0 0 0 0
1.00 -0.04 -0.08 -0.03 -0.27 -0.24 -0.05 -0.00 0.00 0.00 0.00 0.00 0.00 0.00 0.00
0 0 0 0 0 0 0 0 0 0 0 0 0 0 0
1.00 -0.07 -0.11 -0.04 -0.24 -0.22 -0.07 -0.01 0.00 0.00 0.00 0.00 0.00 0.00 0.00
0 0 0 0 0 0 0 0 0 0 0 0 0 0 0
1.00 0.00 -0.10 -0.19 -0.26 -0.30 -0.05 0.01 0.00 0.00 0.00 0.00 0.00 0.00 0.00
0 0 0 0 0 0 0 0 0 0 0 0 0 0 0
1.00 -0.13 -0.17 -0.08 -0.36 -0.25 0.03 -0.00 0.00 0.00 0.00 0.00 0.00 0.00 0.00
0 0 0 0 0 0 0 0 0 0 0 0 0 0 0
1.00 -0.11 0.14 0.01 -0.08 0.18 0.13 0.07 0.00 0.00 0.00 0.00 0.00 0.00 0.00
0 0 0 0 0 0 0 0 0 0 0 0 0 0 0
1.00 0.03 -0.03 -0.11 0.09 0.20 -0.06 0.06 0.00 0.00 0.00 0.00 0.00 0.00 0.00
0 0 0 0 0 0 0 0 0 0 0 0 0 0 0
