1.00 10.67 10.07 5.43 15.73 19.26 6.30 1.95 0.00 0.00 0.00 0.00 0.00 0.00 0.00
1.00 8.16 2.49 -1.42 12.39 1.32 -2.29 0.55 0.00 0.00 0.00 0.00 0.00 0.00 0.00
1.00 -2.89 -2.11 -1.43 -5.71 -4.44 -1.82 -0.50 0.00 0.00 0.00 0.00 0.00 0.00 0.00
0 0 0 0 0 0 0 0 0 0 0 0 0 0 0
1.00 -3.29 -2.35 -1.57 -6.25 -4.80 -1.95 -0.55 0.00 0.00 0.00 0.00 0.00 0.00 0.00
0 0 0 0 0 0 0 0 0 0 0 0 0 0 0
1.00 -3.29 -2.35 -1.57 -6.25 -4.80 -1.95 -0.55 0.00 0.00 0.00 0.00 0.00 0.00 0.00
0 0 0 0 0 0 0 0 0 0 0 0 0 0 0
1.00 -3.48 -2.08 -1.32 -5.37 -3.74 -1.51 -0.40 0.00 0.00 0.00 0.00 0.00 0.00 0.00
0 0 0 0 0 0 0 0 0 0 0 0 0 0 0
1.00 -2.99 -1.94 -1.32 -4.36 -3.32 -1.35 -0.38 0.00 0.00 0.00 0.00 0.00 0.00 0.00
0 0 0 0 0 0 0 0 0 0 0 0 0 0 0
1.00 -2.70 -1.88 -1.21 -3.72 -2.80 -1.18 -0.38 0.00 0.00 0.00 0.00 0.00 0.00 0.00
0 0 0 0 0 0 0 0 0 0 0 0 0 0 0
1.00 -2.33 -1.50 -0.86 -3.11 -2.25 -0.84 -0.39 0.00 0.00 0.00 0.00 0.00 0.00 0.00
0 0 0 0 0 0 0 0 0 0 0 0 0 0 0
1.00 -1.37 -0.83 -0.67 -1.84 -1.29 -0.69 -0.23 0.00 0.00 0.00 0.00 0.00 0.00 0.00
0 0 0 0 0 0 0 0 0 0 0 0 0 0 0
1.00 -1.25 -0.74 -0.60 -1.65 -1.12 -0.60 -0.21 0.00 0.00 0.00 0.00 0.00 0.00 0.00
0 0 0 0 0 0 0 0 0 0 0 0 0 0 0
1.00 -1.06 -0.89 -0.38 -1.19 -0.69 -0.36 -0.20 0.00 0.00 0.00 0.00 0.00 0.00 0.00
0 0 0 0 0 0 0 0 0 0 0 0 0 0 0
1.00 -0.57 -0.42 -0.26 -0.77 -0.48 -0.16 -0.10 0.00 0.00 0.00 0.00 0.00 0.00 0.00
0 0 0 0 0 0 0 0 0 0 0 0 0 0 0
