1.00 12.21 13.65 6.42 -1.34 -1.58 0.60 0.77 0.00 0.00 0.00 0.00 0.00 0.00 0.00
1.00 1.08 -3.59 -3.30 -1.09 -0.08 -0.28 -0.16 0.00 0.00 0.00 0.00 0.00 0.00 0.00
1.00 -3.15 -4.54 -3.71 0.42 0.42 -0.67 -0.15 0.00 0.00 0.00 0.00 0.00 0.00 0.00
0 0 0 0 0 0 0 0 0 0 0 0 0 0 0
1.00 -2.72 -3.85 -3.13 0.39 0.39 -0.55 -0.13 0.00 0.00 0.00 0.00 0.00 0.00 0.00
0 0 0 0 0 0 0 0 0 0 0 0 0 0 0
1.00 -2.72 -3.85 -3.13 0.39 0.39 -0.55 -0.13 0.00 0.00 0.00 0.00 0.00 0.00 0.00
0 0 0 0 0 0 0 0 0 0 0 0 0 0 0
1.00 -3.20 -3.65 -2.60 0.29 0.69 -0.18 -0.13 0.00 0.00 0.00 0.00 0.00 0.00 0.00
0 0 0 0 0 0 0 0 0 0 0 0 0 0 0
1.00 -2.74 -2.90 -2.25 0.37 0.55 -0.36 -0.26 0.00 0.00 0.00 0.00 0.00 0.00 0.00
0 0 0 0 0 0 0 0 0 0 0 0 0 0 0
1.00 -1.93 -2.01 -1.86 0.62 0.71 -0.43 0.12 0.00 0.00 0.00 0.00 0.00 0.00 0.00
0 0 0 0 0 0 0 0 0 0 0 0 0 0 0
1.00 -1.88 -2.05 -1.26 0.11 -0.00 0.01 -0.23 0.00 0.00 0.00 0.00 0.00 0.00 0.00
0 0 0 0 0 0 0 0 0 0 0 0 0 0 0
1.00 -0.89 -1.20 -0.92 0.44 0.15 -0.23 -0.07 0.00 0.00 0.00 0.00 0.00 0.00 0.00
0 0 0 0 0 0 0 0 0 0 0 0 0 0 0
1.00 -0.73 -1.00 -0.76 0.42 0.14 -0.20 -0.06 0.00 0.00 0.00 0.00 0.00 0.00 0.00
0 0 0 0 0 0 0 0 0 0 0 0 0 0 0
1.00 -0.54 -0.58 -0.43 0.13 0.11 -0.10 -0.08 0.00 0.00 0.00 0.00 0.00 0.00 0.00
0 0 0 0 0 0 0 0 0 0 0 0 0 0 0
1.00 -0.17 -0.18 -0.36 0.19 0.15 -0.12 0.15 0.00 0.00 0.00 0.00 0.00 0.00 0.00
0 0 0 0 0 0 0 0 0 0 0 0 0 0 0
