1.00 9.11 9.86 5.79 12.74 18.43 6.84 1.80 0.00 0.00 0.00 0.00 0.00 0.00 0.00
1.00 6.81 7.37 4.25 9.51 13.78 5.04 1.34 0.00 0.00 0.00 0.00 0.00 0.00 0.00
1.00 4.60 -2.89 -3.07 7.15 -7.22 -3.81 -0.39 0.00 0.00 0.00 0.00 0.00 0.00 0.00
0 0 0 0 0 0 0 0 0 0 0 0 0 0 0
1.00 -5.46 -4.06 -3.02 -7.96 -6.98 -3.26 -0.84 0.00 0.00 0.00 0.00 0.00 0.00 0.00
0 0 0 0 0 0 0 0 0 0 0 0 0 0 0
1.00 -5.46 -4.06 -3.02 -7.96 -6.98 -3.26 -0.84 0.00 0.00 0.00 0.00 0.00 0.00 0.00
0 0 0 0 0 0 0 0 0 0 0 0 0 0 0
1.00 -5.00 -3.58 -2.59 -7.10 -6.41 -2.83 -0.75 0.00 0.00 0.00 0.00 0.00 0.00 0.00
0 0 0 0 0 0 0 0 0 0 0 0 0 0 0
1.00 -4.12 -2.93 -2.09 -5.96 -5.28 -2.28 -0.58 0.00 0.00 0.00 0.00 0.00 0.00 0.00
0 0 0 0 0 0 0 0 0 0 0 0 0 0 0
1.00 -2.63 -1.86 -1.39 -3.91 -3.41 -1.49 -0.39 0.00 0.00 0.00 0.00 0.00 0.00 0.00
0 0 0 0 0 0 0 0 0 0 0 0 0 0 0
1.00 -2.66 -1.86 -1.37 -3.94 -3.40 -1.47 -0.39 0.00 0.00 0.00 0.00 0.00 0.00 0.00
0 0 0 0 0 0 0 0 0 0 0 0 0 0 0
1.00 -2.14 -1.65 -1.07 -2.98 -2.85 -1.23 -0.33 0.00 0.00 0.00 0.00 0.00 0.00 0.00
0 0 0 0 0 0 0 0 0 0 0 0 0 0 0
1.00 -1.49 -0.95 -0.65 -2.33 -1.95 -0.65 -0.17 0.00 0.00 0.00 0.00 0.00 0.00 0.00
0 0 0 0 0 0 0 0 0 0 0 0 0 0 0
1.00 -1.12 -0.66 -0.27 -1.50 -1.34 -0.47 -0.11 0.00 0.00 0.00 0.00 0.00 0.00 0.00
0 0 0 0 0 0 0 0 0 0 0 0 0 0 0
1.00 -0.49 -0.51 -0.39 -0.97 -0.88 -0.49 -0.09 0.00 0.00 0.00 0.00 0.00 0.00 0.00
0 0 0 0 0 0 0 0 0 0 0 0 0 0 0
