1.00 9.86 9.49 4.66 14.70 17.98 4.68 1.78 0.00 0.00 0.00 0.00 0.00 0.00 0.00
1.00 5.56 0.43 -2.23 7.10 -1.80 -2.43 0.12 0.00 0.00 0.00 0.00 0.00 0.00 0.00
1.00 -2.55 -2.21 -2.69 -4.70 -3.80 -2.49 -0.42 0.00 0.00 0.00 0.00 0.00 0.00 0.00
0 0 0 0 0 0 0 0 0 0 0 0 0 0 0
1.00 -2.94 -2.37 -2.29 -4.46 -3.71 -2.19 -0.39 0.00 0.00 0.00 0.00 0.00 0.00 0.00
0 0 0 0 0 0 0 0 0 0 0 0 0 0 0
1.00 -2.94 -2.37 -2.29 -4.46 -3.71 -2.19 -0.39 0.00 0.00 0.00 0.00 0.00 0.00 0.00
0 0 0 0 0 0 0 0 0 0 0 0 0 0 0
1.00 -2.03 -1.62 -1.63 -3.06 -2.35 -1.47 -0.26 0.00 0.00 0.00 0.00 0.00 0.00 0.00
0 0 0 0 0 0 0 0 0 0 0 0 0 0 0
1.00 -2.21 -1.74 -1.67 -3.28 -2.53 -1.52 -0.29 0.00 0.00 0.00 0.00 0.00 0.00 0.00
0 0 0 0 0 0 0 0 0 0 0 0 0 0 0
1.00 -2.03 -1.53 -1.49 -2.84 -2.29 -1.37 -0.26 0.00 0.00 0.00 0.00 0.00 0.00 0.00
0 0 0 0 0 0 0 0 0 0 0 0 0 0 0
1.00 -1.74 -1.34 -1.07 -2.35 -2.02 -1.11 -0.23 0.00 0.00 0.00 0.00 0.00 0.00 0.00
0 0 0 0 0 0 0 0 0 0 0 0 0 0 0
1.00 -1.37 -0.88 -0.67 -1.79 -1.44 -0.70 -0.15 0.00 0.00 0.00 0.00 0.00 0.00 0.00
0 0 0 0 0 0 0 0 0 0 0 0 0 0 0
1.00 -1.00 -0.78 -0.62 -1.37 -1.22 -0.51 -0.09 0.00 0.00 0.00 0.00 0.00 0.00 0.00
0 0 0 0 0 0 0 0 0 0 0 0 0 0 0
1.00 -0.70 -0.45 -0.23 -1.08 -0.80 -0.33 -0.02 0.00 0.00 0.00 0.00 0.00 0.00 0.00
0 0 0 0 0 0 0 0 0 0 0 0 0 0 0
1.00 -0.49 -0.30 -0.10 -0.75 -0.54 -0.18 -0.01 0.00 0.00 0.00 0.00 0.00 0.00 0.00
0 0 0 0 0 0 0 0 0 0 0 0 0 0 0
