1.00 9.67 9.81 4.85 -1.03 -1.29 0.46 0.37 0.00 0.00 0.00 0.00 0.00 0.00 0.00
1.00 8.89 8.76 4.13 -0.96 -1.18 0.35 0.34 0.00 0.00 0.00 0.00 0.00 0.00 0.00
1.00 -1.90 -7.33 -5.53 -0.65 0.39 -0.90 -0.26 0.00 0.00 0.00 0.00 0.00 0.00 0.00
0 0 0 0 0 0 0 0 0 0 0 0 0 0 0
1.00 -6.01 -7.29 -5.12 0.57 0.95 -0.65 -0.25 0.00 0.00 0.00 0.00 0.00 0.00 0.00
0 0 0 0 0 0 0 0 0 0 0 0 0 0 0
1.00 -6.01 -7.29 -5.12 0.57 0.95 -0.65 -0.25 0.00 0.00 0.00 0.00 0.00 0.00 0.00
0 0 0 0 0 0 0 0 0 0 0 0 0 0 0
1.00 -5.35 -6.30 -4.38 0.90 0.97 -0.60 -0.24 0.00 0.00 0.00 0.00 0.00 0.00 0.00
0 0 0 0 0 0 0 0 0 0 0 0 0 0 0
1.00 -4.58 -5.07 -3.35 0.75 0.89 -0.31 -0.20 0.00 0.00 0.00 0.00 0.00 0.00 0.00
0 0 0 0 0 0 0 0 0 0 0 0 0 0 0
1.00 -2.84 -3.44 -2.38 0.50 0.44 -0.34 -0.12 0.00 0.00 0.00 0.00 0.00 0.00 0.00
0 0 0 0 0 0 0 0 0 0 0 0 0 0 0
1.00 -2.75 -3.29 -2.26 0.47 0.40 -0.33 -0.11 0.00 0.00 0.00 0.00 0.00 0.00 0.00
0 0 0 0 0 0 0 0 0 0 0 0 0 0 0
1.00 -2.27 -2.62 -1.64 0.33 0.36 -0.19 -0.13 0.00 0.00 0.00 0.00 0.00 0.00 0.00
0 0 0 0 0 0 0 0 0 0 0 0 0 0 0
1.00 -1.82 -1.80 -1.16 0.17 0.39 -0.26 -0.04 0.00 0.00 0.00 0.00 0.00 0.00 0.00
0 0 0 0 0 0 0 0 0 0 0 0 0 0 0
1.00 -1.14 -1.30 -0.89 0.19 -0.02 -0.21 -0.07 0.00 0.00 0.00 0.00 0.00 0.00 0.00
0 0 0 0 0 0 0 0 0 0 0 0 0 0 0
1.00 -0.98 -0.73 -0.46 -0.22 -0.04 -0.11 -0.05 0.00 0.00 0.00 0.00 0.00 0.00 0.00
0 0 0 0 0 0 0 0 0 0 0 0 0 0 0
