1.00 9.16 9.51 5.30 12.81 17.96 6.07 1.80 0.00 0.00 0.00 0.00 0.00 0.00 0.00
1.00 6.87 1.89 -1.35 10.38 0.76 -1.78 0.41 0.00 0.00 0.00 0.00 0.00 0.00 0.00
1.00 -3.34 -2.53 -1.64 -5.28 -4.33 -1.69 -0.50 0.00 0.00 0.00 0.00 0.00 0.00 0.00
0 0 0 0 0 0 0 0 0 0 0 0 0 0 0
1.00 -2.58 -1.91 -1.29 -3.89 -3.24 -1.33 -0.38 0.00 0.00 0.00 0.00 0.00 0.00 0.00
0 0 0 0 0 0 0 0 0 0 0 0 0 0 0
1.00 -2.58 -1.91 -1.29 -3.89 -3.24 -1.33 -0.38 0.00 0.00 0.00 0.00 0.00 0.00 0.00
0 0 0 0 0 0 0 0 0 0 0 0 0 0 0
1.00 -2.77 -2.03 -1.34 -4.17 -3.45 -1.39 -0.40 0.00 0.00 0.00 0.00 0.00 0.00 0.00
0 0 0 0 0 0 0 0 0 0 0 0 0 0 0
1.00 -2.63 -1.85 -1.10 -3.66 -2.96 -0.99 -0.36 0.00 0.00 0.00 0.00 0.00 0.00 0.00
0 0 0 0 0 0 0 0 0 0 0 0 0 0 0
1.00 -1.88 -1.34 -0.78 -2.94 -2.72 -0.83 -0.30 0.00 0.00 0.00 0.00 0.00 0.00 0.00
0 0 0 0 0 0 0 0 0 0 0 0 0 0 0
1.00 -1.37 -0.92 -0.48 -2.37 -1.84 -0.54 -0.22 0.00 0.00 0.00 0.00 0.00 0.00 0.00
0 0 0 0 0 0 0 0 0 0 0 0 0 0 0
1.00 -0.91 -0.67 -0.45 -1.45 -1.38 -0.48 -0.14 0.00 0.00 0.00 0.00 0.00 0.00 0.00
0 0 0 0 0 0 0 0 0 0 0 0 0 0 0
1.00 -0.82 -0.59 -0.38 -1.30 -1.21 -0.41 -0.12 0.00 0.00 0.00 0.00 0.00 0.00 0.00
0 0 0 0 0 0 0 0 0 0 0 0 0 0 0
1.00 -0.87 -0.60 -0.27 -1.07 -0.81 -0.32 -0.16 0.00 0.00 0.00 0.00 0.00 0.00 0.00
0 0 0 0 0 0 0 0 0 0 0 0 0 0 0
1.00 -0.58 -0.17 -0.12 -0.64 -0.44 -0.12 -0.02 0.00 0.00 0.00 0.00 0.00 0.00 0.00
0 0 0 0 0 0 0 0 0 0 0 0 0 0 0
