1.00 7.02 11.10 9.36 -0.70 -1.59 1.66 0.39 0.00 0.00 0.00 0.00 0.00 0.00 0.00
1.00 8.73 4.69 -0.67 -1.52 -1.62 -0.29 0.16 0.00 0.00 0.00 0.00 0.00 0.00 0.00
1.00 -2.64 -3.02 -2.36 0.27 0.63 -0.38 -0.08 0.00 0.00 0.00 0.00 0.00 0.00 0.00
0 0 0 0 0 0 0 0 0 0 0 0 0 0 0
1.00 -2.99 -3.34 -2.53 0.29 0.67 -0.43 -0.10 0.00 0.00 0.00 0.00 0.00 0.00 0.00
0 0 0 0 0 0 0 0 0 0 0 0 0 0 0
1.00 -2.99 -3.34 -2.53 0.29 0.67 -0.43 -0.10 0.00 0.00 0.00 0.00 0.00 0.00 0.00
0 0 0 0 0 0 0 0 0 0 0 0 0 0 0
1.00 -3.49 -3.54 -2.40 0.59 0.83 -0.41 -0.15 0.00 0.00 0.00 0.00 0.00 0.00 0.00
0 0 0 0 0 0 0 0 0 0 0 0 0 0 0
1.00 -3.25 -3.12 -2.04 0.35 0.44 -0.46 -0.14 0.00 0.00 0.00 0.00 0.00 0.00 0.00
0 0 0 0 0 0 0 0 0 0 0 0 0 0 0
1.00 -2.77 -2.65 -1.57 0.35 0.47 -0.35 -0.12 0.00 0.00 0.00 0.00 0.00 0.00 0.00
0 0 0 0 0 0 0 0 0 0 0 0 0 0 0
1.00 -2.26 -2.01 -1.36 0.24 0.25 -0.37 -0.13 0.00 0.00 0.00 0.00 0.00 0.00 0.00
0 0 0 0 0 0 0 0 0 0 0 0 0 0 0
1.00 -1.52 -1.39 -0.85 -0.10 0.05 -0.24 -0.10 0.00 0.00 0.00 0.00 0.00 0.00 0.00
0 0 0 0 0 0 0 0 0 0 0 0 0 0 0
1.00 -1.33 -1.21 -0.70 -0.12 0.02 -0.21 -0.09 0.00 0.00 0.00 0.00 0.00 0.00 0.00
0 0 0 0 0 0 0 0 0 0 0 0 0 0 0
1.00 -0.82 -0.68 -0.36 0.06 0.04 -0.03 -0.02 0.00 0.00 0.00 0.00 0.00 0.00 0.00
0 0 0 0 0 0 0 0 0 0 0 0 0 0 0
1.00 -0.34 -0.39 -0.11 -0.09 0.06 -0.15 -0.04 0.00 0.00 0.00 0.00 0.00 0.00 0.00
0 0 0 0 0 0 0 0 0 0 0 0 0 0 0
