1.00 10.95 8.27 3.68 17.35 16.53 3.74 1.83 0.00 0.00 0.00 0.00 0.00 0.00 0.00
1.00 3.25 -1.72 -1.60 2.61 -4.77 -2.19 -0.26 0.00 0.00 0.00 0.00 0.00 0.00 0.00
1.00 -3.24 -2.56 -1.86 -5.38 -4.65 -2.10 -0.48 0.00 0.00 0.00 0.00 0.00 0.00 0.00
0 0 0 0 0 0 0 0 0 0 0 0 0 0 0
1.00 -2.42 -1.53 -1.05 -3.65 -3.02 -1.38 -0.36 0.00 0.00 0.00 0.00 0.00 0.00 0.00
0 0 0 0 0 0 0 0 0 0 0 0 0 0 0
1.00 -2.42 -1.53 -1.05 -3.65 -3.02 -1.38 -0.36 0.00 0.00 0.00 0.00 0.00 0.00 0.00
0 0 0 0 0 0 0 0 0 0 0 0 0 0 0
1.00 -2.59 -1.66 -1.13 -3.84 -3.15 -1.44 -0.38 0.00 0.00 0.00 0.00 0.00 0.00 0.00
0 0 0 0 0 0 0 0 0 0 0 0 0 0 0
1.00 -1.94 -1.35 -0.93 -3.15 -2.57 -1.16 -0.26 0.00 0.00 0.00 0.00 0.00 0.00 0.00
0 0 0 0 0 0 0 0 0 0 0 0 0 0 0
1.00 -1.47 -1.00 -0.73 -2.34 -2.02 -0.90 -0.15 0.00 0.00 0.00 0.00 0.00 0.00 0.00
0 0 0 0 0 0 0 0 0 0 0 0 0 0 0
1.00 -1.18 -0.78 -0.44 -2.00 -1.56 -0.55 -0.15 0.00 0.00 0.00 0.00 0.00 0.00 0.00
0 0 0 0 0 0 0 0 0 0 0 0 0 0 0
1.00 -0.79 -0.52 -0.48 -1.34 -1.15 -0.57 -0.07 0.00 0.00 0.00 0.00 0.00 0.00 0.00
0 0 0 0 0 0 0 0 0 0 0 0 0 0 0
1.00 -0.59 -0.40 -0.37 -0.95 -0.80 -0.40 -0.05 0.00 0.00 0.00 0.00 0.00 0.00 0.00
0 0 0 0 0 0 0 0 0 0 0 0 0 0 0
1.00 -0.48 -0.41 -0.49 -0.57 -0.52 -0.29 -0.04 0.00 0.00 0.00 0.00 0.00 0.00 0.00
0 0 0 0 0 0 0 0 0 0 0 0 0 0 0
1.00 -0.44 -0.32 -0.11 -0.49 -0.30 -0.06 -0.01 0.00 0.00 0.00 0.00 0.00 0.00 0.00
0 0 0 0 0 0 0 0 0 0 0 0 0 0 0
