1.00 -3.13 -1.81 -1.45 4.50 2.64 -0.60 -0.14 0.00 0.00 0.00 0.00 0.00 0.00 0.00
1.00 -1.83 -0.73 -0.02 0.99 -0.25 0.09 -0.11 0.00 0.00 0.00 0.00 0.00 0.00 0.00
1.00 0.39 0.64 0.53 -1.01 -0.68 0.15 0.04 0.00 0.00 0.00 0.00 0.00 0.00 0.00
0 0 0 0 0 0 0 0 0 0 0 0 0 0 0
1.00 0.52 0.74 0.60 -1.14 -0.76 0.18 0.05 0.00 0.00 0.00 0.00 0.00 0.00 0.00
0 0 0 0 0 0 0 0 0 0 0 0 0 0 0
1.00 0.52 0.74 0.60 -1.14 -0.76 0.18 0.05 0.00 0.00 0.00 0.00 0.00 0.00 0.00
0 0 0 0 0 0 0 0 0 0 0 0 0 0 0
1.00 0.81 0.70 0.54 -1.12 -0.68 0.26 0.09 0.00 0.00 0.00 0.00 0.00 0.00 0.00
0 0 0 0 0 0 0 0 0 0 0 0 0 0 0
1.00 0.71 0.39 0.41 -0.71 -0.49 0.21 0.05 0.00 0.00 0.00 0.00 0.00 0.00 0.00
0 0 0 0 0 0 0 0 0 0 0 0 0 0 0
1.00 0.67 0.90 0.56 -0.81 -0.48 0.24 0.11 0.00 0.00 0.00 0.00 0.00 0.00 0.00
0 0 0 0 0 0 0 0 0 0 0 0 0 0 0
1.00 0.66 0.40 0.38 -0.74 -0.64 0.14 -0.02 0.00 0.00 0.00 0.00 0.00 0.00 0.00
0 0 0 0 0 0 0 0 0 0 0 0 0 0 0
1.00 0.31 0.34 0.24 -0.46 -0.30 0.10 -0.00 0.00 0.00 0.00 0.00 0.00 0.00 0.00
0 0 0 0 0 0 0 0 0 0 0 0 0 0 0
1.00 0.31 0.32 0.22 -0.42 -0.27 0.09 -0.00 0.00 0.00 0.00 0.00 0.00 0.00 0.00
0 0 0 0 0 0 0 0 0 0 0 0 0 0 0
1.00 0.31 0.30 0.21 -0.38 -0.18 0.18 -0.02 0.00 0.00 0.00 0.00 0.00 0.00 0.00
0 0 0 0 0 0 0 0 0 0 0 0 0 0 0
1.00 0.33 0.15 0.03 -0.28 -0.24 -0.01 0.01 0.00 0.00 0.00 0.00 0.00 0.00 0.00
0 0 0 0 0 0 0 0 0 0 0 0 0 0 0
