1.00 7.15 9.09 5.32 8.26 17.13 6.13 1.62 0.00 0.00 0.00 0.00 0.00 0.00 0.00
1.00 5.92 1.09 -1.46 7.92 -0.33 -1.82 0.20 0.00 0.00 0.00 0.00 0.00 0.00 0.00
1.00 -3.02 -2.51 -1.53 -4.02 -4.39 -1.64 -0.47 0.00 0.00 0.00 0.00 0.00 0.00 0.00
0 0 0 0 0 0 0 0 0 0 0 0 0 0 0
1.00 -2.73 -1.97 -1.06 -3.46 -3.77 -1.34 -0.41 0.00 0.00 0.00 0.00 0.00 0.00 0.00
0 0 0 0 0 0 0 0 0 0 0 0 0 0 0
1.00 -2.73 -1.97 -1.06 -3.46 -3.77 -1.34 -0.41 0.00 0.00 0.00 0.00 0.00 0.00 0.00
0 0 0 0 0 0 0 0 0 0 0 0 0 0 0
1.00 -2.31 -1.67 -0.89 -2.92 -3.16 -1.12 -0.35 0.00 0.00 0.00 0.00 0.00 0.00 0.00
0 0 0 0 0 0 0 0 0 0 0 0 0 0 0
1.00 -1.92 -1.51 -0.96 -2.40 -2.85 -0.98 -0.25 0.00 0.00 0.00 0.00 0.00 0.00 0.00
0 0 0 0 0 0 0 0 0 0 0 0 0 0 0
1.00 -1.66 -1.24 -0.64 -2.20 -2.20 -0.67 -0.23 0.00 0.00 0.00 0.00 0.00 0.00 0.00
0 0 0 0 0 0 0 0 0 0 0 0 0 0 0
1.00 -1.29 -0.83 -0.42 -1.60 -1.62 -0.45 -0.12 0.00 0.00 0.00 0.00 0.00 0.00 0.00
0 0 0 0 0 0 0 0 0 0 0 0 0 0 0
1.00 -0.71 -0.66 -0.36 -1.00 -1.18 -0.29 -0.04 0.00 0.00 0.00 0.00 0.00 0.00 0.00
0 0 0 0 0 0 0 0 0 0 0 0 0 0 0
1.00 -0.64 -0.25 -0.14 -0.92 -0.77 -0.22 0.04 0.00 0.00 0.00 0.00 0.00 0.00 0.00
0 0 0 0 0 0 0 0 0 0 0 0 0 0 0
1.00 -0.45 -0.16 -0.08 -0.64 -0.50 -0.14 0.03 0.00 0.00 0.00 0.00 0.00 0.00 0.00
0 0 0 0 0 0 0 0 0 0 0 0 0 0 0
1.00 -0.20 0.01 0.02 -0.23 -0.22 -0.04 0.05 0.00 0.00 0.00 0.00 0.00 0.00 0.00
0 0 0 0 0 0 0 0 0 0 0 0 0 0 0
