1.00 1.78 8.30 8.97 -0.65 -1.43 1.39 0.17 0.00 0.00 0.00 0.00 0.00 0.00 0.00
1.00 1.31 6.21 6.71 -0.52 -1.10 1.03 0.12 0.00 0.00 0.00 0.00 0.00 0.00 0.00
1.00 10.10 7.96 -0.66 -1.48 -1.66 -0.34 0.24 0.00 0.00 0.00 0.00 0.00 0.00 0.00
0 0 0 0 0 0 0 0 0 0 0 0 0 0 0
1.00 -2.14 -6.26 -4.69 -0.33 0.65 -0.82 -0.23 0.00 0.00 0.00 0.00 0.00 0.00 0.00
0 0 0 0 0 0 0 0 0 0 0 0 0 0 0
1.00 -2.14 -6.26 -4.69 -0.33 0.65 -0.82 -0.23 0.00 0.00 0.00 0.00 0.00 0.00 0.00
0 0 0 0 0 0 0 0 0 0 0 0 0 0 0
1.00 -3.83 -5.87 -4.18 0.37 0.82 -0.79 -0.23 0.00 0.00 0.00 0.00 0.00 0.00 0.00
0 0 0 0 0 0 0 0 0 0 0 0 0 0 0
1.00 -3.51 -5.07 -3.42 0.30 0.72 -0.55 -0.20 0.00 0.00 0.00 0.00 0.00 0.00 0.00
0 0 0 0 0 0 0 0 0 0 0 0 0 0 0
1.00 -2.21 -3.09 -2.25 0.30 0.70 -0.32 -0.10 0.00 0.00 0.00 0.00 0.00 0.00 0.00
0 0 0 0 0 0 0 0 0 0 0 0 0 0 0
1.00 -2.20 -3.06 -2.18 0.32 0.68 -0.30 -0.10 0.00 0.00 0.00 0.00 0.00 0.00 0.00
0 0 0 0 0 0 0 0 0 0 0 0 0 0 0
1.00 -1.63 -2.56 -1.78 0.50 0.45 -0.26 -0.07 0.00 0.00 0.00 0.00 0.00 0.00 0.00
0 0 0 0 0 0 0 0 0 0 0 0 0 0 0
1.00 -1.33 -2.02 -1.27 0.17 0.22 -0.24 -0.10 0.00 0.00 0.00 0.00 0.00 0.00 0.00
0 0 0 0 0 0 0 0 0 0 0 0 0 0 0
1.00 -1.12 -1.41 -0.69 0.11 0.07 -0.04 -0.05 0.00 0.00 0.00 0.00 0.00 0.00 0.00
0 0 0 0 0 0 0 0 0 0 0 0 0 0 0
1.00 -0.52 -0.57 -0.36 0.11 0.18 -0.10 -0.01 0.00 0.00 0.00 0.00 0.00 0.00 0.00
0 0 0 0 0 0 0 0 0 0 0 0 0 0 0
