1.00 2.04 7.38 7.04 1.54 11.11 7.31 1.01 0.00 0.00 0.00 0.00 0.00 0.00 0.00
1.00 9.99 6.22 0.88 17.19 10.27 -0.38 1.26 0.00 0.00 0.00 0.00 0.00 0.00 0.00
1.00 7.41 4.44 0.46 12.82 7.37 -0.50 0.91 0.00 0.00 0.00 0.00 0.00 0.00 0.00
0 0 0 0 0 0 0 0 0 0 0 0 0 0 0
1.00 -3.65 -4.29 -2.06 -7.79 -7.43 -1.77 -0.81 0.00 0.00 0.00 0.00 0.00 0.00 0.00
0 0 0 0 0 0 0 0 0 0 0 0 0 0 0
1.00 -3.65 -4.29 -2.06 -7.79 -7.43 -1.77 -0.81 0.00 0.00 0.00 0.00 0.00 0.00 0.00
0 0 0 0 0 0 0 0 0 0 0 0 0 0 0
1.00 -4.34 -4.22 -2.12 -7.02 -6.65 -1.68 -0.73 0.00 0.00 0.00 0.00 0.00 0.00 0.00
0 0 0 0 0 0 0 0 0 0 0 0 0 0 0
1.00 -4.07 -3.61 -1.71 -6.09 -5.60 -1.30 -0.57 0.00 0.00 0.00 0.00 0.00 0.00 0.00
0 0 0 0 0 0 0 0 0 0 0 0 0 0 0
1.00 -3.34 -3.14 -1.55 -5.26 -4.72 -1.21 -0.54 0.00 0.00 0.00 0.00 0.00 0.00 0.00
0 0 0 0 0 0 0 0 0 0 0 0 0 0 0
1.00 -2.27 -2.13 -0.84 -3.43 -3.13 -0.74 -0.38 0.00 0.00 0.00 0.00 0.00 0.00 0.00
0 0 0 0 0 0 0 0 0 0 0 0 0 0 0
1.00 -2.25 -2.08 -0.81 -3.38 -3.06 -0.72 -0.38 0.00 0.00 0.00 0.00 0.00 0.00 0.00
0 0 0 0 0 0 0 0 0 0 0 0 0 0 0
1.00 -1.79 -1.51 -0.60 -2.73 -2.42 -0.48 -0.30 0.00 0.00 0.00 0.00 0.00 0.00 0.00
0 0 0 0 0 0 0 0 0 0 0 0 0 0 0
1.00 -1.25 -0.83 -0.51 -1.96 -1.71 -0.51 -0.17 0.00 0.00 0.00 0.00 0.00 0.00 0.00
0 0 0 0 0 0 0 0 0 0 0 0 0 0 0
1.00 -0.78 -0.76 -0.30 -1.42 -1.30 -0.19 -0.15 0.00 0.00 0.00 0.00 0.00 0.00 0.00
0 0 0 0 0 0 0 0 0 0 0 0 0 0 0
