1.00 1.60 0.77 0.49 -0.97 -1.14 0.54 -0.17 0.00 0.00 0.00 0.00 0.00 0.00 0.00
1.00 1.11 -1.08 -0.67 1.70 -0.40 0.00 -0.04 0.00 0.00 0.00 0.00 0.00 0.00 0.00
1.00 -0.40 -0.91 -0.69 -0.26 -0.39 -0.12 -0.13 0.00 0.00 0.00 0.00 0.00 0.00 0.00
0 0 0 0 0 0 0 0 0 0 0 0 0 0 0
1.00 -0.51 -1.00 -0.64 -0.37 -0.41 -0.01 -0.05 0.00 0.00 0.00 0.00 0.00 0.00 0.00
0 0 0 0 0 0 0 0 0 0 0 0 0 0 0
1.00 -0.51 -1.00 -0.64 -0.37 -0.41 -0.01 -0.05 0.00 0.00 0.00 0.00 0.00 0.00 0.00
0 0 0 0 0 0 0 0 0 0 0 0 0 0 0
1.00 -0.44 -0.83 -0.54 -0.28 -0.29 -0.00 -0.03 0.00 0.00 0.00 0.00 0.00 0.00 0.00
0 0 0 0 0 0 0 0 0 0 0 0 0 0 0
1.00 -0.37 -0.66 -0.47 -0.11 -0.02 -0.10 -0.04 0.00 0.00 0.00 0.00 0.00 0.00 0.00
0 0 0 0 0 0 0 0 0 0 0 0 0 0 0
1.00 -0.33 -0.41 -0.24 -0.20 -0.05 -0.02 -0.03 0.00 0.00 0.00 0.00 0.00 0.00 0.00
0 0 0 0 0 0 0 0 0 0 0 0 0 0 0
1.00 -0.32 -0.60 -0.33 -0.12 -0.10 -0.05 -0.07 0.00 0.00 0.00 0.00 0.00 0.00 0.00
0 0 0 0 0 0 0 0 0 0 0 0 0 0 0
1.00 -0.31 -0.49 -0.17 -0.08 -0.03 -0.09 -0.02 0.00 0.00 0.00 0.00 0.00 0.00 0.00
0 0 0 0 0 0 0 0 0 0 0 0 0 0 0
1.00 -0.18 -0.06 -0.18 -0.00 0.06 0.01 -0.01 0.00 0.00 0.00 0.00 0.00 0.00 0.00
0 0 0 0 0 0 0 0 0 0 0 0 0 0 0
1.00 -0.16 -0.01 -0.15 0.04 0.10 0.02 0.00 0.00 0.00 0.00 0.00 0.00 0.00 0.00
0 0 0 0 0 0 0 0 0 0 0 0 0 0 0
1.00 0.06 -0.15 -0.02 0.23 0.16 -0.00 0.02 0.00 0.00 0.00 0.00 0.00 0.00 0.00
0 0 0 0 0 0 0 0 0 0 0 0 0 0 0
