1.00 0.35 5.81 5.66 0.08 8.61 6.65 0.77 0.00 0.00 0.00 0.00 0.00 0.00 0.00
1.00 10.87 5.69 0.47 17.36 10.13 -0.60 1.30 0.00 0.00 0.00 0.00 0.00 0.00 0.00
1.00 -1.45 -2.31 -1.26 -4.10 -4.73 -1.54 -0.47 0.00 0.00 0.00 0.00 0.00 0.00 0.00
0 0 0 0 0 0 0 0 0 0 0 0 0 0 0
1.00 -1.86 -1.98 -0.94 -3.01 -3.42 -1.17 -0.39 0.00 0.00 0.00 0.00 0.00 0.00 0.00
0 0 0 0 0 0 0 0 0 0 0 0 0 0 0
1.00 -1.86 -1.98 -0.94 -3.01 -3.42 -1.17 -0.39 0.00 0.00 0.00 0.00 0.00 0.00 0.00
0 0 0 0 0 0 0 0 0 0 0 0 0 0 0
1.00 -2.06 -2.13 -1.02 -3.23 -3.64 -1.23 -0.42 0.00 0.00 0.00 0.00 0.00 0.00 0.00
0 0 0 0 0 0 0 0 0 0 0 0 0 0 0
1.00 -1.83 -1.60 -0.80 -2.74 -2.98 -0.94 -0.33 0.00 0.00 0.00 0.00 0.00 0.00 0.00
0 0 0 0 0 0 0 0 0 0 0 0 0 0 0
1.00 -1.20 -1.34 -0.68 -2.11 -2.47 -0.84 -0.28 0.00 0.00 0.00 0.00 0.00 0.00 0.00
0 0 0 0 0 0 0 0 0 0 0 0 0 0 0
1.00 -1.36 -1.15 -0.59 -1.76 -1.88 -0.53 -0.14 0.00 0.00 0.00 0.00 0.00 0.00 0.00
0 0 0 0 0 0 0 0 0 0 0 0 0 0 0
1.00 -1.06 -0.92 -0.46 -1.47 -1.33 -0.43 -0.17 0.00 0.00 0.00 0.00 0.00 0.00 0.00
0 0 0 0 0 0 0 0 0 0 0 0 0 0 0
1.00 -0.75 -0.67 -0.37 -0.91 -0.89 -0.31 -0.09 0.00 0.00 0.00 0.00 0.00 0.00 0.00
0 0 0 0 0 0 0 0 0 0 0 0 0 0 0
1.00 -0.69 -0.59 -0.34 -0.77 -0.73 -0.26 -0.08 0.00 0.00 0.00 0.00 0.00 0.00 0.00
0 0 0 0 0 0 0 0 0 0 0 0 0 0 0
1.00 -0.73 -0.58 -0.27 -0.58 -0.60 -0.18 -0.09 0.00 0.00 0.00 0.00 0.00 0.00 0.00
0 0 0 0 0 0 0 0 0 0 0 0 0 0 0
