1.00 10.68 11.50 6.37 -1.29 -1.15 0.86 0.46 0.00 0.00 0.00 0.00 0.00 0.00 0.00
1.00 6.00 -1.65 -5.26 -1.57 -0.47 -1.13 -0.08 0.00 0.00 0.00 0.00 0.00 0.00 0.00
1.00 -4.57 -4.86 -4.91 0.46 0.73 -0.90 -0.20 0.00 0.00 0.00 0.00 0.00 0.00 0.00
0 0 0 0 0 0 0 0 0 0 0 0 0 0 0
1.00 -4.21 -4.50 -4.34 0.61 0.80 -0.82 -0.22 0.00 0.00 0.00 0.00 0.00 0.00 0.00
0 0 0 0 0 0 0 0 0 0 0 0 0 0 0
1.00 -4.21 -4.50 -4.34 0.61 0.80 -0.82 -0.22 0.00 0.00 0.00 0.00 0.00 0.00 0.00
0 0 0 0 0 0 0 0 0 0 0 0 0 0 0
1.00 -3.98 -3.95 -3.57 0.35 0.58 -0.63 -0.19 0.00 0.00 0.00 0.00 0.00 0.00 0.00
0 0 0 0 0 0 0 0 0 0 0 0 0 0 0
1.00 -3.22 -3.17 -2.83 0.31 0.46 -0.50 -0.15 0.00 0.00 0.00 0.00 0.00 0.00 0.00
0 0 0 0 0 0 0 0 0 0 0 0 0 0 0
1.00 -2.54 -2.47 -2.18 0.40 0.50 -0.46 -0.09 0.00 0.00 0.00 0.00 0.00 0.00 0.00
0 0 0 0 0 0 0 0 0 0 0 0 0 0 0
1.00 -1.83 -1.98 -1.72 0.47 0.43 -0.33 -0.08 0.00 0.00 0.00 0.00 0.00 0.00 0.00
0 0 0 0 0 0 0 0 0 0 0 0 0 0 0
1.00 -1.52 -1.64 -1.30 0.35 0.10 -0.30 -0.09 0.00 0.00 0.00 0.00 0.00 0.00 0.00
0 0 0 0 0 0 0 0 0 0 0 0 0 0 0
1.00 -1.10 -1.09 -0.78 0.25 0.11 -0.04 -0.08 0.00 0.00 0.00 0.00 0.00 0.00 0.00
0 0 0 0 0 0 0 0 0 0 0 0 0 0 0
1.00 -0.70 -0.66 -0.42 0.18 0.05 0.01 -0.05 0.00 0.00 0.00 0.00 0.00 0.00 0.00
0 0 0 0 0 0 0 0 0 0 0 0 0 0 0
1.00 -0.35 -0.10 -0.09 0.21 0.20 -0.11 0.05 0.00 0.00 0.00 0.00 0.00 0.00 0.00
0 0 0 0 0 0 0 0 0 0 0 0 0 0 0
