1.00 11.04 7.33 3.07 16.71 14.49 3.06 1.59 0.00 0.00 0.00 0.00 0.00 0.00 0.00
1.00 3.32 -0.97 -1.75 2.35 -2.93 -2.17 -0.08 0.00 0.00 0.00 0.00 0.00 0.00 0.00
1.00 -3.30 -2.43 -1.61 -4.92 -4.19 -1.67 -0.45 0.00 0.00 0.00 0.00 0.00 0.00 0.00
0 0 0 0 0 0 0 0 0 0 0 0 0 0 0
1.00 -2.82 -2.35 -1.50 -3.99 -3.50 -1.57 -0.40 0.00 0.00 0.00 0.00 0.00 0.00 0.00
0 0 0 0 0 0 0 0 0 0 0 0 0 0 0
1.00 -2.82 -2.35 -1.50 -3.99 -3.50 -1.57 -0.40 0.00 0.00 0.00 0.00 0.00 0.00 0.00
0 0 0 0 0 0 0 0 0 0 0 0 0 0 0
1.00 -2.41 -1.97 -1.24 -3.38 -2.95 -1.30 -0.34 0.00 0.00 0.00 0.00 0.00 0.00 0.00
0 0 0 0 0 0 0 0 0 0 0 0 0 0 0
1.00 -2.39 -1.51 -0.91 -3.01 -2.67 -1.06 -0.30 0.00 0.00 0.00 0.00 0.00 0.00 0.00
0 0 0 0 0 0 0 0 0 0 0 0 0 0 0
1.00 -1.81 -1.18 -0.67 -2.41 -2.25 -0.84 -0.21 0.00 0.00 0.00 0.00 0.00 0.00 0.00
0 0 0 0 0 0 0 0 0 0 0 0 0 0 0
1.00 -1.38 -0.96 -0.63 -2.13 -1.90 -0.74 -0.20 0.00 0.00 0.00 0.00 0.00 0.00 0.00
0 0 0 0 0 0 0 0 0 0 0 0 0 0 0
1.00 -1.10 -0.69 -0.32 -1.68 -1.25 -0.50 -0.15 0.00 0.00 0.00 0.00 0.00 0.00 0.00
0 0 0 0 0 0 0 0 0 0 0 0 0 0 0
1.00 -0.69 -0.39 -0.21 -1.14 -0.90 -0.30 -0.12 0.00 0.00 0.00 0.00 0.00 0.00 0.00
0 0 0 0 0 0 0 0 0 0 0 0 0 0 0
1.00 -0.59 -0.31 -0.15 -0.97 -0.73 -0.22 -0.10 0.00 0.00 0.00 0.00 0.00 0.00 0.00
0 0 0 0 0 0 0 0 0 0 0 0 0 0 0
1.00 -0.40 -0.46 -0.21 -0.58 -0.50 -0.30 -0.12 0.00 0.00 0.00 0.00 0.00 0.00 0.00
0 0 0 0 0 0 0 0 0 0 0 0 0 0 0
