1.00 0.40 0.39 0.28 -0.01 0.08 0.15 0.02 0.00 0.00 0.00 0.00 0.00 0.00 0.00
1.00 0.35 0.33 0.24 -0.02 0.08 0.14 0.02 0.00 0.00 0.00 0.00 0.00 0.00 0.00
1.00 0.09 -0.03 -0.09 -0.01 -0.07 -0.06 -0.00 0.00 0.00 0.00 0.00 0.00 0.00 0.00
0 0 0 0 0 0 0 0 0 0 0 0 0 0 0
1.00 -0.20 -0.34 -0.16 -0.05 -0.26 -0.08 -0.03 0.00 0.00 0.00 0.00 0.00 0.00 0.00
0 0 0 0 0 0 0 0 0 0 0 0 0 0 0
1.00 -0.20 -0.34 -0.16 -0.05 -0.26 -0.08 -0.03 0.00 0.00 0.00 0.00 0.00 0.00 0.00
0 0 0 0 0 0 0 0 0 0 0 0 0 0 0
1.00 -0.20 4.28 8.37 -0.05 0.05 2.24 0.10 0.00 0.00 0.00 0.00 0.00 0.00 0.00
0 0 0 0 0 0 0 0 0 0 0 0 0 0 0
1.00 9.75 10.21 6.57 1.42 0.45 1.07 0.45 0.00 0.00 0.00 0.00 0.00 0.00 0.00
0 0 0 0 0 0 0 0 0 0 0 0 0 0 0
1.00 5.88 1.22 -3.38 0.55 0.36 -0.79 0.18 0.00 0.00 0.00 0.00 0.00 0.00 0.00
0 0 0 0 0 0 0 0 0 0 0 0 0 0 0
1.00 4.10 0.48 -2.97 0.36 0.26 -0.69 0.12 0.00 0.00 0.00 0.00 0.00 0.00 0.00
0 0 0 0 0 0 0 0 0 0 0 0 0 0 0
1.00 -5.38 -4.97 -3.20 -0.66 -0.57 -0.77 -0.27 0.00 0.00 0.00 0.00 0.00 0.00 0.00
0 0 0 0 0 0 0 0 0 0 0 0 0 0 0
1.00 -5.08 -4.42 -2.65 -0.74 -0.39 -0.68 -0.20 0.00 0.00 0.00 0.00 0.00 0.00 0.00
0 0 0 0 0 0 0 0 0 0 0 0 0 0 0
1.00 -4.22 -3.91 -2.47 -0.51 -0.60 -0.72 -0.24 0.00 0.00 0.00 0.00 0.00 0.00 0.00
0 0 0 0 0 0 0 0 0 0 0 0 0 0 0
1.00 -3.93 -3.20 -1.89 -0.82 -0.38 -0.45 -0.18 0.00 0.00 0.00 0.00 0.00 0.00 0.00
0 0 0 0 0 0 0 0 0 0 0 0 0 0 0
