1.00 -0.81 0.18 -0.23 0.44 -0.13 -0.99 -0.24 0.00 0.00 0.00 0.00 0.00 0.00 0.00
1.00 -0.26 -0.14 -0.14 1.55 1.11 0.17 -0.02 0.00 0.00 0.00 0.00 0.00 0.00 0.00
1.00 0.24 0.04 0.21 -0.06 -0.02 0.39 0.07 0.00 0.00 0.00 0.00 0.00 0.00 0.00
0 0 0 0 0 0 0 0 0 0 0 0 0 0 0
1.00 0.55 0.18 0.19 -0.23 -0.29 0.30 0.09 0.00 0.00 0.00 0.00 0.00 0.00 0.00
0 0 0 0 0 0 0 0 0 0 0 0 0 0 0
1.00 0.55 0.18 0.19 -0.23 -0.29 0.30 0.09 0.00 0.00 0.00 0.00 0.00 0.00 0.00
0 0 0 0 0 0 0 0 0 0 0 0 0 0 0
1.00 0.46 0.14 0.17 -0.20 -0.23 0.25 0.07 0.00 0.00 0.00 0.00 0.00 0.00 0.00
0 0 0 0 0 0 0 0 0 0 0 0 0 0 0
1.00 0.42 0.41 0.28 -0.55 -0.24 0.17 0.04 0.00 0.00 0.00 0.00 0.00 0.00 0.00
0 0 0 0 0 0 0 0 0 0 0 0 0 0 0
1.00 0.53 0.23 0.28 -0.35 -0.20 0.15 0.03 0.00 0.00 0.00 0.00 0.00 0.00 0.00
0 0 0 0 0 0 0 0 0 0 0 0 0 0 0
1.00 0.31 0.09 0.20 -0.32 -0.23 0.16 0.03 0.00 0.00 0.00 0.00 0.00 0.00 0.00
0 0 0 0 0 0 0 0 0 0 0 0 0 0 0
1.00 0.10 0.13 0.23 -0.31 -0.12 0.18 0.04 0.00 0.00 0.00 0.00 0.00 0.00 0.00
0 0 0 0 0 0 0 0 0 0 0 0 0 0 0
1.00 0.07 0.10 0.20 -0.27 -0.09 0.17 0.04 0.00 0.00 0.00 0.00 0.00 0.00 0.00
0 0 0 0 0 0 0 0 0 0 0 0 0 0 0
1.00 0.12 0.25 0.23 -0.13 -0.02 -0.00 0.03 0.00 0.00 0.00 0.00 0.00 0.00 0.00
0 0 0 0 0 0 0 0 0 0 0 0 0 0 0
1.00 0.39 0.31 -0.00 0.09 0.21 0.09 0.05 0.00 0.00 0.00 0.00 0.00 0.00 0.00
0 0 0 0 0 0 0 0 0 0 0 0 0 0 0
