1.00 -0.18 0.02 -0.02 -0.12 -0.03 -0.05 -0.01 0.00 0.00 0.00 0.00 0.00 0.00 0.00
1.00 -0.02 -0.01 0.09 -0.15 -0.01 -0.07 -0.01 0.00 0.00 0.00 0.00 0.00 0.00 0.00
1.00 0.03 0.05 -0.10 -0.07 0.10 -0.04 -0.06 0.00 0.00 0.00 0.00 0.00 0.00 0.00
0 0 0 0 0 0 0 0 0 0 0 0 0 0 0
1.00 -0.25 -0.08 -0.01 -0.29 -0.14 -0.04 -0.07 0.00 0.00 0.00 0.00 0.00 0.00 0.00
0 0 0 0 0 0 0 0 0 0 0 0 0 0 0
1.00 -0.25 -0.08 -0.01 -0.29 -0.14 -0.04 -0.07 0.00 0.00 0.00 0.00 0.00 0.00 0.00
0 0 0 0 0 0 0 0 0 0 0 0 0 0 0
1.00 -0.07 0.10 0.08 -0.22 -0.09 0.06 -0.00 0.00 0.00 0.00 0.00 0.00 0.00 0.00
0 0 0 0 0 0 0 0 0 0 0 0 0 0 0
1.00 0.17 0.01 -0.19 0.17 -0.11 -0.24 -0.00 0.00 0.00 0.00 0.00 0.00 0.00 0.00
0 0 0 0 0 0 0 0 0 0 0 0 0 0 0
1.00 2.23 7.21 6.32 1.05 11.88 7.31 0.99 0.00 0.00 0.00 0.00 0.00 0.00 0.00
0 0 0 0 0 0 0 0 0 0 0 0 0 0 0
1.00 1.67 5.39 4.74 0.79 8.90 5.48 0.75 0.00 0.00 0.00 0.00 0.00 0.00 0.00
0 0 0 0 0 0 0 0 0 0 0 0 0 0 0
1.00 9.87 2.28 -1.39 16.61 3.67 -2.56 0.77 0.00 0.00 0.00 0.00 0.00 0.00 0.00
0 0 0 0 0 0 0 0 0 0 0 0 0 0 0
1.00 -2.39 -3.72 -2.56 -4.33 -6.53 -2.94 -0.68 0.00 0.00 0.00 0.00 0.00 0.00 0.00
0 0 0 0 0 0 0 0 0 0 0 0 0 0 0
1.00 -2.90 -3.59 -2.25 -3.84 -5.96 -2.48 -0.67 0.00 0.00 0.00 0.00 0.00 0.00 0.00
0 0 0 0 0 0 0 0 0 0 0 0 0 0 0
1.00 -2.16 -2.46 -1.51 -2.74 -3.91 -1.70 -0.44 0.00 0.00 0.00 0.00 0.00 0.00 0.00
0 0 0 0 0 0 0 0 0 0 0 0 0 0 0
