1.00 5.93 10.05 9.01 -0.86 -1.49 1.73 0.34 0.00 0.00 0.00 0.00 0.00 0.00 0.00
1.00 5.46 9.27 8.25 -0.80 -1.38 1.58 0.32 0.00 0.00 0.00 0.00 0.00 0.00 0.00
1.00 9.07 3.79 -3.60 -1.22 -1.68 -0.97 0.15 0.00 0.00 0.00 0.00 0.00 0.00 0.00
0 0 0 0 0 0 0 0 0 0 0 0 0 0 0
1.00 -5.31 -7.15 -5.28 0.20 1.08 -0.92 -0.30 0.00 0.00 0.00 0.00 0.00 0.00 0.00
0 0 0 0 0 0 0 0 0 0 0 0 0 0 0
1.00 -5.31 -7.15 -5.28 0.20 1.08 -0.92 -0.30 0.00 0.00 0.00 0.00 0.00 0.00 0.00
0 0 0 0 0 0 0 0 0 0 0 0 0 0 0
1.00 -5.38 -6.38 -4.47 0.65 1.28 -0.80 -0.23 0.00 0.00 0.00 0.00 0.00 0.00 0.00
0 0 0 0 0 0 0 0 0 0 0 0 0 0 0
1.00 -4.57 -5.27 -3.73 0.71 1.18 -0.73 -0.17 0.00 0.00 0.00 0.00 0.00 0.00 0.00
0 0 0 0 0 0 0 0 0 0 0 0 0 0 0
1.00 -3.08 -3.63 -2.54 0.40 0.62 -0.48 -0.12 0.00 0.00 0.00 0.00 0.00 0.00 0.00
0 0 0 0 0 0 0 0 0 0 0 0 0 0 0
1.00 -3.08 -3.58 -2.48 0.41 0.62 -0.47 -0.12 0.00 0.00 0.00 0.00 0.00 0.00 0.00
0 0 0 0 0 0 0 0 0 0 0 0 0 0 0
1.00 -2.55 -2.78 -1.81 0.24 0.41 -0.34 -0.15 0.00 0.00 0.00 0.00 0.00 0.00 0.00
0 0 0 0 0 0 0 0 0 0 0 0 0 0 0
1.00 -1.68 -1.85 -1.21 0.20 0.41 -0.21 -0.09 0.00 0.00 0.00 0.00 0.00 0.00 0.00
0 0 0 0 0 0 0 0 0 0 0 0 0 0 0
1.00 -1.17 -1.43 -1.04 0.13 0.09 -0.21 -0.06 0.00 0.00 0.00 0.00 0.00 0.00 0.00
0 0 0 0 0 0 0 0 0 0 0 0 0 0 0
1.00 -0.82 -0.87 -0.59 -0.00 0.03 -0.13 0.00 0.00 0.00 0.00 0.00 0.00 0.00 0.00
0 0 0 0 0 0 0 0 0 0 0 0 0 0 0
