1.00 0.91 -0.25 -0.48 3.15 0.98 -0.04 0.13 0.00 0.00 0.00 0.00 0.00 0.00 0.00
1.00 -0.27 0.08 0.10 -0.72 0.15 0.36 0.03 0.00 0.00 0.00 0.00 0.00 0.00 0.00
1.00 0.39 0.43 0.28 -0.36 0.14 0.28 0.15 0.00 0.00 0.00 0.00 0.00 0.00 0.00
0 0 0 0 0 0 0 0 0 0 0 0 0 0 0
1.00 0.28 0.30 0.19 -0.33 0.09 0.22 0.12 0.00 0.00 0.00 0.00 0.00 0.00 0.00
0 0 0 0 0 0 0 0 0 0 0 0 0 0 0
1.00 0.28 0.30 0.19 -0.33 0.09 0.22 0.12 0.00 0.00 0.00 0.00 0.00 0.00 0.00
0 0 0 0 0 0 0 0 0 0 0 0 0 0 0
1.00 0.14 0.13 0.04 -0.48 -0.00 0.14 0.00 0.00 0.00 0.00 0.00 0.00 0.00 0.00
0 0 0 0 0 0 0 0 0 0 0 0 0 0 0
1.00 0.20 0.16 0.09 -0.39 -0.10 0.16 0.06 0.00 0.00 0.00 0.00 0.00 0.00 0.00
0 0 0 0 0 0 0 0 0 0 0 0 0 0 0
1.00 0.20 0.25 0.11 -0.44 0.04 0.20 0.03 0.00 0.00 0.00 0.00 0.00 0.00 0.00
0 0 0 0 0 0 0 0 0 0 0 0 0 0 0
1.00 0.26 -0.09 -0.03 -0.26 -0.15 -0.02 0.04 0.00 0.00 0.00 0.00 0.00 0.00 0.00
0 0 0 0 0 0 0 0 0 0 0 0 0 0 0
1.00 0.15 -0.13 -0.07 -0.20 -0.13 -0.04 0.03 0.00 0.00 0.00 0.00 0.00 0.00 0.00
0 0 0 0 0 0 0 0 0 0 0 0 0 0 0
1.00 -0.07 0.10 0.05 -0.10 -0.04 0.02 -0.03 0.00 0.00 0.00 0.00 0.00 0.00 0.00
0 0 0 0 0 0 0 0 0 0 0 0 0 0 0
1.00 0.23 0.15 0.17 0.02 -0.05 0.11 0.03 0.00 0.00 0.00 0.00 0.00 0.00 0.00
0 0 0 0 0 0 0 0 0 0 0 0 0 0 0
1.00 0.13 0.17 -0.02 0.08 0.13 0.09 0.06 0.00 0.00 0.00 0.00 0.00 0.00 0.00
0 0 0 0 0 0 0 0 0 0 0 0 0 0 0
