1.00 9.47 12.53 6.81 -1.83 -1.97 0.87 0.41 0.00 0.00 0.00 0.00 0.00 0.00 0.00
1.00 7.18 0.47 -4.65 -2.06 -1.32 -1.13 -0.00 0.00 0.00 0.00 0.00 0.00 0.00 0.00
1.00 -4.32 -4.09 -4.70 0.29 0.45 -0.88 -0.23 0.00 0.00 0.00 0.00 0.00 0.00 0.00
0 0 0 0 0 0 0 0 0 0 0 0 0 0 0
1.00 -4.20 -3.47 -4.00 0.71 0.84 -0.72 -0.14 0.00 0.00 0.00 0.00 0.00 0.00 0.00
0 0 0 0 0 0 0 0 0 0 0 0 0 0 0
1.00 -4.20 -3.47 -4.00 0.71 0.84 -0.72 -0.14 0.00 0.00 0.00 0.00 0.00 0.00 0.00
0 0 0 0 0 0 0 0 0 0 0 0 0 0 0
1.00 -2.90 -2.44 -2.69 0.56 0.56 -0.44 -0.11 0.00 0.00 0.00 0.00 0.00 0.00 0.00
0 0 0 0 0 0 0 0 0 0 0 0 0 0 0
1.00 -2.94 -2.46 -2.65 0.61 0.59 -0.43 -0.11 0.00 0.00 0.00 0.00 0.00 0.00 0.00
0 0 0 0 0 0 0 0 0 0 0 0 0 0 0
1.00 -2.46 -2.12 -1.92 0.51 0.34 -0.35 -0.15 0.00 0.00 0.00 0.00 0.00 0.00 0.00
0 0 0 0 0 0 0 0 0 0 0 0 0 0 0
1.00 -1.61 -1.49 -1.41 0.62 0.45 -0.11 -0.06 0.00 0.00 0.00 0.00 0.00 0.00 0.00
0 0 0 0 0 0 0 0 0 0 0 0 0 0 0
1.00 -1.25 -1.00 -0.94 0.69 0.59 -0.10 -0.02 0.00 0.00 0.00 0.00 0.00 0.00 0.00
0 0 0 0 0 0 0 0 0 0 0 0 0 0 0
1.00 -0.71 -0.86 -0.70 0.65 0.29 -0.15 -0.02 0.00 0.00 0.00 0.00 0.00 0.00 0.00
0 0 0 0 0 0 0 0 0 0 0 0 0 0 0
1.00 -0.59 -0.42 -0.35 0.40 0.21 0.11 0.01 0.00 0.00 0.00 0.00 0.00 0.00 0.00
0 0 0 0 0 0 0 0 0 0 0 0 0 0 0
1.00 -0.31 -0.18 -0.09 0.26 0.13 0.12 0.02 0.00 0.00 0.00 0.00 0.00 0.00 0.00
0 0 0 0 0 0 0 0 0 0 0 0 0 0 0
