1.00 -0.67 -0.00 0.38 -0.46 -1.57 -0.26 -0.39 0.00 0.00 0.00 0.00 0.00 0.00 0.00
1.00 0.43 0.10 -0.14 0.42 0.64 0.02 0.04 0.00 0.00 0.00 0.00 0.00 0.00 0.00
1.00 -0.07 0.13 0.11 -0.15 0.24 0.47 0.05 0.00 0.00 0.00 0.00 0.00 0.00 0.00
0 0 0 0 0 0 0 0 0 0 0 0 0 0 0
1.00 0.39 0.18 0.14 -0.16 0.09 0.29 0.01 0.00 0.00 0.00 0.00 0.00 0.00 0.00
0 0 0 0 0 0 0 0 0 0 0 0 0 0 0
1.00 0.39 0.18 0.14 -0.16 0.09 0.29 0.01 0.00 0.00 0.00 0.00 0.00 0.00 0.00
0 0 0 0 0 0 0 0 0 0 0 0 0 0 0
1.00 0.37 0.16 0.12 -0.15 0.14 0.30 0.02 0.00 0.00 0.00 0.00 0.00 0.00 0.00
0 0 0 0 0 0 0 0 0 0 0 0 0 0 0
1.00 0.29 0.24 0.01 -0.05 0.29 0.05 0.08 0.00 0.00 0.00 0.00 0.00 0.00 0.00
0 0 0 0 0 0 0 0 0 0 0 0 0 0 0
1.00 -0.12 -0.08 -0.18 -0.17 0.32 0.18 0.08 0.00 0.00 0.00 0.00 0.00 0.00 0.00
0 0 0 0 0 0 0 0 0 0 0 0 0 0 0
1.00 0.16 0.34 0.24 -0.23 0.15 0.22 0.09 0.00 0.00 0.00 0.00 0.00 0.00 0.00
0 0 0 0 0 0 0 0 0 0 0 0 0 0 0
1.00 0.23 0.18 0.18 -0.02 0.23 0.17 0.08 0.00 0.00 0.00 0.00 0.00 0.00 0.00
0 0 0 0 0 0 0 0 0 0 0 0 0 0 0
1.00 0.15 0.10 0.12 0.01 0.19 0.13 0.06 0.00 0.00 0.00 0.00 0.00 0.00 0.00
0 0 0 0 0 0 0 0 0 0 0 0 0 0 0
1.00 0.00 -0.04 -0.19 0.04 0.00 0.11 0.02 0.00 0.00 0.00 0.00 0.00 0.00 0.00
0 0 0 0 0 0 0 0 0 0 0 0 0 0 0
1.00 -0.03 -0.02 -0.11 -0.08 0.06 -0.00 -0.02 0.00 0.00 0.00 0.00 0.00 0.00 0.00
0 0 0 0 0 0 0 0 0 0 0 0 0 0 0
