1.00 11.33 7.51 3.59 18.24 16.10 3.83 1.70 0.00 0.00 0.00 0.00 0.00 0.00 0.00
1.00 2.85 -1.73 -1.57 1.99 -5.16 -2.54 -0.39 0.00 0.00 0.00 0.00 0.00 0.00 0.00
1.00 -2.43 -2.13 -1.69 -4.33 -4.10 -1.97 -0.47 0.00 0.00 0.00 0.00 0.00 0.00 0.00
0 0 0 0 0 0 0 0 0 0 0 0 0 0 0
1.00 -2.75 -2.35 -1.82 -4.70 -4.41 -2.09 -0.50 0.00 0.00 0.00 0.00 0.00 0.00 0.00
0 0 0 0 0 0 0 0 0 0 0 0 0 0 0
1.00 -2.75 -2.35 -1.82 -4.70 -4.41 -2.09 -0.50 0.00 0.00 0.00 0.00 0.00 0.00 0.00
0 0 0 0 0 0 0 0 0 0 0 0 0 0 0
1.00 -2.76 -2.07 -1.46 -3.93 -3.54 -1.50 -0.40 0.00 0.00 0.00 0.00 0.00 0.00 0.00
0 0 0 0 0 0 0 0 0 0 0 0 0 0 0
1.00 -2.46 -1.91 -1.17 -3.09 -2.83 -1.32 -0.34 0.00 0.00 0.00 0.00 0.00 0.00 0.00
0 0 0 0 0 0 0 0 0 0 0 0 0 0 0
1.00 -1.91 -1.33 -1.03 -2.46 -2.15 -1.17 -0.26 0.00 0.00 0.00 0.00 0.00 0.00 0.00
0 0 0 0 0 0 0 0 0 0 0 0 0 0 0
1.00 -1.64 -1.31 -0.88 -2.18 -2.04 -0.78 -0.25 0.00 0.00 0.00 0.00 0.00 0.00 0.00
0 0 0 0 0 0 0 0 0 0 0 0 0 0 0
1.00 -1.26 -0.95 -0.64 -1.64 -1.38 -0.59 -0.18 0.00 0.00 0.00 0.00 0.00 0.00 0.00
0 0 0 0 0 0 0 0 0 0 0 0 0 0 0
1.00 -0.94 -0.69 -0.45 -1.19 -0.98 -0.40 -0.12 0.00 0.00 0.00 0.00 0.00 0.00 0.00
0 0 0 0 0 0 0 0 0 0 0 0 0 0 0
1.00 -0.71 -0.33 -0.25 -0.83 -0.59 -0.19 -0.05 0.00 0.00 0.00 0.00 0.00 0.00 0.00
0 0 0 0 0 0 0 0 0 0 0 0 0 0 0
1.00 -0.31 -0.37 -0.24 -0.56 -0.45 -0.11 -0.04 0.00 0.00 0.00 0.00 0.00 0.00 0.00
0 0 0 0 0 0 0 0 0 0 0 0 0 0 0
