1.00 -0.48 -0.34 -0.27 -0.37 -0.14 -0.17 -0.07 0.00 0.00 0.00 0.00 0.00 0.00 0.00
1.00 -0.25 -0.13 0.05 -0.15 0.02 0.13 -0.00 0.00 0.00 0.00 0.00 0.00 0.00 0.00
1.00 -0.05 -0.19 -0.11 0.01 -0.13 0.00 -0.02 0.00 0.00 0.00 0.00 0.00 0.00 0.00
0 0 0 0 0 0 0 0 0 0 0 0 0 0 0
1.00 -0.25 0.02 0.02 -0.15 0.11 0.10 0.11 0.00 0.00 0.00 0.00 0.00 0.00 0.00
0 0 0 0 0 0 0 0 0 0 0 0 0 0 0
1.00 -0.25 0.02 0.02 -0.15 0.11 0.10 0.11 0.00 0.00 0.00 0.00 0.00 0.00 0.00
0 0 0 0 0 0 0 0 0 0 0 0 0 0 0
1.00 -0.20 0.05 0.04 -0.13 0.12 0.10 0.11 0.00 0.00 0.00 0.00 0.00 0.00 0.00
0 0 0 0 0 0 0 0 0 0 0 0 0 0 0
1.00 0.08 0.20 0.47 -0.09 -0.17 0.04 -0.11 0.00 0.00 0.00 0.00 0.00 0.00 0.00
0 0 0 0 0 0 0 0 0 0 0 0 0 0 0
1.00 1.21 8.14 9.79 -0.23 -1.39 2.02 0.26 0.00 0.00 0.00 0.00 0.00 0.00 0.00
0 0 0 0 0 0 0 0 0 0 0 0 0 0 0
1.00 12.32 12.10 7.79 -1.17 -1.31 1.35 0.43 0.00 0.00 0.00 0.00 0.00 0.00 0.00
0 0 0 0 0 0 0 0 0 0 0 0 0 0 0
1.00 2.96 -4.54 -4.60 -1.58 -0.54 -1.11 -0.21 0.00 0.00 0.00 0.00 0.00 0.00 0.00
0 0 0 0 0 0 0 0 0 0 0 0 0 0 0
1.00 -3.27 -3.55 -3.13 0.16 0.62 -0.61 -0.07 0.00 0.00 0.00 0.00 0.00 0.00 0.00
0 0 0 0 0 0 0 0 0 0 0 0 0 0 0
1.00 -3.53 -3.79 -3.33 0.28 0.70 -0.64 -0.08 0.00 0.00 0.00 0.00 0.00 0.00 0.00
0 0 0 0 0 0 0 0 0 0 0 0 0 0 0
1.00 -3.71 -3.91 -3.13 0.44 0.30 -0.71 -0.28 0.00 0.00 0.00 0.00 0.00 0.00 0.00
0 0 0 0 0 0 0 0 0 0 0 0 0 0 0
