1.00 0.61 6.27 5.88 0.25 9.82 6.92 0.83 0.00 0.00 0.00 0.00 0.00 0.00 0.00
1.00 11.10 6.89 2.95 18.00 13.93 2.87 1.57 0.00 0.00 0.00 0.00 0.00 0.00 0.00
1.00 2.54 -2.40 -1.77 1.51 -5.75 -2.38 -0.44 0.00 0.00 0.00 0.00 0.00 0.00 0.00
0 0 0 0 0 0 0 0 0 0 0 0 0 0 0
1.00 -3.08 -2.49 -1.76 -4.97 -4.89 -2.18 -0.48 0.00 0.00 0.00 0.00 0.00 0.00 0.00
0 0 0 0 0 0 0 0 0 0 0 0 0 0 0
1.00 -3.08 -2.49 -1.76 -4.97 -4.89 -2.18 -0.48 0.00 0.00 0.00 0.00 0.00 0.00 0.00
0 0 0 0 0 0 0 0 0 0 0 0 0 0 0
1.00 -2.99 -2.28 -1.70 -4.44 -4.17 -2.01 -0.49 0.00 0.00 0.00 0.00 0.00 0.00 0.00
0 0 0 0 0 0 0 0 0 0 0 0 0 0 0
1.00 -2.55 -1.94 -1.43 -3.76 -3.50 -1.67 -0.41 0.00 0.00 0.00 0.00 0.00 0.00 0.00
0 0 0 0 0 0 0 0 0 0 0 0 0 0 0
1.00 -2.36 -1.92 -1.18 -3.11 -3.25 -1.35 -0.35 0.00 0.00 0.00 0.00 0.00 0.00 0.00
0 0 0 0 0 0 0 0 0 0 0 0 0 0 0
1.00 -1.81 -1.51 -1.01 -2.59 -2.49 -1.07 -0.27 0.00 0.00 0.00 0.00 0.00 0.00 0.00
0 0 0 0 0 0 0 0 0 0 0 0 0 0 0
1.00 -1.42 -1.05 -0.79 -1.97 -1.87 -0.85 -0.22 0.00 0.00 0.00 0.00 0.00 0.00 0.00
0 0 0 0 0 0 0 0 0 0 0 0 0 0 0
1.00 -1.07 -0.91 -0.73 -1.72 -1.66 -0.66 -0.16 0.00 0.00 0.00 0.00 0.00 0.00 0.00
0 0 0 0 0 0 0 0 0 0 0 0 0 0 0
1.00 -0.75 -0.65 -0.35 -1.15 -0.90 -0.31 -0.12 0.00 0.00 0.00 0.00 0.00 0.00 0.00
0 0 0 0 0 0 0 0 0 0 0 0 0 0 0
1.00 -0.66 -0.55 -0.28 -0.99 -0.71 -0.22 -0.09 0.00 0.00 0.00 0.00 0.00 0.00 0.00
0 0 0 0 0 0 0 0 0 0 0 0 0 0 0
