1.00 5.63 10.47 10.56 -1.23 -2.39 1.82 0.26 0.00 0.00 0.00 0.00 0.00 0.00 0.00
1.00 10.63 9.73 1.96 -1.96 -2.21 -0.29 0.33 0.00 0.00 0.00 0.00 0.00 0.00 0.00
1.00 -2.29 -4.94 -3.47 -0.69 0.50 -0.42 -0.25 0.00 0.00 0.00 0.00 0.00 0.00 0.00
0 0 0 0 0 0 0 0 0 0 0 0 0 0 0
1.00 -4.33 -5.09 -3.44 0.80 1.15 -0.39 -0.19 0.00 0.00 0.00 0.00 0.00 0.00 0.00
0 0 0 0 0 0 0 0 0 0 0 0 0 0 0
1.00 -4.33 -5.09 -3.44 0.80 1.15 -0.39 -0.19 0.00 0.00 0.00 0.00 0.00 0.00 0.00
0 0 0 0 0 0 0 0 0 0 0 0 0 0 0
1.00 -3.78 -4.18 -2.78 0.96 1.16 -0.30 -0.13 0.00 0.00 0.00 0.00 0.00 0.00 0.00
0 0 0 0 0 0 0 0 0 0 0 0 0 0 0
1.00 -2.50 -2.90 -1.95 0.73 0.56 -0.31 -0.12 0.00 0.00 0.00 0.00 0.00 0.00 0.00
0 0 0 0 0 0 0 0 0 0 0 0 0 0 0
1.00 -2.50 -2.89 -1.93 0.75 0.58 -0.30 -0.12 0.00 0.00 0.00 0.00 0.00 0.00 0.00
0 0 0 0 0 0 0 0 0 0 0 0 0 0 0
1.00 -2.01 -2.29 -1.56 0.36 0.50 -0.23 -0.09 0.00 0.00 0.00 0.00 0.00 0.00 0.00
0 0 0 0 0 0 0 0 0 0 0 0 0 0 0
1.00 -1.59 -1.61 -1.03 0.35 0.42 -0.19 -0.05 0.00 0.00 0.00 0.00 0.00 0.00 0.00
0 0 0 0 0 0 0 0 0 0 0 0 0 0 0
1.00 -0.92 -1.20 -0.90 0.39 0.24 -0.17 -0.02 0.00 0.00 0.00 0.00 0.00 0.00 0.00
0 0 0 0 0 0 0 0 0 0 0 0 0 0 0
1.00 -0.70 -0.76 -0.42 0.01 0.05 -0.11 -0.05 0.00 0.00 0.00 0.00 0.00 0.00 0.00
0 0 0 0 0 0 0 0 0 0 0 0 0 0 0
1.00 -0.49 -0.51 -0.25 -0.01 0.02 -0.07 -0.04 0.00 0.00 0.00 0.00 0.00 0.00 0.00
0 0 0 0 0 0 0 0 0 0 0 0 0 0 0
