1.00 0.75 5.04 7.98 -0.12 -1.12 1.35 0.09 0.00 0.00 0.00 0.00 0.00 0.00 0.00
1.00 11.36 12.81 7.52 -1.83 -1.78 0.96 0.48 0.00 0.00 0.00 0.00 0.00 0.00 0.00
1.00 3.82 -3.08 -3.90 -2.02 -0.15 -0.63 -0.10 0.00 0.00 0.00 0.00 0.00 0.00 0.00
0 0 0 0 0 0 0 0 0 0 0 0 0 0 0
1.00 -4.04 -4.25 -3.65 0.39 0.62 -0.43 -0.20 0.00 0.00 0.00 0.00 0.00 0.00 0.00
0 0 0 0 0 0 0 0 0 0 0 0 0 0 0
1.00 -4.04 -4.25 -3.65 0.39 0.62 -0.43 -0.20 0.00 0.00 0.00 0.00 0.00 0.00 0.00
0 0 0 0 0 0 0 0 0 0 0 0 0 0 0
1.00 -3.10 -3.02 -2.80 0.71 0.54 -0.45 -0.14 0.00 0.00 0.00 0.00 0.00 0.00 0.00
0 0 0 0 0 0 0 0 0 0 0 0 0 0 0
1.00 -3.28 -3.17 -2.88 0.74 0.55 -0.47 -0.15 0.00 0.00 0.00 0.00 0.00 0.00 0.00
0 0 0 0 0 0 0 0 0 0 0 0 0 0 0
1.00 -2.95 -2.70 -2.31 0.48 0.56 -0.28 -0.15 0.00 0.00 0.00 0.00 0.00 0.00 0.00
0 0 0 0 0 0 0 0 0 0 0 0 0 0 0
1.00 -2.28 -2.18 -1.88 0.58 0.41 -0.35 -0.15 0.00 0.00 0.00 0.00 0.00 0.00 0.00
0 0 0 0 0 0 0 0 0 0 0 0 0 0 0
1.00 -1.70 -1.89 -1.49 0.25 0.23 -0.23 -0.13 0.00 0.00 0.00 0.00 0.00 0.00 0.00
0 0 0 0 0 0 0 0 0 0 0 0 0 0 0
1.00 -1.70 -1.52 -1.12 -0.01 0.05 -0.21 -0.12 0.00 0.00 0.00 0.00 0.00 0.00 0.00
0 0 0 0 0 0 0 0 0 0 0 0 0 0 0
1.00 -1.08 -1.02 -0.70 -0.06 -0.07 -0.06 -0.07 0.00 0.00 0.00 0.00 0.00 0.00 0.00
0 0 0 0 0 0 0 0 0 0 0 0 0 0 0
1.00 -0.71 -0.64 -0.40 -0.06 -0.08 -0.03 -0.04 0.00 0.00 0.00 0.00 0.00 0.00 0.00
0 0 0 0 0 0 0 0 0 0 0 0 0 0 0
