1.00 -0.31 -0.14 -0.16 -0.17 -0.03 -0.18 -0.11 0.00 0.00 0.00 0.00 0.00 0.00 0.00
1.00 -0.26 0.31 -0.09 -0.26 0.41 -0.09 0.15 0.00 0.00 0.00 0.00 0.00 0.00 0.00
1.00 -0.20 0.24 -0.06 -0.21 0.30 -0.07 0.11 0.00 0.00 0.00 0.00 0.00 0.00 0.00
0 0 0 0 0 0 0 0 0 0 0 0 0 0 0
1.00 0.01 -0.13 -0.04 0.01 -0.09 -0.07 -0.15 0.00 0.00 0.00 0.00 0.00 0.00 0.00
0 0 0 0 0 0 0 0 0 0 0 0 0 0 0
1.00 0.01 -0.13 -0.04 0.01 -0.09 -0.07 -0.15 0.00 0.00 0.00 0.00 0.00 0.00 0.00
0 0 0 0 0 0 0 0 0 0 0 0 0 0 0
1.00 -0.14 -0.14 0.12 -0.03 0.01 0.20 -0.00 0.00 0.00 0.00 0.00 0.00 0.00 0.00
0 0 0 0 0 0 0 0 0 0 0 0 0 0 0
1.00 0.42 0.50 1.52 -0.40 -1.66 -1.20 -0.22 0.00 0.00 0.00 0.00 0.00 0.00 0.00
0 0 0 0 0 0 0 0 0 0 0 0 0 0 0
1.00 1.01 1.74 0.94 -1.21 -1.22 0.38 -0.30 0.00 0.00 0.00 0.00 0.00 0.00 0.00
0 0 0 0 0 0 0 0 0 0 0 0 0 0 0
1.00 0.29 -0.29 -0.49 0.97 0.58 0.01 0.02 0.00 0.00 0.00 0.00 0.00 0.00 0.00
0 0 0 0 0 0 0 0 0 0 0 0 0 0 0
1.00 0.19 -0.28 -0.43 0.77 0.49 0.03 0.02 0.00 0.00 0.00 0.00 0.00 0.00 0.00
0 0 0 0 0 0 0 0 0 0 0 0 0 0 0
1.00 -0.14 -0.07 -0.17 -0.19 0.11 0.18 -0.01 0.00 0.00 0.00 0.00 0.00 0.00 0.00
0 0 0 0 0 0 0 0 0 0 0 0 0 0 0
1.00 0.21 -0.21 -0.36 0.28 0.27 0.19 0.21 0.00 0.00 0.00 0.00 0.00 0.00 0.00
0 0 0 0 0 0 0 0 0 0 0 0 0 0 0
1.00 -0.17 -0.24 -0.12 -0.32 0.26 0.28 -0.00 0.00 0.00 0.00 0.00 0.00 0.00 0.00
0 0 0 0 0 0 0 0 0 0 0 0 0 0 0
