1.00 -0.45 -0.33 -0.23 -0.52 -0.39 -0.04 -0.06 0.00 0.00 0.00 0.00 0.00 0.00 0.00
1.00 -0.20 -0.21 -0.23 -0.29 -0.27 -0.16 -0.05 0.00 0.00 0.00 0.00 0.00 0.00 0.00
1.00 -0.18 -0.19 -0.19 -0.25 -0.23 -0.14 -0.04 0.00 0.00 0.00 0.00 0.00 0.00 0.00
0 0 0 0 0 0 0 0 0 0 0 0 0 0 0
1.00 -0.21 -0.24 -0.22 -0.23 -0.29 -0.13 -0.10 0.00 0.00 0.00 0.00 0.00 0.00 0.00
0 0 0 0 0 0 0 0 0 0 0 0 0 0 0
1.00 -0.21 -0.24 -0.22 -0.23 -0.29 -0.13 -0.10 0.00 0.00 0.00 0.00 0.00 0.00 0.00
0 0 0 0 0 0 0 0 0 0 0 0 0 0 0
1.00 -0.47 -0.20 -0.18 -0.45 -0.24 -0.18 -0.11 0.00 0.00 0.00 0.00 0.00 0.00 0.00
0 0 0 0 0 0 0 0 0 0 0 0 0 0 0
1.00 -0.23 0.41 3.46 -0.38 -0.37 0.66 -0.07 0.00 0.00 0.00 0.00 0.00 0.00 0.00
0 0 0 0 0 0 0 0 0 0 0 0 0 0 0
1.00 7.92 12.81 10.97 -1.65 -2.00 2.20 0.44 0.00 0.00 0.00 0.00 0.00 0.00 0.00
0 0 0 0 0 0 0 0 0 0 0 0 0 0 0
1.00 8.93 4.06 -2.42 -0.90 -1.70 -0.70 0.20 0.00 0.00 0.00 0.00 0.00 0.00 0.00
0 0 0 0 0 0 0 0 0 0 0 0 0 0 0
1.00 7.98 3.28 -2.72 -0.76 -1.48 -0.74 0.17 0.00 0.00 0.00 0.00 0.00 0.00 0.00
0 0 0 0 0 0 0 0 0 0 0 0 0 0 0
1.00 -7.48 -6.31 -3.10 0.44 1.32 -0.40 -0.25 0.00 0.00 0.00 0.00 0.00 0.00 0.00
0 0 0 0 0 0 0 0 0 0 0 0 0 0 0
1.00 -6.37 -5.42 -2.51 1.24 1.84 -0.31 -0.17 0.00 0.00 0.00 0.00 0.00 0.00 0.00
0 0 0 0 0 0 0 0 0 0 0 0 0 0 0
1.00 -5.46 -4.35 -2.22 1.04 1.46 -0.29 -0.16 0.00 0.00 0.00 0.00 0.00 0.00 0.00
0 0 0 0 0 0 0 0 0 0 0 0 0 0 0
