1.00 9.67 8.99 4.48 13.32 17.28 5.16 1.73 0.00 0.00 0.00 0.00 0.00 0.00 0.00
1.00 5.21 -1.07 -1.63 7.15 -4.08 -2.01 -0.12 0.00 0.00 0.00 0.00 0.00 0.00 0.00
1.00 3.64 -1.05 -1.42 5.00 -3.54 -1.72 -0.14 0.00 0.00 0.00 0.00 0.00 0.00 0.00
0 0 0 0 0 0 0 0 0 0 0 0 0 0 0
1.00 -4.92 -2.15 -1.38 -7.39 -3.42 -1.52 -0.60 0.00 0.00 0.00 0.00 0.00 0.00 0.00
0 0 0 0 0 0 0 0 0 0 0 0 0 0 0
1.00 -4.92 -2.15 -1.38 -7.39 -3.42 -1.52 -0.60 0.00 0.00 0.00 0.00 0.00 0.00 0.00
0 0 0 0 0 0 0 0 0 0 0 0 0 0 0
1.00 -4.37 -1.79 -1.23 -6.31 -2.74 -1.23 -0.40 0.00 0.00 0.00 0.00 0.00 0.00 0.00
0 0 0 0 0 0 0 0 0 0 0 0 0 0 0
1.00 -3.88 -1.64 -1.03 -5.23 -2.47 -0.96 -0.37 0.00 0.00 0.00 0.00 0.00 0.00 0.00
0 0 0 0 0 0 0 0 0 0 0 0 0 0 0
1.00 -3.18 -1.30 -0.78 -4.29 -1.96 -0.77 -0.32 0.00 0.00 0.00 0.00 0.00 0.00 0.00
0 0 0 0 0 0 0 0 0 0 0 0 0 0 0
1.00 -1.93 -0.77 -0.50 -2.84 -1.15 -0.59 -0.19 0.00 0.00 0.00 0.00 0.00 0.00 0.00
0 0 0 0 0 0 0 0 0 0 0 0 0 0 0
1.00 -1.85 -0.72 -0.45 -2.69 -1.02 -0.53 -0.17 0.00 0.00 0.00 0.00 0.00 0.00 0.00
0 0 0 0 0 0 0 0 0 0 0 0 0 0 0
1.00 -1.35 -0.71 -0.40 -1.89 -0.81 -0.28 -0.09 0.00 0.00 0.00 0.00 0.00 0.00 0.00
0 0 0 0 0 0 0 0 0 0 0 0 0 0 0
1.00 -1.04 -0.39 -0.19 -1.36 -0.64 -0.11 0.00 0.00 0.00 0.00 0.00 0.00 0.00 0.00
0 0 0 0 0 0 0 0 0 0 0 0 0 0 0
1.00 -0.61 -0.17 0.04 -0.86 -0.16 0.08 0.06 0.00 0.00 0.00 0.00 0.00 0.00 0.00
0 0 0 0 0 0 0 0 0 0 0 0 0 0 0
