1.00 10.73 12.54 8.47 -1.25 -1.06 1.60 0.53 0.00 0.00 0.00 0.00 0.00 0.00 0.00
1.00 8.01 0.98 -3.53 -1.40 -1.16 -0.59 0.09 0.00 0.00 0.00 0.00 0.00 0.00 0.00
1.00 -4.75 -4.91 -3.86 0.51 0.78 -0.71 -0.17 0.00 0.00 0.00 0.00 0.00 0.00 0.00
0 0 0 0 0 0 0 0 0 0 0 0 0 0 0
1.00 -3.52 -3.32 -2.62 0.59 0.71 -0.45 -0.13 0.00 0.00 0.00 0.00 0.00 0.00 0.00
0 0 0 0 0 0 0 0 0 0 0 0 0 0 0
1.00 -3.52 -3.32 -2.62 0.59 0.71 -0.45 -0.13 0.00 0.00 0.00 0.00 0.00 0.00 0.00
0 0 0 0 0 0 0 0 0 0 0 0 0 0 0
1.00 -3.74 -3.49 -2.71 0.62 0.74 -0.48 -0.14 0.00 0.00 0.00 0.00 0.00 0.00 0.00
0 0 0 0 0 0 0 0 0 0 0 0 0 0 0
1.00 -3.30 -3.12 -2.30 0.33 0.63 -0.45 -0.09 0.00 0.00 0.00 0.00 0.00 0.00 0.00
0 0 0 0 0 0 0 0 0 0 0 0 0 0 0
1.00 -2.63 -2.44 -1.90 0.35 0.40 -0.33 -0.11 0.00 0.00 0.00 0.00 0.00 0.00 0.00
0 0 0 0 0 0 0 0 0 0 0 0 0 0 0
1.00 -2.09 -1.79 -1.15 0.34 0.47 -0.10 -0.05 0.00 0.00 0.00 0.00 0.00 0.00 0.00
0 0 0 0 0 0 0 0 0 0 0 0 0 0 0
1.00 -1.04 -1.21 -0.74 0.30 0.10 -0.21 -0.05 0.00 0.00 0.00 0.00 0.00 0.00 0.00
0 0 0 0 0 0 0 0 0 0 0 0 0 0 0
1.00 -0.88 -1.02 -0.59 0.27 0.06 -0.19 -0.04 0.00 0.00 0.00 0.00 0.00 0.00 0.00
0 0 0 0 0 0 0 0 0 0 0 0 0 0 0
1.00 -0.79 -0.63 -0.54 -0.17 -0.01 -0.17 -0.05 0.00 0.00 0.00 0.00 0.00 0.00 0.00
0 0 0 0 0 0 0 0 0 0 0 0 0 0 0
1.00 -0.47 -0.27 -0.17 0.01 0.11 -0.08 0.01 0.00 0.00 0.00 0.00 0.00 0.00 0.00
0 0 0 0 0 0 0 0 0 0 0 0 0 0 0
