1.00 6.72 9.03 6.20 7.51 16.49 7.35 1.61 0.00 0.00 0.00 0.00 0.00 0.00 0.00
1.00 9.92 2.58 -1.65 15.90 2.49 -1.95 0.70 0.00 0.00 0.00 0.00 0.00 0.00 0.00
1.00 -3.80 -2.79 -1.84 -5.89 -4.95 -1.93 -0.65 0.00 0.00 0.00 0.00 0.00 0.00 0.00
0 0 0 0 0 0 0 0 0 0 0 0 0 0 0
1.00 -2.97 -2.09 -1.29 -4.01 -3.56 -1.29 -0.42 0.00 0.00 0.00 0.00 0.00 0.00 0.00
0 0 0 0 0 0 0 0 0 0 0 0 0 0 0
1.00 -2.97 -2.09 -1.29 -4.01 -3.56 -1.29 -0.42 0.00 0.00 0.00 0.00 0.00 0.00 0.00
0 0 0 0 0 0 0 0 0 0 0 0 0 0 0
1.00 -3.19 -2.24 -1.36 -4.32 -3.78 -1.36 -0.45 0.00 0.00 0.00 0.00 0.00 0.00 0.00
0 0 0 0 0 0 0 0 0 0 0 0 0 0 0
1.00 -2.59 -1.70 -1.14 -3.83 -3.31 -1.21 -0.35 0.00 0.00 0.00 0.00 0.00 0.00 0.00
0 0 0 0 0 0 0 0 0 0 0 0 0 0 0
1.00 -2.14 -1.45 -0.84 -3.23 -2.55 -1.00 -0.31 0.00 0.00 0.00 0.00 0.00 0.00 0.00
0 0 0 0 0 0 0 0 0 0 0 0 0 0 0
1.00 -1.68 -1.16 -0.73 -2.44 -2.05 -0.79 -0.27 0.00 0.00 0.00 0.00 0.00 0.00 0.00
0 0 0 0 0 0 0 0 0 0 0 0 0 0 0
1.00 -1.40 -0.96 -0.42 -1.97 -1.55 -0.41 -0.19 0.00 0.00 0.00 0.00 0.00 0.00 0.00
0 0 0 0 0 0 0 0 0 0 0 0 0 0 0
1.00 -0.75 -0.56 -0.24 -1.04 -1.00 -0.27 -0.07 0.00 0.00 0.00 0.00 0.00 0.00 0.00
0 0 0 0 0 0 0 0 0 0 0 0 0 0 0
1.00 -0.64 -0.48 -0.18 -0.86 -0.81 -0.20 -0.05 0.00 0.00 0.00 0.00 0.00 0.00 0.00
0 0 0 0 0 0 0 0 0 0 0 0 0 0 0
1.00 -0.40 -0.23 -0.14 -0.67 -0.38 -0.20 -0.05 0.00 0.00 0.00 0.00 0.00 0.00 0.00
0 0 0 0 0 0 0 0 0 0 0 0 0 0 0
