1.00 2.04 9.52 9.98 -0.66 -1.50 2.14 0.26 0.00 0.00 0.00 0.00 0.00 0.00 0.00
1.00 9.42 8.39 3.15 -0.69 -1.00 0.14 0.36 0.00 0.00 0.00 0.00 0.00 0.00 0.00
1.00 8.59 7.40 2.54 -0.65 -0.90 0.03 0.31 0.00 0.00 0.00 0.00 0.00 0.00 0.00
0 0 0 0 0 0 0 0 0 0 0 0 0 0 0
1.00 -3.40 -7.48 -4.91 -0.76 0.54 -0.91 -0.31 0.00 0.00 0.00 0.00 0.00 0.00 0.00
0 0 0 0 0 0 0 0 0 0 0 0 0 0 0
1.00 -3.40 -7.48 -4.91 -0.76 0.54 -0.91 -0.31 0.00 0.00 0.00 0.00 0.00 0.00 0.00
0 0 0 0 0 0 0 0 0 0 0 0 0 0 0
1.00 -6.23 -7.00 -4.44 0.41 0.72 -0.83 -0.32 0.00 0.00 0.00 0.00 0.00 0.00 0.00
0 0 0 0 0 0 0 0 0 0 0 0 0 0 0
1.00 -5.34 -5.85 -3.68 0.49 0.74 -0.67 -0.25 0.00 0.00 0.00 0.00 0.00 0.00 0.00
0 0 0 0 0 0 0 0 0 0 0 0 0 0 0
1.00 -4.53 -4.98 -3.04 0.60 0.49 -0.44 -0.23 0.00 0.00 0.00 0.00 0.00 0.00 0.00
0 0 0 0 0 0 0 0 0 0 0 0 0 0 0
1.00 -2.98 -3.03 -1.86 0.28 0.34 -0.35 -0.15 0.00 0.00 0.00 0.00 0.00 0.00 0.00
0 0 0 0 0 0 0 0 0 0 0 0 0 0 0
1.00 -2.87 -2.87 -1.74 0.27 0.32 -0.32 -0.15 0.00 0.00 0.00 0.00 0.00 0.00 0.00
0 0 0 0 0 0 0 0 0 0 0 0 0 0 0
1.00 -2.05 -2.07 -1.42 0.33 0.43 -0.18 -0.05 0.00 0.00 0.00 0.00 0.00 0.00 0.00
0 0 0 0 0 0 0 0 0 0 0 0 0 0 0
1.00 -1.47 -1.62 -1.06 0.15 0.07 -0.24 -0.13 0.00 0.00 0.00 0.00 0.00 0.00 0.00
0 0 0 0 0 0 0 0 0 0 0 0 0 0 0
1.00 -1.20 -1.11 -0.60 0.01 0.05 -0.12 -0.03 0.00 0.00 0.00 0.00 0.00 0.00 0.00
0 0 0 0 0 0 0 0 0 0 0 0 0 0 0
