1.00 6.01 11.05 10.81 -0.97 -2.00 2.06 0.32 0.00 0.00 0.00 0.00 0.00 0.00 0.00
1.00 11.07 7.36 -0.96 -1.22 -2.29 -0.80 0.27 0.00 0.00 0.00 0.00 0.00 0.00 0.00
1.00 -3.20 -4.02 -2.75 -0.72 0.07 -0.53 -0.22 0.00 0.00 0.00 0.00 0.00 0.00 0.00
0 0 0 0 0 0 0 0 0 0 0 0 0 0 0
1.00 -3.57 -4.37 -2.94 -0.62 0.19 -0.55 -0.23 0.00 0.00 0.00 0.00 0.00 0.00 0.00
0 0 0 0 0 0 0 0 0 0 0 0 0 0 0
1.00 -3.57 -4.37 -2.94 -0.62 0.19 -0.55 -0.23 0.00 0.00 0.00 0.00 0.00 0.00 0.00
0 0 0 0 0 0 0 0 0 0 0 0 0 0 0
1.00 -4.14 -3.98 -2.52 0.56 0.99 -0.31 -0.08 0.00 0.00 0.00 0.00 0.00 0.00 0.00
0 0 0 0 0 0 0 0 0 0 0 0 0 0 0
1.00 -3.54 -3.57 -2.21 0.72 0.80 -0.34 -0.12 0.00 0.00 0.00 0.00 0.00 0.00 0.00
0 0 0 0 0 0 0 0 0 0 0 0 0 0 0
1.00 -2.95 -2.78 -1.71 0.37 0.79 -0.24 -0.10 0.00 0.00 0.00 0.00 0.00 0.00 0.00
0 0 0 0 0 0 0 0 0 0 0 0 0 0 0
1.00 -2.26 -1.98 -1.27 0.45 0.74 -0.16 -0.03 0.00 0.00 0.00 0.00 0.00 0.00 0.00
0 0 0 0 0 0 0 0 0 0 0 0 0 0 0
1.00 -1.68 -1.47 -0.92 0.37 0.58 -0.11 -0.02 0.00 0.00 0.00 0.00 0.00 0.00 0.00
0 0 0 0 0 0 0 0 0 0 0 0 0 0 0
1.00 -1.11 -1.11 -0.65 0.36 0.30 -0.10 -0.02 0.00 0.00 0.00 0.00 0.00 0.00 0.00
0 0 0 0 0 0 0 0 0 0 0 0 0 0 0
1.00 -0.76 -0.90 -0.26 0.15 0.16 -0.03 -0.09 0.00 0.00 0.00 0.00 0.00 0.00 0.00
0 0 0 0 0 0 0 0 0 0 0 0 0 0 0
1.00 -0.17 -0.31 -0.07 0.28 0.20 0.03 -0.02 0.00 0.00 0.00 0.00 0.00 0.00 0.00
0 0 0 0 0 0 0 0 0 0 0 0 0 0 0
