1.00 0.88 1.94 1.73 -0.82 -2.00 -1.01 -0.21 0.00 0.00 0.00 0.00 0.00 0.00 0.00
1.00 1.35 0.43 -0.34 -0.49 0.74 0.27 -0.03 0.00 0.00 0.00 0.00 0.00 0.00 0.00
1.00 0.01 0.00 -0.11 0.33 0.52 0.47 0.09 0.00 0.00 0.00 0.00 0.00 0.00 0.00
0 0 0 0 0 0 0 0 0 0 0 0 0 0 0
1.00 0.17 0.19 -0.05 0.36 0.54 0.47 0.12 0.00 0.00 0.00 0.00 0.00 0.00 0.00
0 0 0 0 0 0 0 0 0 0 0 0 0 0 0
1.00 0.17 0.19 -0.05 0.36 0.54 0.47 0.12 0.00 0.00 0.00 0.00 0.00 0.00 0.00
0 0 0 0 0 0 0 0 0 0 0 0 0 0 0
1.00 0.08 -0.11 -0.27 0.20 0.25 0.31 0.03 0.00 0.00 0.00 0.00 0.00 0.00 0.00
0 0 0 0 0 0 0 0 0 0 0 0 0 0 0
1.00 -0.01 -0.20 -0.34 0.21 0.26 0.30 0.03 0.00 0.00 0.00 0.00 0.00 0.00 0.00
0 0 0 0 0 0 0 0 0 0 0 0 0 0 0
1.00 -0.24 -0.24 -0.12 0.12 0.18 0.16 0.04 0.00 0.00 0.00 0.00 0.00 0.00 0.00
0 0 0 0 0 0 0 0 0 0 0 0 0 0 0
1.00 -0.16 -0.25 -0.18 0.11 0.29 0.11 0.02 0.00 0.00 0.00 0.00 0.00 0.00 0.00
0 0 0 0 0 0 0 0 0 0 0 0 0 0 0
1.00 -0.19 -0.24 -0.37 0.17 0.08 -0.07 0.01 0.00 0.00 0.00 0.00 0.00 0.00 0.00
0 0 0 0 0 0 0 0 0 0 0 0 0 0 0
1.00 -0.35 -0.48 -0.26 0.13 0.11 0.09 -0.04 0.00 0.00 0.00 0.00 0.00 0.00 0.00
0 0 0 0 0 0 0 0 0 0 0 0 0 0 0
1.00 -0.26 -0.28 -0.20 -0.03 0.05 -0.02 0.00 0.00 0.00 0.00 0.00 0.00 0.00 0.00
0 0 0 0 0 0 0 0 0 0 0 0 0 0 0
1.00 -0.30 -0.30 -0.21 -0.04 0.04 -0.04 -0.01 0.00 0.00 0.00 0.00 0.00 0.00 0.00
0 0 0 0 0 0 0 0 0 0 0 0 0 0 0
