1.00 11.02 5.53 1.43 18.06 12.44 1.03 1.41 0.00 0.00 0.00 0.00 0.00 0.00 0.00
1.00 1.63 -2.71 -2.78 -0.90 -7.00 -3.49 -0.57 0.00 0.00 0.00 0.00 0.00 0.00 0.00
1.00 -3.03 -3.31 -2.58 -4.97 -5.91 -3.01 -0.62 0.00 0.00 0.00 0.00 0.00 0.00 0.00
0 0 0 0 0 0 0 0 0 0 0 0 0 0 0
1.00 -2.90 -3.37 -2.47 -4.00 -5.17 -2.65 -0.58 0.00 0.00 0.00 0.00 0.00 0.00 0.00
0 0 0 0 0 0 0 0 0 0 0 0 0 0 0
1.00 -2.90 -3.37 -2.47 -4.00 -5.17 -2.65 -0.58 0.00 0.00 0.00 0.00 0.00 0.00 0.00
0 0 0 0 0 0 0 0 0 0 0 0 0 0 0
1.00 -1.99 -2.15 -1.60 -2.63 -3.30 -1.69 -0.36 0.00 0.00 0.00 0.00 0.00 0.00 0.00
0 0 0 0 0 0 0 0 0 0 0 0 0 0 0
1.00 -2.08 -2.18 -1.60 -2.71 -3.32 -1.69 -0.36 0.00 0.00 0.00 0.00 0.00 0.00 0.00
0 0 0 0 0 0 0 0 0 0 0 0 0 0 0
1.00 -1.72 -1.58 -1.17 -2.14 -2.59 -1.23 -0.24 0.00 0.00 0.00 0.00 0.00 0.00 0.00
0 0 0 0 0 0 0 0 0 0 0 0 0 0 0
1.00 -1.34 -1.56 -1.25 -1.84 -2.17 -1.15 -0.25 0.00 0.00 0.00 0.00 0.00 0.00 0.00
0 0 0 0 0 0 0 0 0 0 0 0 0 0 0
1.00 -1.27 -1.02 -0.73 -1.49 -1.54 -0.78 -0.20 0.00 0.00 0.00 0.00 0.00 0.00 0.00
0 0 0 0 0 0 0 0 0 0 0 0 0 0 0
1.00 -0.80 -0.76 -0.50 -0.97 -1.03 -0.49 -0.15 0.00 0.00 0.00 0.00 0.00 0.00 0.00
0 0 0 0 0 0 0 0 0 0 0 0 0 0 0
1.00 -0.46 -0.50 -0.35 -0.41 -0.65 -0.28 -0.07 0.00 0.00 0.00 0.00 0.00 0.00 0.00
0 0 0 0 0 0 0 0 0 0 0 0 0 0 0
1.00 -0.33 -0.32 -0.21 -0.24 -0.36 -0.13 -0.04 0.00 0.00 0.00 0.00 0.00 0.00 0.00
0 0 0 0 0 0 0 0 0 0 0 0 0 0 0
