1.00 10.13 8.03 2.62 14.82 15.97 2.92 1.72 0.00 0.00 0.00 0.00 0.00 0.00 0.00
1.00 3.43 -1.21 -1.09 4.62 -3.80 -1.51 -0.09 0.00 0.00 0.00 0.00 0.00 0.00 0.00
1.00 -2.99 -1.77 -1.20 -5.17 -3.46 -1.28 -0.37 0.00 0.00 0.00 0.00 0.00 0.00 0.00
0 0 0 0 0 0 0 0 0 0 0 0 0 0 0
1.00 -2.13 -1.29 -0.92 -3.48 -2.28 -0.90 -0.26 0.00 0.00 0.00 0.00 0.00 0.00 0.00
0 0 0 0 0 0 0 0 0 0 0 0 0 0 0
1.00 -2.13 -1.29 -0.92 -3.48 -2.28 -0.90 -0.26 0.00 0.00 0.00 0.00 0.00 0.00 0.00
0 0 0 0 0 0 0 0 0 0 0 0 0 0 0
1.00 -2.32 -1.39 -0.99 -3.71 -2.42 -0.96 -0.29 0.00 0.00 0.00 0.00 0.00 0.00 0.00
0 0 0 0 0 0 0 0 0 0 0 0 0 0 0
1.00 -2.29 -1.43 -0.89 -3.12 -2.35 -0.78 -0.31 0.00 0.00 0.00 0.00 0.00 0.00 0.00
0 0 0 0 0 0 0 0 0 0 0 0 0 0 0
1.00 -1.74 -1.01 -0.71 -2.43 -1.51 -0.64 -0.20 0.00 0.00 0.00 0.00 0.00 0.00 0.00
0 0 0 0 0 0 0 0 0 0 0 0 0 0 0
1.00 -1.48 -0.69 -0.51 -2.00 -1.28 -0.48 -0.18 0.00 0.00 0.00 0.00 0.00 0.00 0.00
0 0 0 0 0 0 0 0 0 0 0 0 0 0 0
1.00 -1.13 -1.00 -0.61 -1.62 -1.30 -0.54 -0.21 0.00 0.00 0.00 0.00 0.00 0.00 0.00
0 0 0 0 0 0 0 0 0 0 0 0 0 0 0
1.00 -0.87 -0.45 -0.30 -1.08 -0.63 -0.35 -0.13 0.00 0.00 0.00 0.00 0.00 0.00 0.00
0 0 0 0 0 0 0 0 0 0 0 0 0 0 0
1.00 -0.75 -0.37 -0.24 -0.90 -0.50 -0.30 -0.12 0.00 0.00 0.00 0.00 0.00 0.00 0.00
0 0 0 0 0 0 0 0 0 0 0 0 0 0 0
1.00 -0.39 -0.08 0.02 -0.59 -0.21 -0.05 -0.06 0.00 0.00 0.00 0.00 0.00 0.00 0.00
0 0 0 0 0 0 0 0 0 0 0 0 0 0 0
