1.00 8.11 8.42 4.12 10.35 16.21 5.15 1.65 0.00 0.00 0.00 0.00 0.00 0.00 0.00
1.00 6.09 -0.10 -1.49 9.08 -3.30 -1.86 0.08 0.00 0.00 0.00 0.00 0.00 0.00 0.00
1.00 -3.45 -2.16 -1.74 -5.29 -3.58 -1.60 -0.47 0.00 0.00 0.00 0.00 0.00 0.00 0.00
0 0 0 0 0 0 0 0 0 0 0 0 0 0 0
1.00 -3.23 -2.05 -1.61 -4.35 -3.31 -1.42 -0.43 0.00 0.00 0.00 0.00 0.00 0.00 0.00
0 0 0 0 0 0 0 0 0 0 0 0 0 0 0
1.00 -3.23 -2.05 -1.61 -4.35 -3.31 -1.42 -0.43 0.00 0.00 0.00 0.00 0.00 0.00 0.00
0 0 0 0 0 0 0 0 0 0 0 0 0 0 0
1.00 -2.25 -1.40 -1.06 -3.12 -2.18 -1.04 -0.34 0.00 0.00 0.00 0.00 0.00 0.00 0.00
0 0 0 0 0 0 0 0 0 0 0 0 0 0 0
1.00 -2.35 -1.43 -1.07 -3.23 -2.24 -1.05 -0.34 0.00 0.00 0.00 0.00 0.00 0.00 0.00
0 0 0 0 0 0 0 0 0 0 0 0 0 0 0
1.00 -1.94 -1.05 -0.72 -2.53 -1.71 -0.66 -0.23 0.00 0.00 0.00 0.00 0.00 0.00 0.00
0 0 0 0 0 0 0 0 0 0 0 0 0 0 0
1.00 -1.41 -0.82 -0.70 -1.85 -1.34 -0.61 -0.15 0.00 0.00 0.00 0.00 0.00 0.00 0.00
0 0 0 0 0 0 0 0 0 0 0 0 0 0 0
1.00 -1.29 -0.68 -0.52 -1.65 -1.12 -0.40 -0.12 0.00 0.00 0.00 0.00 0.00 0.00 0.00
0 0 0 0 0 0 0 0 0 0 0 0 0 0 0
1.00 -0.64 -0.28 -0.21 -0.94 -0.54 -0.26 -0.03 0.00 0.00 0.00 0.00 0.00 0.00 0.00
0 0 0 0 0 0 0 0 0 0 0 0 0 0 0
1.00 -0.53 -0.21 -0.14 -0.77 -0.41 -0.19 -0.01 0.00 0.00 0.00 0.00 0.00 0.00 0.00
0 0 0 0 0 0 0 0 0 0 0 0 0 0 0
1.00 -0.24 -0.05 -0.05 -0.47 -0.24 -0.07 0.02 0.00 0.00 0.00 0.00 0.00 0.00 0.00
0 0 0 0 0 0 0 0 0 0 0 0 0 0 0
