1.00 0.32 0.71 0.66 0.18 0.01 0.12 0.02 0.00 0.00 0.00 0.00 0.00 0.00 0.00
1.00 1.10 6.48 7.38 -0.27 -1.14 1.36 0.17 0.00 0.00 0.00 0.00 0.00 0.00 0.00
1.00 1.02 5.97 6.79 -0.25 -1.05 1.24 0.16 0.00 0.00 0.00 0.00 0.00 0.00 0.00
0 0 0 0 0 0 0 0 0 0 0 0 0 0 0
1.00 11.35 8.83 3.73 -1.14 -1.36 0.15 0.37 0.00 0.00 0.00 0.00 0.00 0.00 0.00
0 0 0 0 0 0 0 0 0 0 0 0 0 0 0
1.00 11.35 8.83 3.73 -1.14 -1.36 0.15 0.37 0.00 0.00 0.00 0.00 0.00 0.00 0.00
0 0 0 0 0 0 0 0 0 0 0 0 0 0 0
1.00 1.62 -5.31 -5.77 -1.85 0.44 -1.17 -0.27 0.00 0.00 0.00 0.00 0.00 0.00 0.00
0 0 0 0 0 0 0 0 0 0 0 0 0 0 0
1.00 -4.23 -5.90 -5.16 0.67 1.04 -0.92 -0.26 0.00 0.00 0.00 0.00 0.00 0.00 0.00
0 0 0 0 0 0 0 0 0 0 0 0 0 0 0
1.00 -3.16 -4.00 -3.58 0.64 0.66 -0.68 -0.19 0.00 0.00 0.00 0.00 0.00 0.00 0.00
0 0 0 0 0 0 0 0 0 0 0 0 0 0 0
1.00 -3.29 -4.10 -3.62 0.69 0.69 -0.67 -0.19 0.00 0.00 0.00 0.00 0.00 0.00 0.00
0 0 0 0 0 0 0 0 0 0 0 0 0 0 0
1.00 -2.97 -3.53 -2.91 0.40 0.48 -0.40 -0.21 0.00 0.00 0.00 0.00 0.00 0.00 0.00
0 0 0 0 0 0 0 0 0 0 0 0 0 0 0
1.00 -2.38 -2.75 -2.15 0.49 0.39 -0.30 -0.11 0.00 0.00 0.00 0.00 0.00 0.00 0.00
0 0 0 0 0 0 0 0 0 0 0 0 0 0 0
1.00 -1.64 -1.99 -1.69 0.51 0.37 -0.30 -0.05 0.00 0.00 0.00 0.00 0.00 0.00 0.00
0 0 0 0 0 0 0 0 0 0 0 0 0 0 0
1.00 -1.36 -1.46 -1.19 0.24 0.42 -0.22 -0.00 0.00 0.00 0.00 0.00 0.00 0.00 0.00
0 0 0 0 0 0 0 0 0 0 0 0 0 0 0
