1.00 2.01 6.52 5.89 0.83 10.43 6.74 0.99 0.00 0.00 0.00 0.00 0.00 0.00 0.00
1.00 10.75 6.33 1.39 17.46 12.09 0.73 1.46 0.00 0.00 0.00 0.00 0.00 0.00 0.00
1.00 -0.30 -2.09 -1.20 -2.71 -5.23 -1.68 -0.45 0.00 0.00 0.00 0.00 0.00 0.00 0.00
0 0 0 0 0 0 0 0 0 0 0 0 0 0 0
1.00 -2.68 -2.57 -1.45 -3.94 -4.81 -1.63 -0.48 0.00 0.00 0.00 0.00 0.00 0.00 0.00
0 0 0 0 0 0 0 0 0 0 0 0 0 0 0
1.00 -2.68 -2.57 -1.45 -3.94 -4.81 -1.63 -0.48 0.00 0.00 0.00 0.00 0.00 0.00 0.00
0 0 0 0 0 0 0 0 0 0 0 0 0 0 0
1.00 -2.03 -2.00 -1.07 -2.69 -3.30 -1.00 -0.34 0.00 0.00 0.00 0.00 0.00 0.00 0.00
0 0 0 0 0 0 0 0 0 0 0 0 0 0 0
1.00 -2.21 -2.13 -1.14 -2.88 -3.47 -1.06 -0.37 0.00 0.00 0.00 0.00 0.00 0.00 0.00
0 0 0 0 0 0 0 0 0 0 0 0 0 0 0
1.00 -1.97 -1.70 -1.00 -2.47 -2.88 -0.96 -0.33 0.00 0.00 0.00 0.00 0.00 0.00 0.00
0 0 0 0 0 0 0 0 0 0 0 0 0 0 0
1.00 -1.47 -1.21 -0.64 -1.88 -2.20 -0.81 -0.24 0.00 0.00 0.00 0.00 0.00 0.00 0.00
0 0 0 0 0 0 0 0 0 0 0 0 0 0 0
1.00 -1.21 -1.30 -0.58 -1.62 -2.01 -0.66 -0.22 0.00 0.00 0.00 0.00 0.00 0.00 0.00
0 0 0 0 0 0 0 0 0 0 0 0 0 0 0
1.00 -1.08 -0.85 -0.57 -1.32 -1.30 -0.48 -0.22 0.00 0.00 0.00 0.00 0.00 0.00 0.00
0 0 0 0 0 0 0 0 0 0 0 0 0 0 0
1.00 -0.70 -0.46 -0.22 -0.73 -0.74 -0.20 -0.10 0.00 0.00 0.00 0.00 0.00 0.00 0.00
0 0 0 0 0 0 0 0 0 0 0 0 0 0 0
1.00 -0.62 -0.37 -0.18 -0.61 -0.56 -0.14 -0.08 0.00 0.00 0.00 0.00 0.00 0.00 0.00
0 0 0 0 0 0 0 0 0 0 0 0 0 0 0
