1.00 6.90 11.31 10.65 -1.40 -1.55 2.38 0.41 0.00 0.00 0.00 0.00 0.00 0.00 0.00
1.00 5.17 8.44 7.88 -1.06 -1.15 1.77 0.31 0.00 0.00 0.00 0.00 0.00 0.00 0.00
1.00 9.85 5.50 -1.22 -0.38 -1.39 -0.98 0.25 0.00 0.00 0.00 0.00 0.00 0.00 0.00
0 0 0 0 0 0 0 0 0 0 0 0 0 0 0
1.00 -3.82 -7.41 -6.37 -0.46 0.69 -1.38 -0.31 0.00 0.00 0.00 0.00 0.00 0.00 0.00
0 0 0 0 0 0 0 0 0 0 0 0 0 0 0
1.00 -3.82 -7.41 -6.37 -0.46 0.69 -1.38 -0.31 0.00 0.00 0.00 0.00 0.00 0.00 0.00
0 0 0 0 0 0 0 0 0 0 0 0 0 0 0
1.00 -5.90 -6.49 -5.52 0.71 0.98 -1.13 -0.23 0.00 0.00 0.00 0.00 0.00 0.00 0.00
0 0 0 0 0 0 0 0 0 0 0 0 0 0 0
1.00 -5.19 -5.69 -4.60 0.54 0.89 -0.87 -0.17 0.00 0.00 0.00 0.00 0.00 0.00 0.00
0 0 0 0 0 0 0 0 0 0 0 0 0 0 0
1.00 -3.35 -3.53 -2.89 0.44 0.71 -0.48 -0.09 0.00 0.00 0.00 0.00 0.00 0.00 0.00
0 0 0 0 0 0 0 0 0 0 0 0 0 0 0
1.00 -3.34 -3.50 -2.83 0.47 0.72 -0.46 -0.09 0.00 0.00 0.00 0.00 0.00 0.00 0.00
0 0 0 0 0 0 0 0 0 0 0 0 0 0 0
1.00 -2.48 -2.70 -2.10 0.54 0.65 -0.33 -0.09 0.00 0.00 0.00 0.00 0.00 0.00 0.00
0 0 0 0 0 0 0 0 0 0 0 0 0 0 0
1.00 -1.84 -2.25 -1.72 0.39 0.32 -0.30 -0.04 0.00 0.00 0.00 0.00 0.00 0.00 0.00
0 0 0 0 0 0 0 0 0 0 0 0 0 0 0
1.00 -1.48 -1.76 -1.25 0.17 0.19 -0.24 -0.10 0.00 0.00 0.00 0.00 0.00 0.00 0.00
0 0 0 0 0 0 0 0 0 0 0 0 0 0 0
1.00 -1.23 -1.17 -0.76 0.06 0.22 -0.10 -0.06 0.00 0.00 0.00 0.00 0.00 0.00 0.00
0 0 0 0 0 0 0 0 0 0 0 0 0 0 0
