1.00 -0.28 -0.23 -0.01 -0.42 -0.43 -0.06 -0.05 0.00 0.00 0.00 0.00 0.00 0.00 0.00
1.00 -0.17 -0.08 0.04 -0.34 -0.30 -0.11 -0.08 0.00 0.00 0.00 0.00 0.00 0.00 0.00
1.00 0.06 -0.00 0.14 -0.16 -0.23 0.08 -0.01 0.00 0.00 0.00 0.00 0.00 0.00 0.00
0 0 0 0 0 0 0 0 0 0 0 0 0 0 0
1.00 0.08 0.01 0.15 -0.09 -0.16 0.10 0.00 0.00 0.00 0.00 0.00 0.00 0.00 0.00
0 0 0 0 0 0 0 0 0 0 0 0 0 0 0
1.00 0.08 0.01 0.15 -0.09 -0.16 0.10 0.00 0.00 0.00 0.00 0.00 0.00 0.00 0.00
0 0 0 0 0 0 0 0 0 0 0 0 0 0 0
1.00 -0.14 -0.30 -0.19 -0.21 -0.29 -0.10 -0.09 0.00 0.00 0.00 0.00 0.00 0.00 0.00
0 0 0 0 0 0 0 0 0 0 0 0 0 0 0
1.00 -0.34 -0.24 -0.09 -0.36 -0.15 -0.10 -0.11 0.00 0.00 0.00 0.00 0.00 0.00 0.00
0 0 0 0 0 0 0 0 0 0 0 0 0 0 0
1.00 -0.06 -0.04 0.07 0.01 0.10 0.06 0.03 0.00 0.00 0.00 0.00 0.00 0.00 0.00
0 0 0 0 0 0 0 0 0 0 0 0 0 0 0
1.00 0.11 0.29 -0.19 0.28 0.38 -0.01 0.10 0.00 0.00 0.00 0.00 0.00 0.00 0.00
0 0 0 0 0 0 0 0 0 0 0 0 0 0 0
1.00 -0.12 -0.12 -0.08 0.00 -0.06 -0.01 -0.03 0.00 0.00 0.00 0.00 0.00 0.00 0.00
0 0 0 0 0 0 0 0 0 0 0 0 0 0 0
1.00 -0.09 -0.09 -0.06 0.07 0.00 0.01 -0.02 0.00 0.00 0.00 0.00 0.00 0.00 0.00
0 0 0 0 0 0 0 0 0 0 0 0 0 0 0
1.00 -0.26 -0.19 -0.02 -0.19 -0.17 0.02 -0.12 0.00 0.00 0.00 0.00 0.00 0.00 0.00
0 0 0 0 0 0 0 0 0 0 0 0 0 0 0
1.00 0.11 0.26 0.10 0.04 0.23 0.10 0.01 0.00 0.00 0.00 0.00 0.00 0.00 0.00
0 0 0 0 0 0 0 0 0 0 0 0 0 0 0
