1.00 4.87 8.27 5.87 4.21 14.51 6.89 1.36 0.00 0.00 0.00 0.00 0.00 0.00 0.00
1.00 9.28 2.95 -0.10 15.71 4.28 -1.08 0.77 0.00 0.00 0.00 0.00 0.00 0.00 0.00
1.00 -2.35 -2.31 -1.17 -4.81 -4.81 -1.49 -0.53 0.00 0.00 0.00 0.00 0.00 0.00 0.00
0 0 0 0 0 0 0 0 0 0 0 0 0 0 0
1.00 -2.97 -2.29 -1.26 -4.08 -4.21 -1.29 -0.45 0.00 0.00 0.00 0.00 0.00 0.00 0.00
0 0 0 0 0 0 0 0 0 0 0 0 0 0 0
1.00 -2.97 -2.29 -1.26 -4.08 -4.21 -1.29 -0.45 0.00 0.00 0.00 0.00 0.00 0.00 0.00
0 0 0 0 0 0 0 0 0 0 0 0 0 0 0
1.00 -2.67 -1.85 -1.06 -3.60 -3.52 -1.09 -0.37 0.00 0.00 0.00 0.00 0.00 0.00 0.00
0 0 0 0 0 0 0 0 0 0 0 0 0 0 0
1.00 -2.23 -1.55 -0.89 -2.98 -2.90 -0.90 -0.30 0.00 0.00 0.00 0.00 0.00 0.00 0.00
0 0 0 0 0 0 0 0 0 0 0 0 0 0 0
1.00 -1.84 -1.21 -0.63 -2.31 -2.40 -0.71 -0.26 0.00 0.00 0.00 0.00 0.00 0.00 0.00
0 0 0 0 0 0 0 0 0 0 0 0 0 0 0
1.00 -1.36 -0.95 -0.62 -2.04 -2.03 -0.72 -0.19 0.00 0.00 0.00 0.00 0.00 0.00 0.00
0 0 0 0 0 0 0 0 0 0 0 0 0 0 0
1.00 -1.22 -0.95 -0.50 -1.76 -1.48 -0.46 -0.14 0.00 0.00 0.00 0.00 0.00 0.00 0.00
0 0 0 0 0 0 0 0 0 0 0 0 0 0 0
1.00 -0.99 -0.55 -0.40 -1.27 -1.05 -0.39 -0.12 0.00 0.00 0.00 0.00 0.00 0.00 0.00
0 0 0 0 0 0 0 0 0 0 0 0 0 0 0
1.00 -0.50 -0.50 -0.25 -0.79 -0.59 -0.25 -0.08 0.00 0.00 0.00 0.00 0.00 0.00 0.00
0 0 0 0 0 0 0 0 0 0 0 0 0 0 0
1.00 -0.39 -0.43 -0.20 -0.60 -0.42 -0.19 -0.05 0.00 0.00 0.00 0.00 0.00 0.00 0.00
0 0 0 0 0 0 0 0 0 0 0 0 0 0 0
