1.00 2.52 8.27 10.62 -1.05 -3.05 2.08 0.13 0.00 0.00 0.00 0.00 0.00 0.00 0.00
1.00 9.82 4.83 -1.29 -0.98 -1.76 -0.75 0.27 0.00 0.00 0.00 0.00 0.00 0.00 0.00
1.00 8.98 4.19 -1.55 -0.87 -1.51 -0.76 0.25 0.00 0.00 0.00 0.00 0.00 0.00 0.00
0 0 0 0 0 0 0 0 0 0 0 0 0 0 0
1.00 -6.85 -5.39 -2.43 -0.56 1.16 -0.36 -0.30 0.00 0.00 0.00 0.00 0.00 0.00 0.00
0 0 0 0 0 0 0 0 0 0 0 0 0 0 0
1.00 -6.85 -5.39 -2.43 -0.56 1.16 -0.36 -0.30 0.00 0.00 0.00 0.00 0.00 0.00 0.00
0 0 0 0 0 0 0 0 0 0 0 0 0 0 0
1.00 -5.78 -4.44 -2.18 0.70 1.76 -0.34 -0.13 0.00 0.00 0.00 0.00 0.00 0.00 0.00
0 0 0 0 0 0 0 0 0 0 0 0 0 0 0
1.00 -4.79 -3.96 -1.93 0.93 1.76 -0.21 -0.14 0.00 0.00 0.00 0.00 0.00 0.00 0.00
0 0 0 0 0 0 0 0 0 0 0 0 0 0 0
1.00 -4.11 -3.42 -1.53 0.88 1.43 -0.08 -0.15 0.00 0.00 0.00 0.00 0.00 0.00 0.00
0 0 0 0 0 0 0 0 0 0 0 0 0 0 0
1.00 -2.51 -2.02 -0.88 0.63 0.89 -0.04 -0.10 0.00 0.00 0.00 0.00 0.00 0.00 0.00
0 0 0 0 0 0 0 0 0 0 0 0 0 0 0
1.00 -2.38 -1.89 -0.79 0.63 0.86 -0.02 -0.09 0.00 0.00 0.00 0.00 0.00 0.00 0.00
0 0 0 0 0 0 0 0 0 0 0 0 0 0 0
1.00 -1.65 -1.22 -0.58 0.67 0.74 0.02 -0.06 0.00 0.00 0.00 0.00 0.00 0.00 0.00
0 0 0 0 0 0 0 0 0 0 0 0 0 0 0
1.00 -1.32 -1.10 -0.46 0.30 0.30 -0.07 -0.08 0.00 0.00 0.00 0.00 0.00 0.00 0.00
0 0 0 0 0 0 0 0 0 0 0 0 0 0 0
1.00 -0.90 -0.61 -0.26 0.08 0.19 -0.02 -0.01 0.00 0.00 0.00 0.00 0.00 0.00 0.00
0 0 0 0 0 0 0 0 0 0 0 0 0 0 0
