1.00 0.59 1.28 0.50 -0.41 0.89 0.43 0.11 0.00 0.00 0.00 0.00 0.00 0.00 0.00
1.00 0.41 0.24 0.25 0.51 0.29 0.44 0.11 0.00 0.00 0.00 0.00 0.00 0.00 0.00
1.00 0.34 0.13 0.18 0.46 0.28 0.43 0.10 0.00 0.00 0.00 0.00 0.00 0.00 0.00
0 0 0 0 0 0 0 0 0 0 0 0 0 0 0
1.00 0.33 -0.10 -0.09 -0.02 -0.07 0.19 0.08 0.00 0.00 0.00 0.00 0.00 0.00 0.00
0 0 0 0 0 0 0 0 0 0 0 0 0 0 0
1.00 0.33 -0.10 -0.09 -0.02 -0.07 0.19 0.08 0.00 0.00 0.00 0.00 0.00 0.00 0.00
0 0 0 0 0 0 0 0 0 0 0 0 0 0 0
1.00 -0.05 -0.16 0.02 -0.19 0.08 0.25 0.05 0.00 0.00 0.00 0.00 0.00 0.00 0.00
0 0 0 0 0 0 0 0 0 0 0 0 0 0 0
1.00 0.03 -0.21 -0.07 -0.26 0.00 0.04 0.06 0.00 0.00 0.00 0.00 0.00 0.00 0.00
0 0 0 0 0 0 0 0 0 0 0 0 0 0 0
1.00 -0.08 -0.30 -0.32 -0.24 -0.07 -0.10 -0.03 0.00 0.00 0.00 0.00 0.00 0.00 0.00
0 0 0 0 0 0 0 0 0 0 0 0 0 0 0
1.00 -0.20 -0.17 -0.20 -0.29 -0.13 -0.04 -0.01 0.00 0.00 0.00 0.00 0.00 0.00 0.00
0 0 0 0 0 0 0 0 0 0 0 0 0 0 0
1.00 -0.27 -0.23 -0.23 -0.29 -0.14 -0.06 -0.02 0.00 0.00 0.00 0.00 0.00 0.00 0.00
0 0 0 0 0 0 0 0 0 0 0 0 0 0 0
1.00 -0.19 -0.27 -0.10 -0.22 0.06 -0.01 0.00 0.00 0.00 0.00 0.00 0.00 0.00 0.00
0 0 0 0 0 0 0 0 0 0 0 0 0 0 0
1.00 -0.10 -0.21 -0.14 -0.15 0.05 -0.02 -0.03 0.00 0.00 0.00 0.00 0.00 0.00 0.00
0 0 0 0 0 0 0 0 0 0 0 0 0 0 0
1.00 -0.30 -0.46 -0.28 -0.27 -0.05 -0.13 -0.10 0.00 0.00 0.00 0.00 0.00 0.00 0.00
0 0 0 0 0 0 0 0 0 0 0 0 0 0 0
