1.00 5.39 8.23 5.62 5.47 15.57 6.80 1.50 0.00 0.00 0.00 0.00 0.00 0.00 0.00
1.00 9.05 4.82 0.71 14.88 8.01 -0.30 1.09 0.00 0.00 0.00 0.00 0.00 0.00 0.00
1.00 -1.50 -2.03 -0.99 -3.57 -4.44 -1.25 -0.37 0.00 0.00 0.00 0.00 0.00 0.00 0.00
0 0 0 0 0 0 0 0 0 0 0 0 0 0 0
1.00 -1.87 -2.32 -1.12 -3.98 -4.90 -1.37 -0.43 0.00 0.00 0.00 0.00 0.00 0.00 0.00
0 0 0 0 0 0 0 0 0 0 0 0 0 0 0
1.00 -1.87 -2.32 -1.12 -3.98 -4.90 -1.37 -0.43 0.00 0.00 0.00 0.00 0.00 0.00 0.00
0 0 0 0 0 0 0 0 0 0 0 0 0 0 0
1.00 -2.88 -2.48 -1.19 -3.65 -4.74 -1.22 -0.47 0.00 0.00 0.00 0.00 0.00 0.00 0.00
0 0 0 0 0 0 0 0 0 0 0 0 0 0 0
1.00 -2.78 -2.19 -0.93 -3.52 -3.81 -0.88 -0.42 0.00 0.00 0.00 0.00 0.00 0.00 0.00
0 0 0 0 0 0 0 0 0 0 0 0 0 0 0
1.00 -0.92 -0.90 -0.58 -1.83 -2.15 -0.66 -0.22 0.00 0.00 0.00 0.00 0.00 0.00 0.00
0 0 0 0 0 0 0 0 0 0 0 0 0 0 0
1.00 -2.05 -1.69 -0.97 -2.34 -2.61 -0.83 -0.29 0.00 0.00 0.00 0.00 0.00 0.00 0.00
0 0 0 0 0 0 0 0 0 0 0 0 0 0 0
1.00 -1.45 -1.17 -0.58 -1.56 -1.68 -0.44 -0.20 0.00 0.00 0.00 0.00 0.00 0.00 0.00
0 0 0 0 0 0 0 0 0 0 0 0 0 0 0
1.00 -1.38 -1.09 -0.53 -1.43 -1.51 -0.39 -0.19 0.00 0.00 0.00 0.00 0.00 0.00 0.00
0 0 0 0 0 0 0 0 0 0 0 0 0 0 0
1.00 -1.03 -0.80 -0.35 -0.92 -1.12 -0.23 -0.13 0.00 0.00 0.00 0.00 0.00 0.00 0.00
0 0 0 0 0 0 0 0 0 0 0 0 0 0 0
1.00 -0.68 -0.61 -0.17 -0.56 -0.73 -0.23 -0.10 0.00 0.00 0.00 0.00 0.00 0.00 0.00
0 0 0 0 0 0 0 0 0 0 0 0 0 0 0
