1.00 4.55 8.87 7.98 -1.52 -2.95 1.23 0.19 0.00 0.00 0.00 0.00 0.00 0.00 0.00
1.00 8.34 4.28 -0.35 -2.42 -2.22 -0.26 0.09 0.00 0.00 0.00 0.00 0.00 0.00 0.00
1.00 -2.11 -2.87 -2.15 0.32 1.30 -0.27 -0.10 0.00 0.00 0.00 0.00 0.00 0.00 0.00
0 0 0 0 0 0 0 0 0 0 0 0 0 0 0
1.00 -3.22 -3.12 -2.01 0.96 1.45 0.01 -0.08 0.00 0.00 0.00 0.00 0.00 0.00 0.00
0 0 0 0 0 0 0 0 0 0 0 0 0 0 0
1.00 -3.22 -3.12 -2.01 0.96 1.45 0.01 -0.08 0.00 0.00 0.00 0.00 0.00 0.00 0.00
0 0 0 0 0 0 0 0 0 0 0 0 0 0 0
1.00 -2.16 -2.19 -1.51 1.03 1.22 -0.21 -0.07 0.00 0.00 0.00 0.00 0.00 0.00 0.00
0 0 0 0 0 0 0 0 0 0 0 0 0 0 0
1.00 -2.27 -2.27 -1.55 1.02 1.20 -0.22 -0.08 0.00 0.00 0.00 0.00 0.00 0.00 0.00
0 0 0 0 0 0 0 0 0 0 0 0 0 0 0
1.00 -2.01 -1.83 -1.15 0.65 0.94 -0.15 -0.06 0.00 0.00 0.00 0.00 0.00 0.00 0.00
0 0 0 0 0 0 0 0 0 0 0 0 0 0 0
1.00 -1.57 -1.70 -1.03 0.43 0.31 -0.18 -0.08 0.00 0.00 0.00 0.00 0.00 0.00 0.00
0 0 0 0 0 0 0 0 0 0 0 0 0 0 0
1.00 -1.31 -1.25 -0.70 0.19 0.24 -0.08 -0.07 0.00 0.00 0.00 0.00 0.00 0.00 0.00
0 0 0 0 0 0 0 0 0 0 0 0 0 0 0
1.00 -0.97 -0.84 -0.50 0.15 0.15 -0.06 -0.09 0.00 0.00 0.00 0.00 0.00 0.00 0.00
0 0 0 0 0 0 0 0 0 0 0 0 0 0 0
1.00 -0.80 -0.48 -0.42 -0.06 -0.08 -0.09 -0.09 0.00 0.00 0.00 0.00 0.00 0.00 0.00
0 0 0 0 0 0 0 0 0 0 0 0 0 0 0
1.00 -0.52 -0.27 -0.25 -0.10 -0.12 -0.06 -0.06 0.00 0.00 0.00 0.00 0.00 0.00 0.00
0 0 0 0 0 0 0 0 0 0 0 0 0 0 0
