1.00 -0.52 0.39 0.26 -0.40 -1.55 -0.90 -0.30 0.00 0.00 0.00 0.00 0.00 0.00 0.00
1.00 -0.48 0.39 0.26 -0.37 -1.42 -0.81 -0.28 0.00 0.00 0.00 0.00 0.00 0.00 0.00
1.00 0.11 0.26 0.09 -0.25 0.79 0.45 0.02 0.00 0.00 0.00 0.00 0.00 0.00 0.00
0 0 0 0 0 0 0 0 0 0 0 0 0 0 0
1.00 0.40 0.22 0.20 0.29 0.67 0.62 0.08 0.00 0.00 0.00 0.00 0.00 0.00 0.00
0 0 0 0 0 0 0 0 0 0 0 0 0 0 0
1.00 0.40 0.22 0.20 0.29 0.67 0.62 0.08 0.00 0.00 0.00 0.00 0.00 0.00 0.00
0 0 0 0 0 0 0 0 0 0 0 0 0 0 0
1.00 0.56 0.24 0.26 0.14 0.48 0.58 0.13 0.00 0.00 0.00 0.00 0.00 0.00 0.00
0 0 0 0 0 0 0 0 0 0 0 0 0 0 0
1.00 0.47 -0.16 -0.11 0.21 0.44 0.38 0.12 0.00 0.00 0.00 0.00 0.00 0.00 0.00
0 0 0 0 0 0 0 0 0 0 0 0 0 0 0
1.00 -0.02 -0.23 -0.08 -0.08 0.35 0.31 0.07 0.00 0.00 0.00 0.00 0.00 0.00 0.00
0 0 0 0 0 0 0 0 0 0 0 0 0 0 0
1.00 -0.03 -0.24 -0.10 -0.06 0.37 0.30 0.07 0.00 0.00 0.00 0.00 0.00 0.00 0.00
0 0 0 0 0 0 0 0 0 0 0 0 0 0 0
1.00 -0.01 -0.18 -0.03 0.02 0.35 0.15 0.06 0.00 0.00 0.00 0.00 0.00 0.00 0.00
0 0 0 0 0 0 0 0 0 0 0 0 0 0 0
1.00 0.11 -0.05 -0.12 0.15 0.24 0.06 0.06 0.00 0.00 0.00 0.00 0.00 0.00 0.00
0 0 0 0 0 0 0 0 0 0 0 0 0 0 0
1.00 -0.13 -0.23 -0.19 -0.05 0.02 -0.02 0.03 0.00 0.00 0.00 0.00 0.00 0.00 0.00
0 0 0 0 0 0 0 0 0 0 0 0 0 0 0
1.00 -0.12 0.01 0.00 -0.07 -0.03 0.10 0.03 0.00 0.00 0.00 0.00 0.00 0.00 0.00
0 0 0 0 0 0 0 0 0 0 0 0 0 0 0
