1.00 7.30 8.71 5.28 9.11 16.30 6.22 1.60 0.00 0.00 0.00 0.00 0.00 0.00 0.00
1.00 8.28 1.52 -0.75 13.96 0.64 -1.39 0.45 0.00 0.00 0.00 0.00 0.00 0.00 0.00
1.00 -3.26 -2.24 -1.26 -5.78 -4.31 -1.33 -0.56 0.00 0.00 0.00 0.00 0.00 0.00 0.00
0 0 0 0 0 0 0 0 0 0 0 0 0 0 0
1.00 -2.62 -1.78 -1.09 -3.70 -3.03 -1.08 -0.35 0.00 0.00 0.00 0.00 0.00 0.00 0.00
0 0 0 0 0 0 0 0 0 0 0 0 0 0 0
1.00 -2.62 -1.78 -1.09 -3.70 -3.03 -1.08 -0.35 0.00 0.00 0.00 0.00 0.00 0.00 0.00
0 0 0 0 0 0 0 0 0 0 0 0 0 0 0
1.00 -2.84 -1.91 -1.16 -4.01 -3.23 -1.13 -0.37 0.00 0.00 0.00 0.00 0.00 0.00 0.00
0 0 0 0 0 0 0 0 0 0 0 0 0 0 0
1.00 -2.70 -1.41 -0.77 -3.80 -2.75 -0.76 -0.27 0.00 0.00 0.00 0.00 0.00 0.00 0.00
0 0 0 0 0 0 0 0 0 0 0 0 0 0 0
1.00 -1.77 -1.12 -0.54 -2.98 -2.30 -0.67 -0.28 0.00 0.00 0.00 0.00 0.00 0.00 0.00
0 0 0 0 0 0 0 0 0 0 0 0 0 0 0
1.00 -1.38 -0.74 -0.52 -2.35 -1.76 -0.66 -0.19 0.00 0.00 0.00 0.00 0.00 0.00 0.00
0 0 0 0 0 0 0 0 0 0 0 0 0 0 0
1.00 -1.13 -0.69 -0.37 -1.91 -1.51 -0.51 -0.12 0.00 0.00 0.00 0.00 0.00 0.00 0.00
0 0 0 0 0 0 0 0 0 0 0 0 0 0 0
1.00 -0.80 -0.49 -0.28 -1.23 -1.03 -0.25 -0.08 0.00 0.00 0.00 0.00 0.00 0.00 0.00
0 0 0 0 0 0 0 0 0 0 0 0 0 0 0
1.00 -0.71 -0.45 -0.25 -1.05 -0.85 -0.19 -0.07 0.00 0.00 0.00 0.00 0.00 0.00 0.00
0 0 0 0 0 0 0 0 0 0 0 0 0 0 0
1.00 -0.41 -0.27 -0.17 -0.69 -0.38 -0.17 -0.07 0.00 0.00 0.00 0.00 0.00 0.00 0.00
0 0 0 0 0 0 0 0 0 0 0 0 0 0 0
