1.00 -0.56 0.38 0.50 -1.25 -0.79 -0.01 -0.30 0.00 0.00 0.00 0.00 0.00 0.00 0.00
1.00 0.49 0.47 0.30 1.04 0.57 0.17 0.08 0.00 0.00 0.00 0.00 0.00 0.00 0.00
1.00 0.47 0.43 0.26 1.01 0.60 0.20 0.09 0.00 0.00 0.00 0.00 0.00 0.00 0.00
0 0 0 0 0 0 0 0 0 0 0 0 0 0 0
1.00 0.51 0.37 0.31 -0.21 0.11 0.37 0.10 0.00 0.00 0.00 0.00 0.00 0.00 0.00
0 0 0 0 0 0 0 0 0 0 0 0 0 0 0
1.00 0.51 0.37 0.31 -0.21 0.11 0.37 0.10 0.00 0.00 0.00 0.00 0.00 0.00 0.00
0 0 0 0 0 0 0 0 0 0 0 0 0 0 0
1.00 0.46 0.36 0.20 -0.21 0.26 0.21 0.05 0.00 0.00 0.00 0.00 0.00 0.00 0.00
0 0 0 0 0 0 0 0 0 0 0 0 0 0 0
1.00 0.44 0.19 -0.03 -0.12 0.22 0.20 0.12 0.00 0.00 0.00 0.00 0.00 0.00 0.00
0 0 0 0 0 0 0 0 0 0 0 0 0 0 0
1.00 -0.01 -0.09 -0.09 -0.25 0.12 0.26 0.05 0.00 0.00 0.00 0.00 0.00 0.00 0.00
0 0 0 0 0 0 0 0 0 0 0 0 0 0 0
1.00 -0.08 -0.16 -0.14 -0.24 0.11 0.24 0.04 0.00 0.00 0.00 0.00 0.00 0.00 0.00
0 0 0 0 0 0 0 0 0 0 0 0 0 0 0
1.00 -0.11 -0.19 -0.00 0.03 0.06 0.12 0.03 0.00 0.00 0.00 0.00 0.00 0.00 0.00
0 0 0 0 0 0 0 0 0 0 0 0 0 0 0
1.00 -0.02 -0.01 -0.22 -0.04 0.36 0.13 0.04 0.00 0.00 0.00 0.00 0.00 0.00 0.00
0 0 0 0 0 0 0 0 0 0 0 0 0 0 0
1.00 -0.30 -0.48 -0.32 -0.05 -0.01 -0.05 -0.01 0.00 0.00 0.00 0.00 0.00 0.00 0.00
0 0 0 0 0 0 0 0 0 0 0 0 0 0 0
1.00 -0.46 -0.42 -0.36 -0.04 -0.04 -0.06 -0.05 0.00 0.00 0.00 0.00 0.00 0.00 0.00
0 0 0 0 0 0 0 0 0 0 0 0 0 0 0
