1.00 10.02 11.28 4.62 -2.62 -2.02 0.48 0.39 0.00 0.00 0.00 0.00 0.00 0.00 0.00
1.00 3.92 -1.56 -3.06 -2.08 -0.11 -0.59 -0.06 0.00 0.00 0.00 0.00 0.00 0.00 0.00
1.00 -2.14 -3.08 -3.79 0.17 0.19 -0.72 -0.14 0.00 0.00 0.00 0.00 0.00 0.00 0.00
0 0 0 0 0 0 0 0 0 0 0 0 0 0 0
1.00 -3.13 -3.10 -3.46 0.51 0.48 -0.55 -0.15 0.00 0.00 0.00 0.00 0.00 0.00 0.00
0 0 0 0 0 0 0 0 0 0 0 0 0 0 0
1.00 -3.13 -3.10 -3.46 0.51 0.48 -0.55 -0.15 0.00 0.00 0.00 0.00 0.00 0.00 0.00
0 0 0 0 0 0 0 0 0 0 0 0 0 0 0
1.00 -2.34 -2.21 -2.39 0.58 0.63 -0.24 -0.09 0.00 0.00 0.00 0.00 0.00 0.00 0.00
0 0 0 0 0 0 0 0 0 0 0 0 0 0 0
1.00 -2.44 -2.28 -2.41 0.65 0.67 -0.24 -0.09 0.00 0.00 0.00 0.00 0.00 0.00 0.00
0 0 0 0 0 0 0 0 0 0 0 0 0 0 0
1.00 -2.07 -1.94 -2.00 0.97 0.77 -0.25 -0.08 0.00 0.00 0.00 0.00 0.00 0.00 0.00
0 0 0 0 0 0 0 0 0 0 0 0 0 0 0
1.00 -1.85 -1.66 -1.53 0.67 0.62 -0.21 -0.08 0.00 0.00 0.00 0.00 0.00 0.00 0.00
0 0 0 0 0 0 0 0 0 0 0 0 0 0 0
1.00 -1.34 -1.20 -0.94 0.69 0.59 0.04 -0.01 0.00 0.00 0.00 0.00 0.00 0.00 0.00
0 0 0 0 0 0 0 0 0 0 0 0 0 0 0
1.00 -0.99 -0.96 -0.98 0.63 0.29 -0.23 -0.03 0.00 0.00 0.00 0.00 0.00 0.00 0.00
0 0 0 0 0 0 0 0 0 0 0 0 0 0 0
1.00 -0.78 -0.68 -0.42 0.30 0.24 0.07 -0.05 0.00 0.00 0.00 0.00 0.00 0.00 0.00
0 0 0 0 0 0 0 0 0 0 0 0 0 0 0
1.00 -0.60 -0.49 -0.21 0.25 0.18 0.09 -0.04 0.00 0.00 0.00 0.00 0.00 0.00 0.00
0 0 0 0 0 0 0 0 0 0 0 0 0 0 0
