1.00 1.04 0.79 -0.32 0.14 0.27 0.21 0.05 0.00 0.00 0.00 0.00 0.00 0.00 0.00
1.00 0.17 -0.10 -0.08 0.67 0.65 0.72 0.11 0.00 0.00 0.00 0.00 0.00 0.00 0.00
1.00 0.49 -0.41 -0.37 0.16 0.46 0.50 0.13 0.00 0.00 0.00 0.00 0.00 0.00 0.00
0 0 0 0 0 0 0 0 0 0 0 0 0 0 0
1.00 -0.06 -0.57 -0.34 -0.15 0.29 0.35 0.07 0.00 0.00 0.00 0.00 0.00 0.00 0.00
0 0 0 0 0 0 0 0 0 0 0 0 0 0 0
1.00 -0.06 -0.57 -0.34 -0.15 0.29 0.35 0.07 0.00 0.00 0.00 0.00 0.00 0.00 0.00
0 0 0 0 0 0 0 0 0 0 0 0 0 0 0
1.00 0.01 -0.61 -0.30 -0.11 0.21 0.22 0.06 0.00 0.00 0.00 0.00 0.00 0.00 0.00
0 0 0 0 0 0 0 0 0 0 0 0 0 0 0
1.00 -0.06 -0.54 -0.27 -0.10 0.16 0.16 0.04 0.00 0.00 0.00 0.00 0.00 0.00 0.00
0 0 0 0 0 0 0 0 0 0 0 0 0 0 0
1.00 -0.28 -0.45 -0.32 -0.43 -0.22 -0.04 -0.03 0.00 0.00 0.00 0.00 0.00 0.00 0.00
0 0 0 0 0 0 0 0 0 0 0 0 0 0 0
1.00 -0.27 -0.55 -0.27 -0.59 -0.44 -0.08 -0.06 0.00 0.00 0.00 0.00 0.00 0.00 0.00
0 0 0 0 0 0 0 0 0 0 0 0 0 0 0
1.00 -0.24 -0.28 -0.15 -0.25 -0.20 -0.11 -0.04 0.00 0.00 0.00 0.00 0.00 0.00 0.00
0 0 0 0 0 0 0 0 0 0 0 0 0 0 0
1.00 -0.24 -0.22 -0.23 -0.19 -0.21 -0.14 -0.07 0.00 0.00 0.00 0.00 0.00 0.00 0.00
0 0 0 0 0 0 0 0 0 0 0 0 0 0 0
1.00 -0.23 -0.29 -0.18 -0.22 -0.19 -0.08 -0.08 0.00 0.00 0.00 0.00 0.00 0.00 0.00
0 0 0 0 0 0 0 0 0 0 0 0 0 0 0
1.00 -0.26 -0.27 -0.18 -0.16 -0.15 -0.09 -0.07 0.00 0.00 0.00 0.00 0.00 0.00 0.00
0 0 0 0 0 0 0 0 0 0 0 0 0 0 0
