1.00 3.98 8.75 8.69 -1.63 -2.66 1.52 0.21 0.00 0.00 0.00 0.00 0.00 0.00 0.00
1.00 10.09 8.52 1.90 -2.11 -2.04 -0.10 0.33 0.00 0.00 0.00 0.00 0.00 0.00 0.00
1.00 -1.44 -3.24 -2.26 -0.78 0.12 -0.44 -0.14 0.00 0.00 0.00 0.00 0.00 0.00 0.00
0 0 0 0 0 0 0 0 0 0 0 0 0 0 0
1.00 -1.83 -3.59 -2.49 -0.61 0.26 -0.46 -0.15 0.00 0.00 0.00 0.00 0.00 0.00 0.00
0 0 0 0 0 0 0 0 0 0 0 0 0 0 0
1.00 -1.83 -3.59 -2.49 -0.61 0.26 -0.46 -0.15 0.00 0.00 0.00 0.00 0.00 0.00 0.00
0 0 0 0 0 0 0 0 0 0 0 0 0 0 0
1.00 -3.53 -3.40 -2.43 0.59 1.04 -0.40 -0.12 0.00 0.00 0.00 0.00 0.00 0.00 0.00
0 0 0 0 0 0 0 0 0 0 0 0 0 0 0
1.00 -3.44 -3.38 -2.23 0.78 1.06 -0.25 -0.14 0.00 0.00 0.00 0.00 0.00 0.00 0.00
0 0 0 0 0 0 0 0 0 0 0 0 0 0 0
1.00 -2.83 -2.52 -1.74 1.08 1.14 -0.12 -0.10 0.00 0.00 0.00 0.00 0.00 0.00 0.00
0 0 0 0 0 0 0 0 0 0 0 0 0 0 0
1.00 -2.21 -1.96 -1.32 1.10 1.05 -0.09 -0.07 0.00 0.00 0.00 0.00 0.00 0.00 0.00
0 0 0 0 0 0 0 0 0 0 0 0 0 0 0
1.00 -1.36 -1.32 -0.93 0.77 0.62 -0.11 0.01 0.00 0.00 0.00 0.00 0.00 0.00 0.00
0 0 0 0 0 0 0 0 0 0 0 0 0 0 0
1.00 -1.21 -1.16 -0.81 0.75 0.56 -0.09 0.02 0.00 0.00 0.00 0.00 0.00 0.00 0.00
0 0 0 0 0 0 0 0 0 0 0 0 0 0 0
1.00 -0.91 -0.81 -0.46 0.43 0.36 -0.10 -0.03 0.00 0.00 0.00 0.00 0.00 0.00 0.00
0 0 0 0 0 0 0 0 0 0 0 0 0 0 0
1.00 -0.64 -0.29 -0.25 0.34 0.40 -0.00 0.03 0.00 0.00 0.00 0.00 0.00 0.00 0.00
0 0 0 0 0 0 0 0 0 0 0 0 0 0 0
