1.00 11.36 7.81 1.82 17.86 16.44 1.33 1.73 0.00 0.00 0.00 0.00 0.00 0.00 0.00
1.00 -1.15 -2.44 -1.55 -4.09 -5.06 -1.76 -0.53 0.00 0.00 0.00 0.00 0.00 0.00 0.00
1.00 -2.44 -2.58 -1.25 -3.90 -4.46 -1.43 -0.43 0.00 0.00 0.00 0.00 0.00 0.00 0.00
0 0 0 0 0 0 0 0 0 0 0 0 0 0 0
1.00 -1.60 -1.60 -0.97 -2.50 -2.90 -1.07 -0.27 0.00 0.00 0.00 0.00 0.00 0.00 0.00
0 0 0 0 0 0 0 0 0 0 0 0 0 0 0
1.00 -1.60 -1.60 -0.97 -2.50 -2.90 -1.07 -0.27 0.00 0.00 0.00 0.00 0.00 0.00 0.00
0 0 0 0 0 0 0 0 0 0 0 0 0 0 0
1.00 -1.73 -1.70 -1.02 -2.65 -3.05 -1.11 -0.29 0.00 0.00 0.00 0.00 0.00 0.00 0.00
0 0 0 0 0 0 0 0 0 0 0 0 0 0 0
1.00 -1.45 -1.50 -0.83 -2.18 -2.53 -0.89 -0.26 0.00 0.00 0.00 0.00 0.00 0.00 0.00
0 0 0 0 0 0 0 0 0 0 0 0 0 0 0
1.00 -1.31 -1.20 -0.62 -1.97 -2.01 -0.68 -0.21 0.00 0.00 0.00 0.00 0.00 0.00 0.00
0 0 0 0 0 0 0 0 0 0 0 0 0 0 0
1.00 -0.89 -0.86 -0.40 -1.46 -1.40 -0.49 -0.12 0.00 0.00 0.00 0.00 0.00 0.00 0.00
0 0 0 0 0 0 0 0 0 0 0 0 0 0 0
1.00 -0.80 -0.75 -0.33 -0.97 -1.09 -0.34 -0.13 0.00 0.00 0.00 0.00 0.00 0.00 0.00
0 0 0 0 0 0 0 0 0 0 0 0 0 0 0
1.00 -0.73 -0.66 -0.29 -0.85 -0.94 -0.28 -0.12 0.00 0.00 0.00 0.00 0.00 0.00 0.00
0 0 0 0 0 0 0 0 0 0 0 0 0 0 0
1.00 -0.48 -0.30 -0.22 -0.64 -0.68 -0.21 -0.11 0.00 0.00 0.00 0.00 0.00 0.00 0.00
0 0 0 0 0 0 0 0 0 0 0 0 0 0 0
1.00 -0.24 -0.18 -0.19 -0.49 -0.32 -0.17 -0.09 0.00 0.00 0.00 0.00 0.00 0.00 0.00
0 0 0 0 0 0 0 0 0 0 0 0 0 0 0
