1.00 9.05 9.60 4.41 -2.12 -1.63 0.58 0.39 0.00 0.00 0.00 0.00 0.00 0.00 0.00
1.00 2.78 -2.79 -4.21 -1.64 0.39 -0.63 0.10 0.00 0.00 0.00 0.00 0.00 0.00 0.00
1.00 -3.35 -3.53 -3.33 0.91 1.03 -0.19 -0.15 0.00 0.00 0.00 0.00 0.00 0.00 0.00
0 0 0 0 0 0 0 0 0 0 0 0 0 0 0
1.00 -2.71 -2.94 -3.07 1.12 0.95 -0.48 -0.10 0.00 0.00 0.00 0.00 0.00 0.00 0.00
0 0 0 0 0 0 0 0 0 0 0 0 0 0 0
1.00 -2.71 -2.94 -3.07 1.12 0.95 -0.48 -0.10 0.00 0.00 0.00 0.00 0.00 0.00 0.00
0 0 0 0 0 0 0 0 0 0 0 0 0 0 0
1.00 -2.05 -2.10 -2.10 0.53 0.64 -0.33 -0.03 0.00 0.00 0.00 0.00 0.00 0.00 0.00
0 0 0 0 0 0 0 0 0 0 0 0 0 0 0
1.00 -2.08 -2.11 -2.08 0.55 0.63 -0.34 -0.04 0.00 0.00 0.00 0.00 0.00 0.00 0.00
0 0 0 0 0 0 0 0 0 0 0 0 0 0 0
1.00 -1.84 -1.71 -1.65 0.44 0.32 -0.37 -0.19 0.00 0.00 0.00 0.00 0.00 0.00 0.00
0 0 0 0 0 0 0 0 0 0 0 0 0 0 0
1.00 -1.20 -1.20 -1.27 0.69 0.44 -0.14 0.06 0.00 0.00 0.00 0.00 0.00 0.00 0.00
0 0 0 0 0 0 0 0 0 0 0 0 0 0 0
1.00 -1.08 -1.11 -0.82 0.36 0.22 0.14 -0.14 0.00 0.00 0.00 0.00 0.00 0.00 0.00
0 0 0 0 0 0 0 0 0 0 0 0 0 0 0
1.00 -0.59 -0.84 -0.71 0.34 0.08 -0.20 -0.11 0.00 0.00 0.00 0.00 0.00 0.00 0.00
0 0 0 0 0 0 0 0 0 0 0 0 0 0 0
1.00 -0.36 -0.53 -0.41 0.23 0.02 -0.14 -0.08 0.00 0.00 0.00 0.00 0.00 0.00 0.00
0 0 0 0 0 0 0 0 0 0 0 0 0 0 0
1.00 -0.60 -0.21 -0.19 -0.06 0.17 0.03 -0.04 0.00 0.00 0.00 0.00 0.00 0.00 0.00
0 0 0 0 0 0 0 0 0 0 0 0 0 0 0
