1.00 0.37 1.88 2.34 -0.98 -2.14 -0.77 -0.14 0.00 0.00 0.00 0.00 0.00 0.00 0.00
1.00 1.60 1.21 0.12 -0.51 0.13 0.06 -0.05 0.00 0.00 0.00 0.00 0.00 0.00 0.00
1.00 0.45 0.02 -0.17 0.59 0.07 0.15 0.07 0.00 0.00 0.00 0.00 0.00 0.00 0.00
0 0 0 0 0 0 0 0 0 0 0 0 0 0 0
1.00 0.09 -0.13 -0.24 0.11 0.47 0.22 0.05 0.00 0.00 0.00 0.00 0.00 0.00 0.00
0 0 0 0 0 0 0 0 0 0 0 0 0 0 0
1.00 0.09 -0.13 -0.24 0.11 0.47 0.22 0.05 0.00 0.00 0.00 0.00 0.00 0.00 0.00
0 0 0 0 0 0 0 0 0 0 0 0 0 0 0
1.00 -0.01 -0.31 -0.17 -0.01 0.14 0.09 0.00 0.00 0.00 0.00 0.00 0.00 0.00 0.00
0 0 0 0 0 0 0 0 0 0 0 0 0 0 0
1.00 -0.10 -0.40 -0.25 0.01 0.17 0.10 0.00 0.00 0.00 0.00 0.00 0.00 0.00 0.00
0 0 0 0 0 0 0 0 0 0 0 0 0 0 0
1.00 -0.15 -0.38 -0.56 -0.08 0.12 0.04 0.01 0.00 0.00 0.00 0.00 0.00 0.00 0.00
0 0 0 0 0 0 0 0 0 0 0 0 0 0 0
1.00 -0.50 -0.49 -0.36 -0.00 0.13 0.15 0.00 0.00 0.00 0.00 0.00 0.00 0.00 0.00
0 0 0 0 0 0 0 0 0 0 0 0 0 0 0
1.00 -0.39 -0.55 -0.24 0.13 0.05 0.20 -0.02 0.00 0.00 0.00 0.00 0.00 0.00 0.00
0 0 0 0 0 0 0 0 0 0 0 0 0 0 0
1.00 -0.28 -0.23 -0.32 0.02 0.12 -0.03 0.08 0.00 0.00 0.00 0.00 0.00 0.00 0.00
0 0 0 0 0 0 0 0 0 0 0 0 0 0 0
1.00 -0.31 -0.29 -0.19 -0.02 -0.01 0.08 0.01 0.00 0.00 0.00 0.00 0.00 0.00 0.00
0 0 0 0 0 0 0 0 0 0 0 0 0 0 0
1.00 -0.33 -0.30 -0.20 -0.01 0.01 0.07 0.01 0.00 0.00 0.00 0.00 0.00 0.00 0.00
0 0 0 0 0 0 0 0 0 0 0 0 0 0 0
