1.00 11.31 5.91 1.91 18.07 11.37 1.59 1.45 0.00 0.00 0.00 0.00 0.00 0.00 0.00
1.00 -0.04 -1.57 -1.24 -2.71 -3.95 -1.54 -0.45 0.00 0.00 0.00 0.00 0.00 0.00 0.00
1.00 -1.98 -1.61 -1.19 -3.26 -2.83 -1.29 -0.33 0.00 0.00 0.00 0.00 0.00 0.00 0.00
0 0 0 0 0 0 0 0 0 0 0 0 0 0 0
1.00 -2.20 -1.76 -1.27 -3.55 -3.06 -1.39 -0.35 0.00 0.00 0.00 0.00 0.00 0.00 0.00
0 0 0 0 0 0 0 0 0 0 0 0 0 0 0
1.00 -2.20 -1.76 -1.27 -3.55 -3.06 -1.39 -0.35 0.00 0.00 0.00 0.00 0.00 0.00 0.00
0 0 0 0 0 0 0 0 0 0 0 0 0 0 0
1.00 -2.04 -1.61 -1.04 -3.24 -2.76 -1.20 -0.35 0.00 0.00 0.00 0.00 0.00 0.00 0.00
0 0 0 0 0 0 0 0 0 0 0 0 0 0 0
1.00 -1.82 -1.27 -0.77 -2.63 -2.14 -0.82 -0.25 0.00 0.00 0.00 0.00 0.00 0.00 0.00
0 0 0 0 0 0 0 0 0 0 0 0 0 0 0
1.00 -1.38 -1.15 -0.94 -1.77 -1.79 -0.86 -0.06 0.00 0.00 0.00 0.00 0.00 0.00 0.00
0 0 0 0 0 0 0 0 0 0 0 0 0 0 0
1.00 -1.46 -0.97 -0.47 -1.96 -1.54 -0.45 -0.20 0.00 0.00 0.00 0.00 0.00 0.00 0.00
0 0 0 0 0 0 0 0 0 0 0 0 0 0 0
1.00 -0.88 -0.56 -0.37 -1.26 -1.01 -0.44 -0.18 0.00 0.00 0.00 0.00 0.00 0.00 0.00
0 0 0 0 0 0 0 0 0 0 0 0 0 0 0
1.00 -0.79 -0.49 -0.31 -1.10 -0.86 -0.38 -0.16 0.00 0.00 0.00 0.00 0.00 0.00 0.00
0 0 0 0 0 0 0 0 0 0 0 0 0 0 0
1.00 -0.43 -0.36 -0.47 -0.66 -0.63 -0.42 0.12 0.00 0.00 0.00 0.00 0.00 0.00 0.00
0 0 0 0 0 0 0 0 0 0 0 0 0 0 0
1.00 -0.64 -0.42 -0.22 -0.66 -0.46 -0.22 -0.13 0.00 0.00 0.00 0.00 0.00 0.00 0.00
0 0 0 0 0 0 0 0 0 0 0 0 0 0 0
