1.00 2.44 8.34 8.85 -0.95 -2.55 1.71 0.16 0.00 0.00 0.00 0.00 0.00 0.00 0.00
1.00 10.84 8.87 1.58 -1.55 -1.91 -0.41 0.37 0.00 0.00 0.00 0.00 0.00 0.00 0.00
1.00 -2.08 -4.67 -3.07 -0.86 0.47 -0.58 -0.24 0.00 0.00 0.00 0.00 0.00 0.00 0.00
0 0 0 0 0 0 0 0 0 0 0 0 0 0 0
1.00 -3.54 -4.13 -2.72 0.39 1.05 -0.39 -0.18 0.00 0.00 0.00 0.00 0.00 0.00 0.00
0 0 0 0 0 0 0 0 0 0 0 0 0 0 0
1.00 -3.54 -4.13 -2.72 0.39 1.05 -0.39 -0.18 0.00 0.00 0.00 0.00 0.00 0.00 0.00
0 0 0 0 0 0 0 0 0 0 0 0 0 0 0
1.00 -2.26 -2.63 -1.84 0.72 0.96 -0.15 -0.07 0.00 0.00 0.00 0.00 0.00 0.00 0.00
0 0 0 0 0 0 0 0 0 0 0 0 0 0 0
1.00 -2.33 -2.69 -1.86 0.77 0.98 -0.14 -0.06 0.00 0.00 0.00 0.00 0.00 0.00 0.00
0 0 0 0 0 0 0 0 0 0 0 0 0 0 0
1.00 -2.01 -2.26 -1.40 0.59 0.77 -0.14 -0.02 0.00 0.00 0.00 0.00 0.00 0.00 0.00
0 0 0 0 0 0 0 0 0 0 0 0 0 0 0
1.00 -1.64 -1.76 -1.15 0.49 0.56 -0.06 -0.01 0.00 0.00 0.00 0.00 0.00 0.00 0.00
0 0 0 0 0 0 0 0 0 0 0 0 0 0 0
1.00 -1.23 -1.21 -0.82 0.60 0.48 -0.13 -0.02 0.00 0.00 0.00 0.00 0.00 0.00 0.00
0 0 0 0 0 0 0 0 0 0 0 0 0 0 0
1.00 -0.94 -1.02 -0.58 0.31 0.21 -0.02 -0.02 0.00 0.00 0.00 0.00 0.00 0.00 0.00
0 0 0 0 0 0 0 0 0 0 0 0 0 0 0
1.00 -0.68 -0.80 -0.51 0.33 0.18 0.00 0.02 0.00 0.00 0.00 0.00 0.00 0.00 0.00
0 0 0 0 0 0 0 0 0 0 0 0 0 0 0
1.00 -0.40 -0.48 -0.29 0.23 0.10 0.01 0.02 0.00 0.00 0.00 0.00 0.00 0.00 0.00
0 0 0 0 0 0 0 0 0 0 0 0 0 0 0
