1.00 9.71 12.32 8.70 0.75 0.02 1.32 0.55 0.00 0.00 0.00 0.00 0.00 0.00 0.00
1.00 7.90 4.91 -0.93 0.06 -0.32 -0.17 0.21 0.00 0.00 0.00 0.00 0.00 0.00 0.00
1.00 -1.96 -2.44 -2.02 0.02 0.06 -0.40 -0.11 0.00 0.00 0.00 0.00 0.00 0.00 0.00
0 0 0 0 0 0 0 0 0 0 0 0 0 0 0
1.00 -2.41 -2.89 -2.31 -0.03 0.06 -0.47 -0.14 0.00 0.00 0.00 0.00 0.00 0.00 0.00
0 0 0 0 0 0 0 0 0 0 0 0 0 0 0
1.00 -2.41 -2.89 -2.31 -0.03 0.06 -0.47 -0.14 0.00 0.00 0.00 0.00 0.00 0.00 0.00
0 0 0 0 0 0 0 0 0 0 0 0 0 0 0
1.00 -2.80 -3.34 -2.47 -0.43 -0.07 -0.67 -0.17 0.00 0.00 0.00 0.00 0.00 0.00 0.00
0 0 0 0 0 0 0 0 0 0 0 0 0 0 0
1.00 -3.40 -3.23 -2.18 -0.58 -0.18 -0.52 -0.18 0.00 0.00 0.00 0.00 0.00 0.00 0.00
0 0 0 0 0 0 0 0 0 0 0 0 0 0 0
1.00 -2.91 -2.69 -1.83 -0.47 -0.21 -0.38 -0.13 0.00 0.00 0.00 0.00 0.00 0.00 0.00
0 0 0 0 0 0 0 0 0 0 0 0 0 0 0
1.00 -2.47 -2.30 -1.62 -0.25 -0.14 -0.37 -0.10 0.00 0.00 0.00 0.00 0.00 0.00 0.00
0 0 0 0 0 0 0 0 0 0 0 0 0 0 0
1.00 -1.71 -1.68 -1.03 -0.39 -0.36 -0.21 -0.12 0.00 0.00 0.00 0.00 0.00 0.00 0.00
0 0 0 0 0 0 0 0 0 0 0 0 0 0 0
1.00 -1.61 -1.59 -0.95 -0.34 -0.32 -0.19 -0.11 0.00 0.00 0.00 0.00 0.00 0.00 0.00
0 0 0 0 0 0 0 0 0 0 0 0 0 0 0
1.00 -1.17 -1.15 -0.83 -0.26 0.01 -0.31 -0.07 0.00 0.00 0.00 0.00 0.00 0.00 0.00
0 0 0 0 0 0 0 0 0 0 0 0 0 0 0
1.00 -0.82 -0.91 -0.53 -0.14 -0.10 -0.24 -0.08 0.00 0.00 0.00 0.00 0.00 0.00 0.00
0 0 0 0 0 0 0 0 0 0 0 0 0 0 0
