1.00 0.63 1.36 5.64 -0.08 -0.55 0.88 -0.06 0.00 0.00 0.00 0.00 0.00 0.00 0.00
1.00 0.47 1.01 4.21 -0.08 -0.42 0.64 -0.05 0.00 0.00 0.00 0.00 0.00 0.00 0.00
1.00 9.09 11.58 4.76 -2.11 -1.34 0.53 0.59 0.00 0.00 0.00 0.00 0.00 0.00 0.00
0 0 0 0 0 0 0 0 0 0 0 0 0 0 0
1.00 2.50 -2.16 -4.06 -2.10 -0.44 -0.73 -0.23 0.00 0.00 0.00 0.00 0.00 0.00 0.00
0 0 0 0 0 0 0 0 0 0 0 0 0 0 0
1.00 2.50 -2.16 -4.06 -2.10 -0.44 -0.73 -0.23 0.00 0.00 0.00 0.00 0.00 0.00 0.00
0 0 0 0 0 0 0 0 0 0 0 0 0 0 0
1.00 -3.27 -3.45 -3.75 1.00 0.90 -0.58 -0.01 0.00 0.00 0.00 0.00 0.00 0.00 0.00
0 0 0 0 0 0 0 0 0 0 0 0 0 0 0
1.00 -2.36 -2.45 -2.59 1.16 0.85 -0.32 -0.13 0.00 0.00 0.00 0.00 0.00 0.00 0.00
0 0 0 0 0 0 0 0 0 0 0 0 0 0 0
1.00 -2.51 -2.55 -2.64 1.15 0.84 -0.34 -0.14 0.00 0.00 0.00 0.00 0.00 0.00 0.00
0 0 0 0 0 0 0 0 0 0 0 0 0 0 0
1.00 -2.53 -1.97 -2.12 0.54 0.76 -0.34 0.04 0.00 0.00 0.00 0.00 0.00 0.00 0.00
0 0 0 0 0 0 0 0 0 0 0 0 0 0 0
1.00 -1.87 -1.56 -1.60 0.46 0.41 -0.29 -0.14 0.00 0.00 0.00 0.00 0.00 0.00 0.00
0 0 0 0 0 0 0 0 0 0 0 0 0 0 0
1.00 -1.48 -1.33 -1.06 0.25 0.28 0.03 -0.12 0.00 0.00 0.00 0.00 0.00 0.00 0.00
0 0 0 0 0 0 0 0 0 0 0 0 0 0 0
1.00 -1.11 -1.24 -1.06 0.10 -0.15 -0.40 -0.15 0.00 0.00 0.00 0.00 0.00 0.00 0.00
0 0 0 0 0 0 0 0 0 0 0 0 0 0 0
1.00 -0.75 -0.67 -0.43 0.04 -0.04 0.00 -0.08 0.00 0.00 0.00 0.00 0.00 0.00 0.00
0 0 0 0 0 0 0 0 0 0 0 0 0 0 0
