1.00 1.50 2.08 0.66 -1.07 -1.00 0.15 -0.20 0.00 0.00 0.00 0.00 0.00 0.00 0.00
1.00 0.49 -0.15 0.03 0.68 0.77 0.48 0.09 0.00 0.00 0.00 0.00 0.00 0.00 0.00
1.00 0.24 0.06 -0.08 0.47 0.96 0.56 0.18 0.00 0.00 0.00 0.00 0.00 0.00 0.00
0 0 0 0 0 0 0 0 0 0 0 0 0 0 0
1.00 0.19 -0.02 -0.07 0.33 0.48 0.44 0.11 0.00 0.00 0.00 0.00 0.00 0.00 0.00
0 0 0 0 0 0 0 0 0 0 0 0 0 0 0
1.00 0.19 -0.02 -0.07 0.33 0.48 0.44 0.11 0.00 0.00 0.00 0.00 0.00 0.00 0.00
0 0 0 0 0 0 0 0 0 0 0 0 0 0 0
1.00 0.10 -0.12 -0.15 0.31 0.49 0.43 0.11 0.00 0.00 0.00 0.00 0.00 0.00 0.00
0 0 0 0 0 0 0 0 0 0 0 0 0 0 0
1.00 -0.10 -0.26 -0.43 0.23 0.37 0.19 0.08 0.00 0.00 0.00 0.00 0.00 0.00 0.00
0 0 0 0 0 0 0 0 0 0 0 0 0 0 0
1.00 -0.02 -0.09 -0.07 -0.22 0.00 0.10 0.03 0.00 0.00 0.00 0.00 0.00 0.00 0.00
0 0 0 0 0 0 0 0 0 0 0 0 0 0 0
1.00 -0.09 -0.18 -0.06 -0.25 0.17 0.20 -0.00 0.00 0.00 0.00 0.00 0.00 0.00 0.00
0 0 0 0 0 0 0 0 0 0 0 0 0 0 0
1.00 -0.20 -0.29 -0.40 -0.06 0.16 0.00 0.03 0.00 0.00 0.00 0.00 0.00 0.00 0.00
0 0 0 0 0 0 0 0 0 0 0 0 0 0 0
1.00 -0.30 -0.29 -0.23 -0.03 0.02 -0.01 -0.02 0.00 0.00 0.00 0.00 0.00 0.00 0.00
0 0 0 0 0 0 0 0 0 0 0 0 0 0 0
1.00 -0.35 -0.33 -0.26 -0.03 -0.00 -0.04 -0.03 0.00 0.00 0.00 0.00 0.00 0.00 0.00
0 0 0 0 0 0 0 0 0 0 0 0 0 0 0
1.00 -0.27 -0.17 -0.07 -0.01 0.24 0.04 0.02 0.00 0.00 0.00 0.00 0.00 0.00 0.00
0 0 0 0 0 0 0 0 0 0 0 0 0 0 0
