1.00 6.85 8.32 5.10 7.53 15.28 6.04 1.50 0.00 0.00 0.00 0.00 0.00 0.00 0.00
1.00 7.94 2.19 -0.33 12.89 1.01 -1.35 0.54 0.00 0.00 0.00 0.00 0.00 0.00 0.00
1.00 -2.15 -1.54 -0.99 -4.17 -3.44 -1.14 -0.38 0.00 0.00 0.00 0.00 0.00 0.00 0.00
0 0 0 0 0 0 0 0 0 0 0 0 0 0 0
1.00 -2.48 -1.76 -1.11 -4.55 -3.72 -1.23 -0.42 0.00 0.00 0.00 0.00 0.00 0.00 0.00
0 0 0 0 0 0 0 0 0 0 0 0 0 0 0
1.00 -2.48 -1.76 -1.11 -4.55 -3.72 -1.23 -0.42 0.00 0.00 0.00 0.00 0.00 0.00 0.00
0 0 0 0 0 0 0 0 0 0 0 0 0 0 0
1.00 -2.77 -1.91 -1.16 -3.69 -2.81 -0.96 -0.33 0.00 0.00 0.00 0.00 0.00 0.00 0.00
0 0 0 0 0 0 0 0 0 0 0 0 0 0 0
1.00 -2.64 -1.82 -0.94 -3.12 -2.40 -0.82 -0.30 0.00 0.00 0.00 0.00 0.00 0.00 0.00
0 0 0 0 0 0 0 0 0 0 0 0 0 0 0
1.00 -2.07 -1.34 -0.84 -2.26 -1.87 -0.70 -0.24 0.00 0.00 0.00 0.00 0.00 0.00 0.00
0 0 0 0 0 0 0 0 0 0 0 0 0 0 0
1.00 -1.57 -1.06 -0.64 -1.87 -1.38 -0.53 -0.16 0.00 0.00 0.00 0.00 0.00 0.00 0.00
0 0 0 0 0 0 0 0 0 0 0 0 0 0 0
1.00 -1.19 -0.90 -0.52 -1.30 -1.16 -0.34 -0.15 0.00 0.00 0.00 0.00 0.00 0.00 0.00
0 0 0 0 0 0 0 0 0 0 0 0 0 0 0
1.00 -1.10 -0.84 -0.47 -1.19 -1.05 -0.30 -0.13 0.00 0.00 0.00 0.00 0.00 0.00 0.00
0 0 0 0 0 0 0 0 0 0 0 0 0 0 0
1.00 -0.78 -0.39 -0.30 -0.78 -0.66 -0.19 -0.08 0.00 0.00 0.00 0.00 0.00 0.00 0.00
0 0 0 0 0 0 0 0 0 0 0 0 0 0 0
1.00 -0.45 -0.20 -0.16 -0.51 -0.31 -0.15 -0.02 0.00 0.00 0.00 0.00 0.00 0.00 0.00
0 0 0 0 0 0 0 0 0 0 0 0 0 0 0
