1.00 0.30 0.28 0.25 0.03 0.17 0.01 0.04 0.00 0.00 0.00 0.00 0.00 0.00 0.00
1.00 0.27 -0.01 -0.00 0.15 -0.17 0.02 -0.01 0.00 0.00 0.00 0.00 0.00 0.00 0.00
1.00 0.24 0.19 -0.01 -0.11 -0.01 -0.07 0.00 0.00 0.00 0.00 0.00 0.00 0.00 0.00
0 0 0 0 0 0 0 0 0 0 0 0 0 0 0
1.00 0.31 0.28 0.05 0.04 0.08 -0.04 0.03 0.00 0.00 0.00 0.00 0.00 0.00 0.00
0 0 0 0 0 0 0 0 0 0 0 0 0 0 0
1.00 0.31 0.28 0.05 0.04 0.08 -0.04 0.03 0.00 0.00 0.00 0.00 0.00 0.00 0.00
0 0 0 0 0 0 0 0 0 0 0 0 0 0 0
1.00 0.24 0.06 0.14 0.15 -0.19 -0.06 0.03 0.00 0.00 0.00 0.00 0.00 0.00 0.00
0 0 0 0 0 0 0 0 0 0 0 0 0 0 0
1.00 0.20 0.49 1.64 -0.23 -0.26 0.22 -0.01 0.00 0.00 0.00 0.00 0.00 0.00 0.00
0 0 0 0 0 0 0 0 0 0 0 0 0 0 0
1.00 0.17 0.45 1.50 -0.22 -0.25 0.21 -0.01 0.00 0.00 0.00 0.00 0.00 0.00 0.00
0 0 0 0 0 0 0 0 0 0 0 0 0 0 0
1.00 6.24 11.34 8.81 -2.24 -2.15 1.73 0.26 0.00 0.00 0.00 0.00 0.00 0.00 0.00
0 0 0 0 0 0 0 0 0 0 0 0 0 0 0
1.00 8.84 1.41 -2.76 -1.56 -2.07 -0.76 0.07 0.00 0.00 0.00 0.00 0.00 0.00 0.00
0 0 0 0 0 0 0 0 0 0 0 0 0 0 0
1.00 -4.23 -3.80 -2.88 0.24 0.82 -0.48 -0.15 0.00 0.00 0.00 0.00 0.00 0.00 0.00
0 0 0 0 0 0 0 0 0 0 0 0 0 0 0
1.00 -3.46 -3.27 -2.47 1.21 1.34 -0.25 -0.07 0.00 0.00 0.00 0.00 0.00 0.00 0.00
0 0 0 0 0 0 0 0 0 0 0 0 0 0 0
1.00 -2.39 -2.11 -1.48 1.02 1.10 0.05 -0.00 0.00 0.00 0.00 0.00 0.00 0.00 0.00
0 0 0 0 0 0 0 0 0 0 0 0 0 0 0
