1.00 0.71 6.03 6.48 -0.38 -1.99 1.10 0.10 0.00 0.00 0.00 0.00 0.00 0.00 0.00
1.00 0.70 5.60 6.01 -0.35 -1.85 1.03 0.10 0.00 0.00 0.00 0.00 0.00 0.00 0.00
1.00 10.06 6.12 1.09 -1.80 -1.77 -0.28 0.22 0.00 0.00 0.00 0.00 0.00 0.00 0.00
0 0 0 0 0 0 0 0 0 0 0 0 0 0 0
1.00 -0.34 -4.83 -4.10 -0.45 1.54 -0.43 -0.12 0.00 0.00 0.00 0.00 0.00 0.00 0.00
0 0 0 0 0 0 0 0 0 0 0 0 0 0 0
1.00 -0.34 -4.83 -4.10 -0.45 1.54 -0.43 -0.12 0.00 0.00 0.00 0.00 0.00 0.00 0.00
0 0 0 0 0 0 0 0 0 0 0 0 0 0 0
1.00 -2.93 -4.59 -3.67 1.03 1.46 -0.35 -0.09 0.00 0.00 0.00 0.00 0.00 0.00 0.00
0 0 0 0 0 0 0 0 0 0 0 0 0 0 0
1.00 -2.83 -3.90 -3.10 0.79 1.35 -0.36 -0.11 0.00 0.00 0.00 0.00 0.00 0.00 0.00
0 0 0 0 0 0 0 0 0 0 0 0 0 0 0
1.00 -1.74 -2.41 -1.95 0.64 1.10 -0.15 -0.01 0.00 0.00 0.00 0.00 0.00 0.00 0.00
0 0 0 0 0 0 0 0 0 0 0 0 0 0 0
1.00 -1.75 -2.39 -1.92 0.64 1.06 -0.16 -0.01 0.00 0.00 0.00 0.00 0.00 0.00 0.00
0 0 0 0 0 0 0 0 0 0 0 0 0 0 0
1.00 -1.38 -2.01 -1.61 0.59 0.53 -0.20 -0.05 0.00 0.00 0.00 0.00 0.00 0.00 0.00
0 0 0 0 0 0 0 0 0 0 0 0 0 0 0
1.00 -1.26 -1.48 -1.10 0.36 0.33 -0.21 -0.09 0.00 0.00 0.00 0.00 0.00 0.00 0.00
0 0 0 0 0 0 0 0 0 0 0 0 0 0 0
1.00 -0.74 -0.93 -0.70 0.34 0.33 -0.16 -0.01 0.00 0.00 0.00 0.00 0.00 0.00 0.00
0 0 0 0 0 0 0 0 0 0 0 0 0 0 0
1.00 -0.44 -0.55 -0.58 0.23 0.28 0.01 0.02 0.00 0.00 0.00 0.00 0.00 0.00 0.00
0 0 0 0 0 0 0 0 0 0 0 0 0 0 0
