1.00 3.85 7.20 5.03 2.64 12.31 5.84 1.18 0.00 0.00 0.00 0.00 0.00 0.00 0.00
1.00 6.54 -0.88 -0.94 10.16 -3.22 -1.43 0.00 0.00 0.00 0.00 0.00 0.00 0.00 0.00
1.00 -2.36 -1.74 -1.14 -3.46 -3.01 -1.21 -0.33 0.00 0.00 0.00 0.00 0.00 0.00 0.00
0 0 0 0 0 0 0 0 0 0 0 0 0 0 0
1.00 -2.15 -1.41 -0.92 -2.74 -2.38 -0.99 -0.29 0.00 0.00 0.00 0.00 0.00 0.00 0.00
0 0 0 0 0 0 0 0 0 0 0 0 0 0 0
1.00 -2.15 -1.41 -0.92 -2.74 -2.38 -0.99 -0.29 0.00 0.00 0.00 0.00 0.00 0.00 0.00
0 0 0 0 0 0 0 0 0 0 0 0 0 0 0
1.00 -1.84 -1.19 -0.78 -2.32 -1.96 -0.83 -0.23 0.00 0.00 0.00 0.00 0.00 0.00 0.00
0 0 0 0 0 0 0 0 0 0 0 0 0 0 0
1.00 -1.83 -1.26 -0.88 -2.11 -1.84 -0.73 -0.18 0.00 0.00 0.00 0.00 0.00 0.00 0.00
0 0 0 0 0 0 0 0 0 0 0 0 0 0 0
1.00 -1.62 -0.95 -0.67 -1.91 -1.38 -0.70 -0.15 0.00 0.00 0.00 0.00 0.00 0.00 0.00
0 0 0 0 0 0 0 0 0 0 0 0 0 0 0
1.00 -1.17 -0.63 -0.41 -1.49 -1.13 -0.43 -0.11 0.00 0.00 0.00 0.00 0.00 0.00 0.00
0 0 0 0 0 0 0 0 0 0 0 0 0 0 0
1.00 -1.02 -0.78 -0.54 -1.25 -1.10 -0.46 -0.13 0.00 0.00 0.00 0.00 0.00 0.00 0.00
0 0 0 0 0 0 0 0 0 0 0 0 0 0 0
1.00 -0.75 -0.56 -0.39 -0.90 -0.76 -0.33 -0.09 0.00 0.00 0.00 0.00 0.00 0.00 0.00
0 0 0 0 0 0 0 0 0 0 0 0 0 0 0
1.00 -0.77 -0.34 -0.39 -0.74 -0.47 -0.41 -0.09 0.00 0.00 0.00 0.00 0.00 0.00 0.00
0 0 0 0 0 0 0 0 0 0 0 0 0 0 0
1.00 -0.51 -0.21 -0.06 -0.47 -0.18 -0.13 -0.06 0.00 0.00 0.00 0.00 0.00 0.00 0.00
0 0 0 0 0 0 0 0 0 0 0 0 0 0 0
