1.00 1.75 6.46 6.60 -0.43 -2.08 1.09 0.19 0.00 0.00 0.00 0.00 0.00 0.00 0.00
1.00 1.57 5.92 6.06 -0.43 -1.95 1.00 0.17 0.00 0.00 0.00 0.00 0.00 0.00 0.00
1.00 8.82 4.28 -2.01 -2.17 -1.74 -0.66 0.11 0.00 0.00 0.00 0.00 0.00 0.00 0.00
0 0 0 0 0 0 0 0 0 0 0 0 0 0 0
1.00 -3.05 -5.44 -3.97 -0.01 1.59 -0.58 -0.23 0.00 0.00 0.00 0.00 0.00 0.00 0.00
0 0 0 0 0 0 0 0 0 0 0 0 0 0 0
1.00 -3.05 -5.44 -3.97 -0.01 1.59 -0.58 -0.23 0.00 0.00 0.00 0.00 0.00 0.00 0.00
0 0 0 0 0 0 0 0 0 0 0 0 0 0 0
1.00 -3.41 -4.61 -3.34 0.85 1.88 -0.43 -0.10 0.00 0.00 0.00 0.00 0.00 0.00 0.00
0 0 0 0 0 0 0 0 0 0 0 0 0 0 0
1.00 -2.89 -3.85 -2.89 0.79 1.51 -0.40 -0.11 0.00 0.00 0.00 0.00 0.00 0.00 0.00
0 0 0 0 0 0 0 0 0 0 0 0 0 0 0
1.00 -1.85 -2.61 -1.96 0.47 0.84 -0.21 -0.07 0.00 0.00 0.00 0.00 0.00 0.00 0.00
0 0 0 0 0 0 0 0 0 0 0 0 0 0 0
1.00 -1.86 -2.59 -1.91 0.45 0.80 -0.22 -0.07 0.00 0.00 0.00 0.00 0.00 0.00 0.00
0 0 0 0 0 0 0 0 0 0 0 0 0 0 0
1.00 -1.54 -1.97 -1.41 0.40 0.66 -0.25 -0.02 0.00 0.00 0.00 0.00 0.00 0.00 0.00
0 0 0 0 0 0 0 0 0 0 0 0 0 0 0
1.00 -1.14 -1.54 -1.08 0.19 0.39 -0.20 -0.10 0.00 0.00 0.00 0.00 0.00 0.00 0.00
0 0 0 0 0 0 0 0 0 0 0 0 0 0 0
1.00 -1.02 -1.21 -0.71 0.03 0.12 -0.18 -0.08 0.00 0.00 0.00 0.00 0.00 0.00 0.00
0 0 0 0 0 0 0 0 0 0 0 0 0 0 0
1.00 -0.65 -0.76 -0.39 -0.02 0.03 -0.20 -0.09 0.00 0.00 0.00 0.00 0.00 0.00 0.00
0 0 0 0 0 0 0 0 0 0 0 0 0 0 0
