1.00 -0.37 0.30 0.20 -0.66 -1.23 -0.92 -0.23 0.00 0.00 0.00 0.00 0.00 0.00 0.00
1.00 -0.37 0.25 0.16 -0.63 -1.15 -0.85 -0.22 0.00 0.00 0.00 0.00 0.00 0.00 0.00
1.00 -0.28 -0.38 -0.26 0.28 0.13 0.29 -0.14 0.00 0.00 0.00 0.00 0.00 0.00 0.00
0 0 0 0 0 0 0 0 0 0 0 0 0 0 0
1.00 0.27 -0.03 0.15 0.02 0.27 0.54 0.04 0.00 0.00 0.00 0.00 0.00 0.00 0.00
0 0 0 0 0 0 0 0 0 0 0 0 0 0 0
1.00 0.27 -0.03 0.15 0.02 0.27 0.54 0.04 0.00 0.00 0.00 0.00 0.00 0.00 0.00
0 0 0 0 0 0 0 0 0 0 0 0 0 0 0
1.00 0.33 0.10 -0.01 0.07 0.48 0.45 0.06 0.00 0.00 0.00 0.00 0.00 0.00 0.00
0 0 0 0 0 0 0 0 0 0 0 0 0 0 0
1.00 0.35 0.01 -0.09 0.27 0.42 0.31 0.09 0.00 0.00 0.00 0.00 0.00 0.00 0.00
0 0 0 0 0 0 0 0 0 0 0 0 0 0 0
1.00 0.32 -0.02 -0.11 0.27 0.44 0.31 0.10 0.00 0.00 0.00 0.00 0.00 0.00 0.00
0 0 0 0 0 0 0 0 0 0 0 0 0 0 0
1.00 -0.03 -0.17 -0.14 -0.05 0.39 0.25 0.10 0.00 0.00 0.00 0.00 0.00 0.00 0.00
0 0 0 0 0 0 0 0 0 0 0 0 0 0 0
1.00 -0.03 0.01 0.09 0.04 0.39 0.26 0.07 0.00 0.00 0.00 0.00 0.00 0.00 0.00
0 0 0 0 0 0 0 0 0 0 0 0 0 0 0
1.00 0.06 -0.00 -0.02 0.02 0.11 0.12 0.02 0.00 0.00 0.00 0.00 0.00 0.00 0.00
0 0 0 0 0 0 0 0 0 0 0 0 0 0 0
1.00 0.10 -0.23 -0.04 -0.08 -0.07 0.12 0.01 0.00 0.00 0.00 0.00 0.00 0.00 0.00
0 0 0 0 0 0 0 0 0 0 0 0 0 0 0
1.00 -0.00 -0.14 -0.06 -0.06 0.02 0.00 0.02 0.00 0.00 0.00 0.00 0.00 0.00 0.00
0 0 0 0 0 0 0 0 0 0 0 0 0 0 0
