1.00 -0.47 0.32 1.18 -0.51 -1.14 -0.96 -0.19 0.00 0.00 0.00 0.00 0.00 0.00 0.00
1.00 0.52 0.67 0.11 0.16 0.03 -0.07 -0.11 0.00 0.00 0.00 0.00 0.00 0.00 0.00
1.00 0.49 0.47 0.33 0.46 0.05 0.23 0.04 0.00 0.00 0.00 0.00 0.00 0.00 0.00
0 0 0 0 0 0 0 0 0 0 0 0 0 0 0
1.00 0.34 0.22 0.15 -0.36 0.13 0.31 0.02 0.00 0.00 0.00 0.00 0.00 0.00 0.00
0 0 0 0 0 0 0 0 0 0 0 0 0 0 0
1.00 0.34 0.22 0.15 -0.36 0.13 0.31 0.02 0.00 0.00 0.00 0.00 0.00 0.00 0.00
0 0 0 0 0 0 0 0 0 0 0 0 0 0 0
1.00 0.29 0.15 0.09 -0.34 0.17 0.32 0.03 0.00 0.00 0.00 0.00 0.00 0.00 0.00
0 0 0 0 0 0 0 0 0 0 0 0 0 0 0
1.00 0.43 0.22 -0.06 -0.06 0.42 0.13 0.09 0.00 0.00 0.00 0.00 0.00 0.00 0.00
0 0 0 0 0 0 0 0 0 0 0 0 0 0 0
1.00 0.14 -0.15 -0.18 0.10 0.09 0.08 0.08 0.00 0.00 0.00 0.00 0.00 0.00 0.00
0 0 0 0 0 0 0 0 0 0 0 0 0 0 0
1.00 -0.01 -0.10 -0.08 -0.21 0.21 0.07 0.02 0.00 0.00 0.00 0.00 0.00 0.00 0.00
0 0 0 0 0 0 0 0 0 0 0 0 0 0 0
1.00 -0.16 -0.11 -0.04 -0.05 0.12 0.15 0.01 0.00 0.00 0.00 0.00 0.00 0.00 0.00
0 0 0 0 0 0 0 0 0 0 0 0 0 0 0
1.00 0.03 -0.18 -0.18 0.08 -0.02 -0.11 0.00 0.00 0.00 0.00 0.00 0.00 0.00 0.00
0 0 0 0 0 0 0 0 0 0 0 0 0 0 0
1.00 -0.04 -0.23 -0.21 0.09 -0.02 -0.11 -0.00 0.00 0.00 0.00 0.00 0.00 0.00 0.00
0 0 0 0 0 0 0 0 0 0 0 0 0 0 0
1.00 -0.22 -0.08 -0.05 -0.08 0.02 0.09 -0.00 0.00 0.00 0.00 0.00 0.00 0.00 0.00
0 0 0 0 0 0 0 0 0 0 0 0 0 0 0
