1.00 -3.21 -2.50 1.54 -3.84 -3.50 1.18 -0.40 0.00 0.00 0.00 0.00 0.00 0.00 0.00
1.00 7.15 9.89 7.17 10.26 18.49 8.01 1.71 0.00 0.00 0.00 0.00 0.00 0.00 0.00
1.00 9.16 4.25 0.46 14.42 4.94 -0.45 0.87 0.00 0.00 0.00 0.00 0.00 0.00 0.00
0 0 0 0 0 0 0 0 0 0 0 0 0 0 0
1.00 -1.57 -1.70 -1.52 -3.91 -3.67 -1.60 -0.36 0.00 0.00 0.00 0.00 0.00 0.00 0.00
0 0 0 0 0 0 0 0 0 0 0 0 0 0 0
1.00 -1.57 -1.70 -1.52 -3.91 -3.67 -1.60 -0.36 0.00 0.00 0.00 0.00 0.00 0.00 0.00
0 0 0 0 0 0 0 0 0 0 0 0 0 0 0
1.00 -2.01 -2.01 -1.69 -4.43 -4.09 -1.73 -0.42 0.00 0.00 0.00 0.00 0.00 0.00 0.00
0 0 0 0 0 0 0 0 0 0 0 0 0 0 0
1.00 -3.62 -2.56 -1.45 -4.57 -3.83 -1.38 -0.46 0.00 0.00 0.00 0.00 0.00 0.00 0.00
0 0 0 0 0 0 0 0 0 0 0 0 0 0 0
1.00 -3.25 -2.22 -1.18 -3.96 -3.23 -1.11 -0.41 0.00 0.00 0.00 0.00 0.00 0.00 0.00
0 0 0 0 0 0 0 0 0 0 0 0 0 0 0
1.00 -2.51 -1.86 -1.16 -3.23 -2.76 -1.07 -0.34 0.00 0.00 0.00 0.00 0.00 0.00 0.00
0 0 0 0 0 0 0 0 0 0 0 0 0 0 0
1.00 -1.75 -1.39 -0.77 -2.21 -1.85 -0.52 -0.23 0.00 0.00 0.00 0.00 0.00 0.00 0.00
0 0 0 0 0 0 0 0 0 0 0 0 0 0 0
1.00 -1.71 -1.35 -0.74 -2.13 -1.77 -0.49 -0.23 0.00 0.00 0.00 0.00 0.00 0.00 0.00
0 0 0 0 0 0 0 0 0 0 0 0 0 0 0
1.00 -1.31 -1.03 -0.52 -1.59 -1.34 -0.46 -0.20 0.00 0.00 0.00 0.00 0.00 0.00 0.00
0 0 0 0 0 0 0 0 0 0 0 0 0 0 0
1.00 -1.03 -0.62 -0.25 -1.20 -0.91 -0.34 -0.14 0.00 0.00 0.00 0.00 0.00 0.00 0.00
0 0 0 0 0 0 0 0 0 0 0 0 0 0 0
