1.00 5.31 8.63 7.07 -1.81 -1.76 1.40 0.26 0.00 0.00 0.00 0.00 0.00 0.00 0.00
1.00 4.88 7.95 6.43 -1.71 -1.66 1.27 0.23 0.00 0.00 0.00 0.00 0.00 0.00 0.00
1.00 6.67 1.41 -3.78 -1.48 -1.67 -1.00 0.04 0.00 0.00 0.00 0.00 0.00 0.00 0.00
0 0 0 0 0 0 0 0 0 0 0 0 0 0 0
1.00 -4.89 -5.70 -4.21 1.17 1.46 -0.76 -0.19 0.00 0.00 0.00 0.00 0.00 0.00 0.00
0 0 0 0 0 0 0 0 0 0 0 0 0 0 0
1.00 -4.89 -5.70 -4.21 1.17 1.46 -0.76 -0.19 0.00 0.00 0.00 0.00 0.00 0.00 0.00
0 0 0 0 0 0 0 0 0 0 0 0 0 0 0
1.00 -4.53 -5.05 -3.76 1.20 1.56 -0.55 -0.14 0.00 0.00 0.00 0.00 0.00 0.00 0.00
0 0 0 0 0 0 0 0 0 0 0 0 0 0 0
1.00 -3.78 -4.36 -3.05 1.26 1.38 -0.48 -0.13 0.00 0.00 0.00 0.00 0.00 0.00 0.00
0 0 0 0 0 0 0 0 0 0 0 0 0 0 0
1.00 -3.09 -3.54 -2.45 1.00 1.08 -0.40 -0.11 0.00 0.00 0.00 0.00 0.00 0.00 0.00
0 0 0 0 0 0 0 0 0 0 0 0 0 0 0
1.00 -2.64 -2.72 -1.87 0.88 0.97 -0.15 -0.04 0.00 0.00 0.00 0.00 0.00 0.00 0.00
0 0 0 0 0 0 0 0 0 0 0 0 0 0 0
1.00 -2.05 -2.46 -1.75 0.61 0.53 -0.28 -0.09 0.00 0.00 0.00 0.00 0.00 0.00 0.00
0 0 0 0 0 0 0 0 0 0 0 0 0 0 0
1.00 -1.73 -1.74 -1.19 0.36 0.42 -0.21 -0.10 0.00 0.00 0.00 0.00 0.00 0.00 0.00
0 0 0 0 0 0 0 0 0 0 0 0 0 0 0
1.00 -1.27 -1.21 -0.79 0.34 0.28 -0.13 -0.07 0.00 0.00 0.00 0.00 0.00 0.00 0.00
0 0 0 0 0 0 0 0 0 0 0 0 0 0 0
1.00 -0.63 -0.80 -0.64 0.24 0.13 -0.24 -0.05 0.00 0.00 0.00 0.00 0.00 0.00 0.00
0 0 0 0 0 0 0 0 0 0 0 0 0 0 0
