1.00 10.47 7.32 2.17 16.79 15.85 2.04 1.70 0.00 0.00 0.00 0.00 0.00 0.00 0.00
1.00 0.32 -1.66 -1.48 -2.51 -4.32 -1.73 -0.45 0.00 0.00 0.00 0.00 0.00 0.00 0.00
1.00 -2.07 -1.68 -1.07 -3.17 -2.94 -1.14 -0.33 0.00 0.00 0.00 0.00 0.00 0.00 0.00
0 0 0 0 0 0 0 0 0 0 0 0 0 0 0
1.00 -2.27 -1.81 -1.15 -3.42 -3.15 -1.21 -0.35 0.00 0.00 0.00 0.00 0.00 0.00 0.00
0 0 0 0 0 0 0 0 0 0 0 0 0 0 0
1.00 -2.27 -1.81 -1.15 -3.42 -3.15 -1.21 -0.35 0.00 0.00 0.00 0.00 0.00 0.00 0.00
0 0 0 0 0 0 0 0 0 0 0 0 0 0 0
1.00 -2.03 -1.49 -1.15 -2.80 -2.40 -1.18 -0.21 0.00 0.00 0.00 0.00 0.00 0.00 0.00
0 0 0 0 0 0 0 0 0 0 0 0 0 0 0
1.00 -1.97 -1.26 -0.87 -2.37 -2.01 -0.90 -0.24 0.00 0.00 0.00 0.00 0.00 0.00 0.00
0 0 0 0 0 0 0 0 0 0 0 0 0 0 0
1.00 -1.35 -0.94 -0.42 -1.81 -1.49 -0.41 -0.15 0.00 0.00 0.00 0.00 0.00 0.00 0.00
0 0 0 0 0 0 0 0 0 0 0 0 0 0 0
1.00 -1.00 -0.96 -0.63 -1.34 -1.44 -0.51 -0.15 0.00 0.00 0.00 0.00 0.00 0.00 0.00
0 0 0 0 0 0 0 0 0 0 0 0 0 0 0
1.00 -0.76 -0.72 -0.47 -1.00 -1.08 -0.37 -0.11 0.00 0.00 0.00 0.00 0.00 0.00 0.00
0 0 0 0 0 0 0 0 0 0 0 0 0 0 0
1.00 -0.59 -0.33 -0.32 -0.96 -0.70 -0.36 -0.05 0.00 0.00 0.00 0.00 0.00 0.00 0.00
0 0 0 0 0 0 0 0 0 0 0 0 0 0 0
1.00 -0.52 -0.08 0.01 -0.69 -0.50 -0.15 0.01 0.00 0.00 0.00 0.00 0.00 0.00 0.00
0 0 0 0 0 0 0 0 0 0 0 0 0 0 0
1.00 -0.07 0.00 -0.00 -0.23 -0.31 -0.06 0.06 0.00 0.00 0.00 0.00 0.00 0.00 0.00
0 0 0 0 0 0 0 0 0 0 0 0 0 0 0
