1.00 0.69 0.75 0.03 -0.17 0.23 0.09 -0.13 0.00 0.00 0.00 0.00 0.00 0.00 0.00
1.00 0.04 0.14 -0.13 0.88 0.14 0.27 0.03 0.00 0.00 0.00 0.00 0.00 0.00 0.00
1.00 0.15 0.01 -0.05 0.25 0.42 0.19 0.06 0.00 0.00 0.00 0.00 0.00 0.00 0.00
0 0 0 0 0 0 0 0 0 0 0 0 0 0 0
1.00 0.14 -0.00 -0.06 0.24 0.43 0.20 0.07 0.00 0.00 0.00 0.00 0.00 0.00 0.00
0 0 0 0 0 0 0 0 0 0 0 0 0 0 0
1.00 0.14 -0.00 -0.06 0.24 0.43 0.20 0.07 0.00 0.00 0.00 0.00 0.00 0.00 0.00
0 0 0 0 0 0 0 0 0 0 0 0 0 0 0
1.00 0.15 0.13 -0.07 0.23 0.49 0.31 0.08 0.00 0.00 0.00 0.00 0.00 0.00 0.00
0 0 0 0 0 0 0 0 0 0 0 0 0 0 0
1.00 -0.00 -0.13 -0.33 -0.20 -0.00 0.07 0.04 0.00 0.00 0.00 0.00 0.00 0.00 0.00
0 0 0 0 0 0 0 0 0 0 0 0 0 0 0
1.00 -0.38 -0.31 -0.22 -0.21 -0.09 0.02 0.01 0.00 0.00 0.00 0.00 0.00 0.00 0.00
0 0 0 0 0 0 0 0 0 0 0 0 0 0 0
1.00 -0.21 -0.21 -0.11 -0.19 -0.08 -0.06 -0.01 0.00 0.00 0.00 0.00 0.00 0.00 0.00
0 0 0 0 0 0 0 0 0 0 0 0 0 0 0
1.00 -0.12 -0.24 -0.14 -0.15 -0.17 -0.05 -0.00 0.00 0.00 0.00 0.00 0.00 0.00 0.00
0 0 0 0 0 0 0 0 0 0 0 0 0 0 0
1.00 -0.10 -0.22 -0.11 -0.13 -0.17 -0.05 -0.00 0.00 0.00 0.00 0.00 0.00 0.00 0.00
0 0 0 0 0 0 0 0 0 0 0 0 0 0 0
1.00 -0.16 -0.19 -0.09 -0.17 -0.22 -0.06 -0.02 0.00 0.00 0.00 0.00 0.00 0.00 0.00
0 0 0 0 0 0 0 0 0 0 0 0 0 0 0
1.00 -0.07 -0.01 0.02 -0.09 -0.03 0.06 0.04 0.00 0.00 0.00 0.00 0.00 0.00 0.00
0 0 0 0 0 0 0 0 0 0 0 0 0 0 0
