1.00 5.73 7.42 4.93 6.48 13.49 5.63 1.33 0.00 0.00 0.00 0.00 0.00 0.00 0.00
1.00 8.58 4.29 0.42 13.96 7.42 -0.23 0.97 0.00 0.00 0.00 0.00 0.00 0.00 0.00
1.00 -2.75 -2.52 -0.98 -4.97 -5.00 -1.07 -0.53 0.00 0.00 0.00 0.00 0.00 0.00 0.00
0 0 0 0 0 0 0 0 0 0 0 0 0 0 0
1.00 -1.93 -2.32 -1.23 -3.78 -4.55 -1.20 -0.47 0.00 0.00 0.00 0.00 0.00 0.00 0.00
0 0 0 0 0 0 0 0 0 0 0 0 0 0 0
1.00 -1.93 -2.32 -1.23 -3.78 -4.55 -1.20 -0.47 0.00 0.00 0.00 0.00 0.00 0.00 0.00
0 0 0 0 0 0 0 0 0 0 0 0 0 0 0
1.00 -1.78 -2.01 -1.08 -3.28 -3.87 -1.03 -0.40 0.00 0.00 0.00 0.00 0.00 0.00 0.00
0 0 0 0 0 0 0 0 0 0 0 0 0 0 0
1.00 -2.66 -1.72 -1.05 -3.28 -3.29 -0.92 -0.39 0.00 0.00 0.00 0.00 0.00 0.00 0.00
0 0 0 0 0 0 0 0 0 0 0 0 0 0 0
1.00 -2.14 -1.60 -1.12 -2.60 -2.82 -0.83 -0.29 0.00 0.00 0.00 0.00 0.00 0.00 0.00
0 0 0 0 0 0 0 0 0 0 0 0 0 0 0
1.00 -2.15 -1.46 -0.86 -2.43 -2.38 -0.63 -0.26 0.00 0.00 0.00 0.00 0.00 0.00 0.00
0 0 0 0 0 0 0 0 0 0 0 0 0 0 0
1.00 -1.67 -1.06 -0.67 -1.90 -1.84 -0.50 -0.21 0.00 0.00 0.00 0.00 0.00 0.00 0.00
0 0 0 0 0 0 0 0 0 0 0 0 0 0 0
1.00 -1.22 -0.91 -0.56 -1.34 -1.36 -0.44 -0.16 0.00 0.00 0.00 0.00 0.00 0.00 0.00
0 0 0 0 0 0 0 0 0 0 0 0 0 0 0
1.00 -0.90 -0.67 -0.41 -0.97 -0.96 -0.32 -0.11 0.00 0.00 0.00 0.00 0.00 0.00 0.00
0 0 0 0 0 0 0 0 0 0 0 0 0 0 0
1.00 -0.94 -0.62 -0.45 -1.10 -0.95 -0.30 -0.10 0.00 0.00 0.00 0.00 0.00 0.00 0.00
0 0 0 0 0 0 0 0 0 0 0 0 0 0 0
