1.00 5.33 7.41 4.90 6.17 14.02 5.80 1.33 0.00 0.00 0.00 0.00 0.00 0.00 0.00
1.00 6.46 1.14 -0.45 10.65 0.41 -0.91 0.42 0.00 0.00 0.00 0.00 0.00 0.00 0.00
1.00 5.78 0.80 -0.61 9.62 -0.11 -1.05 0.34 0.00 0.00 0.00 0.00 0.00 0.00 0.00
0 0 0 0 0 0 0 0 0 0 0 0 0 0 0
1.00 -4.64 -2.38 -1.19 -7.97 -4.49 -1.33 -0.63 0.00 0.00 0.00 0.00 0.00 0.00 0.00
0 0 0 0 0 0 0 0 0 0 0 0 0 0 0
1.00 -4.64 -2.38 -1.19 -7.97 -4.49 -1.33 -0.63 0.00 0.00 0.00 0.00 0.00 0.00 0.00
0 0 0 0 0 0 0 0 0 0 0 0 0 0 0
1.00 -4.55 -2.46 -1.04 -6.87 -3.93 -0.79 -0.56 0.00 0.00 0.00 0.00 0.00 0.00 0.00
0 0 0 0 0 0 0 0 0 0 0 0 0 0 0
1.00 -3.76 -2.04 -1.04 -5.45 -2.86 -0.89 -0.43 0.00 0.00 0.00 0.00 0.00 0.00 0.00
0 0 0 0 0 0 0 0 0 0 0 0 0 0 0
1.00 -3.29 -1.50 -0.77 -4.49 -2.33 -0.68 -0.37 0.00 0.00 0.00 0.00 0.00 0.00 0.00
0 0 0 0 0 0 0 0 0 0 0 0 0 0 0
1.00 -1.87 -1.07 -0.61 -2.74 -1.43 -0.49 -0.14 0.00 0.00 0.00 0.00 0.00 0.00 0.00
0 0 0 0 0 0 0 0 0 0 0 0 0 0 0
1.00 -1.81 -1.03 -0.58 -2.67 -1.35 -0.46 -0.14 0.00 0.00 0.00 0.00 0.00 0.00 0.00
0 0 0 0 0 0 0 0 0 0 0 0 0 0 0
1.00 -1.54 -0.83 -0.34 -2.39 -1.09 -0.37 -0.25 0.00 0.00 0.00 0.00 0.00 0.00 0.00
0 0 0 0 0 0 0 0 0 0 0 0 0 0 0
1.00 -1.15 -0.37 -0.11 -1.72 -0.55 -0.23 -0.01 0.00 0.00 0.00 0.00 0.00 0.00 0.00
0 0 0 0 0 0 0 0 0 0 0 0 0 0 0
1.00 -0.64 -0.47 -0.23 -1.08 -0.60 -0.27 -0.14 0.00 0.00 0.00 0.00 0.00 0.00 0.00
0 0 0 0 0 0 0 0 0 0 0 0 0 0 0
