1.00 4.25 6.95 6.50 -1.44 -2.19 1.15 0.12 0.00 0.00 0.00 0.00 0.00 0.00 0.00
1.00 3.92 6.41 5.98 -1.34 -2.03 1.06 0.11 0.00 0.00 0.00 0.00 0.00 0.00 0.00
1.00 6.45 2.73 -1.20 -1.66 -1.55 -0.55 0.07 0.00 0.00 0.00 0.00 0.00 0.00 0.00
0 0 0 0 0 0 0 0 0 0 0 0 0 0 0
1.00 -3.18 -4.92 -3.82 0.50 1.66 -0.36 -0.16 0.00 0.00 0.00 0.00 0.00 0.00 0.00
0 0 0 0 0 0 0 0 0 0 0 0 0 0 0
1.00 -3.18 -4.92 -3.82 0.50 1.66 -0.36 -0.16 0.00 0.00 0.00 0.00 0.00 0.00 0.00
0 0 0 0 0 0 0 0 0 0 0 0 0 0 0
1.00 -4.01 -4.53 -3.37 1.63 1.99 -0.38 -0.06 0.00 0.00 0.00 0.00 0.00 0.00 0.00
0 0 0 0 0 0 0 0 0 0 0 0 0 0 0
1.00 -3.46 -3.81 -2.75 1.29 1.59 -0.36 -0.09 0.00 0.00 0.00 0.00 0.00 0.00 0.00
0 0 0 0 0 0 0 0 0 0 0 0 0 0 0
1.00 -2.26 -2.56 -1.86 0.86 0.91 -0.21 -0.05 0.00 0.00 0.00 0.00 0.00 0.00 0.00
0 0 0 0 0 0 0 0 0 0 0 0 0 0 0
1.00 -2.26 -2.52 -1.83 0.83 0.87 -0.22 -0.05 0.00 0.00 0.00 0.00 0.00 0.00 0.00
0 0 0 0 0 0 0 0 0 0 0 0 0 0 0
1.00 -1.92 -1.97 -1.42 0.39 0.69 -0.27 -0.06 0.00 0.00 0.00 0.00 0.00 0.00 0.00
0 0 0 0 0 0 0 0 0 0 0 0 0 0 0
1.00 -1.45 -1.52 -1.10 0.41 0.52 -0.23 -0.06 0.00 0.00 0.00 0.00 0.00 0.00 0.00
0 0 0 0 0 0 0 0 0 0 0 0 0 0 0
1.00 -1.02 -1.10 -0.91 0.43 0.25 -0.28 -0.05 0.00 0.00 0.00 0.00 0.00 0.00 0.00
0 0 0 0 0 0 0 0 0 0 0 0 0 0 0
1.00 -0.74 -0.67 -0.39 -0.02 -0.01 -0.10 -0.06 0.00 0.00 0.00 0.00 0.00 0.00 0.00
0 0 0 0 0 0 0 0 0 0 0 0 0 0 0
