1.00 0.49 0.29 0.23 0.15 0.38 0.41 0.11 0.00 0.00 0.00 0.00 0.00 0.00 0.00
1.00 0.54 0.08 -0.18 0.08 0.24 0.08 0.10 0.00 0.00 0.00 0.00 0.00 0.00 0.00
1.00 -0.17 -0.17 -0.19 -0.26 0.18 0.07 0.02 0.00 0.00 0.00 0.00 0.00 0.00 0.00
0 0 0 0 0 0 0 0 0 0 0 0 0 0 0
1.00 -0.01 -0.10 -0.04 -0.06 0.15 0.23 0.02 0.00 0.00 0.00 0.00 0.00 0.00 0.00
0 0 0 0 0 0 0 0 0 0 0 0 0 0 0
1.00 -0.01 -0.10 -0.04 -0.06 0.15 0.23 0.02 0.00 0.00 0.00 0.00 0.00 0.00 0.00
0 0 0 0 0 0 0 0 0 0 0 0 0 0 0
1.00 -0.04 -0.13 -0.07 -0.05 0.15 0.21 0.02 0.00 0.00 0.00 0.00 0.00 0.00 0.00
0 0 0 0 0 0 0 0 0 0 0 0 0 0 0
1.00 0.04 -0.07 -0.08 0.02 0.09 0.03 0.02 0.00 0.00 0.00 0.00 0.00 0.00 0.00
0 0 0 0 0 0 0 0 0 0 0 0 0 0 0
1.00 -0.26 -0.33 -0.15 -0.26 -0.21 -0.10 -0.07 0.00 0.00 0.00 0.00 0.00 0.00 0.00
0 0 0 0 0 0 0 0 0 0 0 0 0 0 0
1.00 -0.22 -0.23 -0.18 -0.16 -0.07 -0.07 -0.07 0.00 0.00 0.00 0.00 0.00 0.00 0.00
0 0 0 0 0 0 0 0 0 0 0 0 0 0 0
1.00 -0.15 -0.13 -0.14 0.05 0.05 -0.14 -0.01 0.00 0.00 0.00 0.00 0.00 0.00 0.00
0 0 0 0 0 0 0 0 0 0 0 0 0 0 0
1.00 -0.23 -0.41 -0.29 -0.13 -0.29 -0.16 -0.08 0.00 0.00 0.00 0.00 0.00 0.00 0.00
0 0 0 0 0 0 0 0 0 0 0 0 0 0 0
1.00 -0.22 -0.39 -0.27 -0.11 -0.27 -0.17 -0.07 0.00 0.00 0.00 0.00 0.00 0.00 0.00
0 0 0 0 0 0 0 0 0 0 0 0 0 0 0
1.00 -0.28 -0.14 -0.05 -0.12 0.05 0.03 0.02 0.00 0.00 0.00 0.00 0.00 0.00 0.00
0 0 0 0 0 0 0 0 0 0 0 0 0 0 0
