1.00 5.95 7.66 4.97 6.62 13.66 5.82 1.38 0.00 0.00 0.00 0.00 0.00 0.00 0.00
1.00 8.83 2.18 -0.59 15.66 2.51 -1.23 0.70 0.00 0.00 0.00 0.00 0.00 0.00 0.00
1.00 -2.51 -1.55 -0.88 -5.04 -3.82 -1.13 -0.38 0.00 0.00 0.00 0.00 0.00 0.00 0.00
0 0 0 0 0 0 0 0 0 0 0 0 0 0 0
1.00 -2.78 -1.99 -1.11 -4.46 -3.60 -1.05 -0.39 0.00 0.00 0.00 0.00 0.00 0.00 0.00
0 0 0 0 0 0 0 0 0 0 0 0 0 0 0
1.00 -2.78 -1.99 -1.11 -4.46 -3.60 -1.05 -0.39 0.00 0.00 0.00 0.00 0.00 0.00 0.00
0 0 0 0 0 0 0 0 0 0 0 0 0 0 0
1.00 -2.28 -1.45 -0.75 -3.11 -2.37 -0.76 -0.28 0.00 0.00 0.00 0.00 0.00 0.00 0.00
0 0 0 0 0 0 0 0 0 0 0 0 0 0 0
1.00 -2.43 -1.55 -0.81 -3.32 -2.49 -0.81 -0.30 0.00 0.00 0.00 0.00 0.00 0.00 0.00
0 0 0 0 0 0 0 0 0 0 0 0 0 0 0
1.00 -2.03 -1.34 -0.67 -2.83 -1.93 -0.68 -0.24 0.00 0.00 0.00 0.00 0.00 0.00 0.00
0 0 0 0 0 0 0 0 0 0 0 0 0 0 0
1.00 -1.49 -0.94 -0.64 -2.30 -1.67 -0.68 -0.23 0.00 0.00 0.00 0.00 0.00 0.00 0.00
0 0 0 0 0 0 0 0 0 0 0 0 0 0 0
1.00 -1.40 -0.90 -0.56 -2.00 -1.44 -0.54 -0.22 0.00 0.00 0.00 0.00 0.00 0.00 0.00
0 0 0 0 0 0 0 0 0 0 0 0 0 0 0
1.00 -1.01 -0.61 -0.34 -1.56 -1.22 -0.32 -0.14 0.00 0.00 0.00 0.00 0.00 0.00 0.00
0 0 0 0 0 0 0 0 0 0 0 0 0 0 0
1.00 -0.51 -0.19 -0.04 -0.78 -0.47 -0.18 -0.03 0.00 0.00 0.00 0.00 0.00 0.00 0.00
0 0 0 0 0 0 0 0 0 0 0 0 0 0 0
1.00 -0.40 -0.14 -0.02 -0.62 -0.33 -0.13 -0.01 0.00 0.00 0.00 0.00 0.00 0.00 0.00
0 0 0 0 0 0 0 0 0 0 0 0 0 0 0
