1.00 6.05 9.14 7.66 -1.89 -2.42 1.35 0.21 0.00 0.00 0.00 0.00 0.00 0.00 0.00
1.00 5.92 4.03 -0.21 -1.80 -2.08 -0.35 0.08 0.00 0.00 0.00 0.00 0.00 0.00 0.00
1.00 5.24 3.37 -0.52 -1.62 -1.84 -0.38 0.06 0.00 0.00 0.00 0.00 0.00 0.00 0.00
0 0 0 0 0 0 0 0 0 0 0 0 0 0 0
1.00 -4.68 -5.28 -2.72 1.03 1.93 -0.27 -0.20 0.00 0.00 0.00 0.00 0.00 0.00 0.00
0 0 0 0 0 0 0 0 0 0 0 0 0 0 0
1.00 -4.68 -5.28 -2.72 1.03 1.93 -0.27 -0.20 0.00 0.00 0.00 0.00 0.00 0.00 0.00
0 0 0 0 0 0 0 0 0 0 0 0 0 0 0
1.00 -4.64 -4.39 -2.42 1.53 2.08 -0.14 -0.06 0.00 0.00 0.00 0.00 0.00 0.00 0.00
0 0 0 0 0 0 0 0 0 0 0 0 0 0 0
1.00 -3.96 -3.67 -1.81 1.45 1.76 -0.08 -0.06 0.00 0.00 0.00 0.00 0.00 0.00 0.00
0 0 0 0 0 0 0 0 0 0 0 0 0 0 0
1.00 -3.16 -3.10 -1.56 1.16 1.25 -0.09 -0.02 0.00 0.00 0.00 0.00 0.00 0.00 0.00
0 0 0 0 0 0 0 0 0 0 0 0 0 0 0
1.00 -2.14 -2.00 -1.05 0.66 0.80 -0.13 -0.04 0.00 0.00 0.00 0.00 0.00 0.00 0.00
0 0 0 0 0 0 0 0 0 0 0 0 0 0 0
1.00 -2.06 -1.90 -0.97 0.60 0.73 -0.13 -0.04 0.00 0.00 0.00 0.00 0.00 0.00 0.00
0 0 0 0 0 0 0 0 0 0 0 0 0 0 0
1.00 -1.51 -1.27 -0.51 0.42 0.53 0.09 -0.02 0.00 0.00 0.00 0.00 0.00 0.00 0.00
0 0 0 0 0 0 0 0 0 0 0 0 0 0 0
1.00 -1.06 -0.91 -0.45 0.24 0.30 -0.14 -0.03 0.00 0.00 0.00 0.00 0.00 0.00 0.00
0 0 0 0 0 0 0 0 0 0 0 0 0 0 0
1.00 -0.71 -0.64 -0.33 -0.07 0.15 -0.00 -0.04 0.00 0.00 0.00 0.00 0.00 0.00 0.00
0 0 0 0 0 0 0 0 0 0 0 0 0 0 0
