1.00 8.03 5.94 1.94 12.40 12.21 2.05 1.27 0.00 0.00 0.00 0.00 0.00 0.00 0.00
1.00 7.41 5.48 1.66 11.43 11.25 1.76 1.16 0.00 0.00 0.00 0.00 0.00 0.00 0.00
1.00 -0.74 -2.43 -1.98 -2.91 -7.06 -2.44 -0.45 0.00 0.00 0.00 0.00 0.00 0.00 0.00
0 0 0 0 0 0 0 0 0 0 0 0 0 0 0
1.00 -5.03 -3.39 -1.84 -7.91 -6.31 -1.92 -0.81 0.00 0.00 0.00 0.00 0.00 0.00 0.00
0 0 0 0 0 0 0 0 0 0 0 0 0 0 0
1.00 -5.03 -3.39 -1.84 -7.91 -6.31 -1.92 -0.81 0.00 0.00 0.00 0.00 0.00 0.00 0.00
0 0 0 0 0 0 0 0 0 0 0 0 0 0 0
1.00 -3.99 -2.83 -1.67 -5.88 -5.02 -1.63 -0.57 0.00 0.00 0.00 0.00 0.00 0.00 0.00
0 0 0 0 0 0 0 0 0 0 0 0 0 0 0
1.00 -3.55 -2.06 -1.10 -5.08 -3.95 -1.13 -0.42 0.00 0.00 0.00 0.00 0.00 0.00 0.00
0 0 0 0 0 0 0 0 0 0 0 0 0 0 0
1.00 -2.97 -2.02 -1.27 -4.11 -3.54 -1.26 -0.48 0.00 0.00 0.00 0.00 0.00 0.00 0.00
0 0 0 0 0 0 0 0 0 0 0 0 0 0 0
1.00 -2.34 -1.58 -0.99 -3.23 -2.78 -0.98 -0.38 0.00 0.00 0.00 0.00 0.00 0.00 0.00
0 0 0 0 0 0 0 0 0 0 0 0 0 0 0
1.00 -1.70 -1.14 -0.53 -2.40 -2.02 -0.43 -0.22 0.00 0.00 0.00 0.00 0.00 0.00 0.00
0 0 0 0 0 0 0 0 0 0 0 0 0 0 0
1.00 -1.03 -0.76 -0.42 -1.68 -1.42 -0.52 -0.14 0.00 0.00 0.00 0.00 0.00 0.00 0.00
0 0 0 0 0 0 0 0 0 0 0 0 0 0 0
1.00 -0.87 -0.70 -0.51 -1.21 -1.30 -0.54 -0.21 0.00 0.00 0.00 0.00 0.00 0.00 0.00
0 0 0 0 0 0 0 0 0 0 0 0 0 0 0
1.00 -0.67 -0.16 -0.34 -0.84 -0.52 -0.42 0.04 0.00 0.00 0.00 0.00 0.00 0.00 0.00
0 0 0 0 0 0 0 0 0 0 0 0 0 0 0
