1.00 -2.13 -0.96 -0.70 1.48 5.18 -0.10 -0.13 0.00 0.00 0.00 0.00 0.00 0.00 0.00
1.00 -0.57 -0.39 -0.41 5.02 2.17 -0.01 -0.01 0.00 0.00 0.00 0.00 0.00 0.00 0.00
1.00 -0.46 -0.34 -0.34 4.58 1.83 0.02 -0.01 0.00 0.00 0.00 0.00 0.00 0.00 0.00
0 0 0 0 0 0 0 0 0 0 0 0 0 0 0
1.00 -0.05 0.04 0.21 0.29 -0.86 0.01 0.02 0.00 0.00 0.00 0.00 0.00 0.00 0.00
0 0 0 0 0 0 0 0 0 0 0 0 0 0 0
1.00 -0.05 0.04 0.21 0.29 -0.86 0.01 0.02 0.00 0.00 0.00 0.00 0.00 0.00 0.00
0 0 0 0 0 0 0 0 0 0 0 0 0 0 0
1.00 1.21 0.97 0.89 -3.12 -2.38 0.37 0.11 0.00 0.00 0.00 0.00 0.00 0.00 0.00
0 0 0 0 0 0 0 0 0 0 0 0 0 0 0
1.00 1.16 0.57 0.52 -3.11 -2.14 0.26 0.06 0.00 0.00 0.00 0.00 0.00 0.00 0.00
0 0 0 0 0 0 0 0 0 0 0 0 0 0 0
1.00 0.59 0.13 0.25 -2.71 -2.00 0.22 0.00 0.00 0.00 0.00 0.00 0.00 0.00 0.00
0 0 0 0 0 0 0 0 0 0 0 0 0 0 0
1.00 0.35 0.09 0.20 -1.84 -1.33 0.00 0.01 0.00 0.00 0.00 0.00 0.00 0.00 0.00
0 0 0 0 0 0 0 0 0 0 0 0 0 0 0
1.00 0.33 0.08 0.19 -1.82 -1.30 -0.00 0.01 0.00 0.00 0.00 0.00 0.00 0.00 0.00
0 0 0 0 0 0 0 0 0 0 0 0 0 0 0
1.00 0.30 0.30 0.32 -1.35 -0.77 0.19 -0.03 0.00 0.00 0.00 0.00 0.00 0.00 0.00
0 0 0 0 0 0 0 0 0 0 0 0 0 0 0
1.00 0.38 -0.08 0.11 -1.04 -0.88 0.09 -0.01 0.00 0.00 0.00 0.00 0.00 0.00 0.00
0 0 0 0 0 0 0 0 0 0 0 0 0 0 0
1.00 0.13 0.06 0.22 -0.81 -0.53 0.03 -0.01 0.00 0.00 0.00 0.00 0.00 0.00 0.00
0 0 0 0 0 0 0 0 0 0 0 0 0 0 0
