1.00 1.29 6.56 6.52 -0.34 -1.74 1.26 0.23 0.00 0.00 0.00 0.00 0.00 0.00 0.00
1.00 1.18 6.05 6.00 -0.31 -1.62 1.15 0.21 0.00 0.00 0.00 0.00 0.00 0.00 0.00
1.00 9.33 5.37 0.81 -1.72 -1.49 -0.53 0.25 0.00 0.00 0.00 0.00 0.00 0.00 0.00
0 0 0 0 0 0 0 0 0 0 0 0 0 0 0
1.00 -0.35 -4.58 -4.04 -0.11 1.79 -0.59 0.06 0.00 0.00 0.00 0.00 0.00 0.00 0.00
0 0 0 0 0 0 0 0 0 0 0 0 0 0 0
1.00 -0.35 -4.58 -4.04 -0.11 1.79 -0.59 0.06 0.00 0.00 0.00 0.00 0.00 0.00 0.00
0 0 0 0 0 0 0 0 0 0 0 0 0 0 0
1.00 -3.08 -4.64 -3.51 1.38 1.64 -0.19 -0.20 0.00 0.00 0.00 0.00 0.00 0.00 0.00
0 0 0 0 0 0 0 0 0 0 0 0 0 0 0
1.00 -2.59 -4.00 -3.03 1.34 1.53 -0.31 -0.08 0.00 0.00 0.00 0.00 0.00 0.00 0.00
0 0 0 0 0 0 0 0 0 0 0 0 0 0 0
1.00 -1.78 -2.40 -1.95 0.73 1.28 -0.13 0.02 0.00 0.00 0.00 0.00 0.00 0.00 0.00
0 0 0 0 0 0 0 0 0 0 0 0 0 0 0
1.00 -1.86 -2.44 -1.96 0.67 1.18 -0.17 -0.01 0.00 0.00 0.00 0.00 0.00 0.00 0.00
0 0 0 0 0 0 0 0 0 0 0 0 0 0 0
1.00 -1.57 -2.09 -1.76 0.53 0.59 -0.40 -0.14 0.00 0.00 0.00 0.00 0.00 0.00 0.00
0 0 0 0 0 0 0 0 0 0 0 0 0 0 0
1.00 -1.22 -1.49 -1.27 0.52 0.42 -0.36 0.07 0.00 0.00 0.00 0.00 0.00 0.00 0.00
0 0 0 0 0 0 0 0 0 0 0 0 0 0 0
1.00 -1.04 -1.35 -0.90 0.15 0.10 -0.26 -0.19 0.00 0.00 0.00 0.00 0.00 0.00 0.00
0 0 0 0 0 0 0 0 0 0 0 0 0 0 0
1.00 -0.69 -0.48 -0.50 0.06 0.18 -0.19 0.02 0.00 0.00 0.00 0.00 0.00 0.00 0.00
0 0 0 0 0 0 0 0 0 0 0 0 0 0 0
