1.00 11.16 5.40 0.08 18.02 11.12 -0.83 1.40 0.00 0.00 0.00 0.00 0.00 0.00 0.00
1.00 -1.16 -2.48 -2.21 -4.62 -5.37 -2.51 -0.48 0.00 0.00 0.00 0.00 0.00 0.00 0.00
1.00 -2.30 -2.51 -2.05 -3.77 -4.22 -2.02 -0.38 0.00 0.00 0.00 0.00 0.00 0.00 0.00
0 0 0 0 0 0 0 0 0 0 0 0 0 0 0
1.00 -2.00 -2.13 -1.66 -2.91 -3.28 -1.75 -0.33 0.00 0.00 0.00 0.00 0.00 0.00 0.00
0 0 0 0 0 0 0 0 0 0 0 0 0 0 0
1.00 -2.00 -2.13 -1.66 -2.91 -3.28 -1.75 -0.33 0.00 0.00 0.00 0.00 0.00 0.00 0.00
0 0 0 0 0 0 0 0 0 0 0 0 0 0 0
1.00 -1.64 -1.92 -1.46 -2.40 -2.88 -1.48 -0.24 0.00 0.00 0.00 0.00 0.00 0.00 0.00
0 0 0 0 0 0 0 0 0 0 0 0 0 0 0
1.00 -1.36 -1.56 -1.17 -1.97 -2.33 -1.17 -0.20 0.00 0.00 0.00 0.00 0.00 0.00 0.00
0 0 0 0 0 0 0 0 0 0 0 0 0 0 0
1.00 -1.34 -1.42 -0.98 -1.87 -1.86 -0.73 -0.23 0.00 0.00 0.00 0.00 0.00 0.00 0.00
0 0 0 0 0 0 0 0 0 0 0 0 0 0 0
1.00 -1.00 -0.95 -0.62 -1.12 -1.33 -0.60 -0.17 0.00 0.00 0.00 0.00 0.00 0.00 0.00
0 0 0 0 0 0 0 0 0 0 0 0 0 0 0
1.00 -0.81 -0.76 -0.67 -1.08 -1.12 -0.66 -0.15 0.00 0.00 0.00 0.00 0.00 0.00 0.00
0 0 0 0 0 0 0 0 0 0 0 0 0 0 0
1.00 -0.85 -0.69 -0.42 -1.11 -1.09 -0.29 -0.18 0.00 0.00 0.00 0.00 0.00 0.00 0.00
0 0 0 0 0 0 0 0 0 0 0 0 0 0 0
1.00 -0.30 -0.25 -0.21 -0.54 -0.58 -0.22 -0.06 0.00 0.00 0.00 0.00 0.00 0.00 0.00
0 0 0 0 0 0 0 0 0 0 0 0 0 0 0
1.00 -0.20 -0.12 -0.11 -0.39 -0.38 -0.12 -0.04 0.00 0.00 0.00 0.00 0.00 0.00 0.00
0 0 0 0 0 0 0 0 0 0 0 0 0 0 0
