1.00 -2.87 -2.26 -0.92 2.79 2.34 -0.45 -0.32 0.00 0.00 0.00 0.00 0.00 0.00 0.00
1.00 -1.20 -0.96 -0.12 0.67 -0.31 -0.01 -0.11 0.00 0.00 0.00 0.00 0.00 0.00 0.00
1.00 0.22 0.60 0.60 -0.53 -0.38 0.25 0.08 0.00 0.00 0.00 0.00 0.00 0.00 0.00
0 0 0 0 0 0 0 0 0 0 0 0 0 0 0
1.00 0.33 0.67 0.64 -0.63 -0.42 0.28 0.08 0.00 0.00 0.00 0.00 0.00 0.00 0.00
0 0 0 0 0 0 0 0 0 0 0 0 0 0 0
1.00 0.33 0.67 0.64 -0.63 -0.42 0.28 0.08 0.00 0.00 0.00 0.00 0.00 0.00 0.00
0 0 0 0 0 0 0 0 0 0 0 0 0 0 0
1.00 1.11 0.71 0.64 -0.66 -0.57 0.45 0.09 0.00 0.00 0.00 0.00 0.00 0.00 0.00
0 0 0 0 0 0 0 0 0 0 0 0 0 0 0
1.00 1.00 0.85 0.69 -0.77 -0.42 0.27 0.11 0.00 0.00 0.00 0.00 0.00 0.00 0.00
0 0 0 0 0 0 0 0 0 0 0 0 0 0 0
1.00 1.02 0.78 0.66 -0.53 -0.42 0.17 0.08 0.00 0.00 0.00 0.00 0.00 0.00 0.00
0 0 0 0 0 0 0 0 0 0 0 0 0 0 0
1.00 0.79 0.71 0.32 -0.51 -0.30 0.13 0.08 0.00 0.00 0.00 0.00 0.00 0.00 0.00
0 0 0 0 0 0 0 0 0 0 0 0 0 0 0
1.00 0.45 0.32 0.32 -0.38 -0.21 0.07 -0.03 0.00 0.00 0.00 0.00 0.00 0.00 0.00
0 0 0 0 0 0 0 0 0 0 0 0 0 0 0
1.00 0.38 0.26 0.26 -0.36 -0.18 0.05 -0.04 0.00 0.00 0.00 0.00 0.00 0.00 0.00
0 0 0 0 0 0 0 0 0 0 0 0 0 0 0
1.00 0.26 0.36 0.23 -0.11 -0.17 0.12 0.01 0.00 0.00 0.00 0.00 0.00 0.00 0.00
0 0 0 0 0 0 0 0 0 0 0 0 0 0 0
1.00 0.26 0.07 0.06 -0.11 -0.07 0.04 -0.02 0.00 0.00 0.00 0.00 0.00 0.00 0.00
0 0 0 0 0 0 0 0 0 0 0 0 0 0 0
