1.00 6.10 8.63 5.78 6.59 15.07 6.29 1.37 0.00 0.00 0.00 0.00 0.00 0.00 0.00
1.00 7.48 3.47 -0.27 12.39 3.98 -0.95 0.68 0.00 0.00 0.00 0.00 0.00 0.00 0.00
1.00 -1.69 -2.01 -1.13 -3.36 -3.77 -1.24 -0.41 0.00 0.00 0.00 0.00 0.00 0.00 0.00
0 0 0 0 0 0 0 0 0 0 0 0 0 0 0
1.00 -2.03 -2.27 -1.25 -3.75 -4.14 -1.35 -0.45 0.00 0.00 0.00 0.00 0.00 0.00 0.00
0 0 0 0 0 0 0 0 0 0 0 0 0 0 0
1.00 -2.03 -2.27 -1.25 -3.75 -4.14 -1.35 -0.45 0.00 0.00 0.00 0.00 0.00 0.00 0.00
0 0 0 0 0 0 0 0 0 0 0 0 0 0 0
1.00 -2.73 -2.07 -1.01 -3.58 -3.72 -1.10 -0.39 0.00 0.00 0.00 0.00 0.00 0.00 0.00
0 0 0 0 0 0 0 0 0 0 0 0 0 0 0
1.00 -2.48 -1.85 -0.79 -3.12 -3.05 -0.85 -0.36 0.00 0.00 0.00 0.00 0.00 0.00 0.00
0 0 0 0 0 0 0 0 0 0 0 0 0 0 0
1.00 -1.85 -1.50 -0.75 -2.56 -2.51 -0.78 -0.25 0.00 0.00 0.00 0.00 0.00 0.00 0.00
0 0 0 0 0 0 0 0 0 0 0 0 0 0 0
1.00 -1.25 -0.98 -0.43 -1.63 -1.61 -0.45 -0.18 0.00 0.00 0.00 0.00 0.00 0.00 0.00
0 0 0 0 0 0 0 0 0 0 0 0 0 0 0
1.00 -1.23 -0.96 -0.43 -1.56 -1.53 -0.42 -0.18 0.00 0.00 0.00 0.00 0.00 0.00 0.00
0 0 0 0 0 0 0 0 0 0 0 0 0 0 0
1.00 -1.06 -0.81 -0.45 -1.08 -1.06 -0.40 -0.13 0.00 0.00 0.00 0.00 0.00 0.00 0.00
0 0 0 0 0 0 0 0 0 0 0 0 0 0 0
1.00 -0.79 -0.76 -0.42 -0.85 -0.94 -0.39 -0.12 0.00 0.00 0.00 0.00 0.00 0.00 0.00
0 0 0 0 0 0 0 0 0 0 0 0 0 0 0
1.00 -0.58 -0.44 -0.23 -0.52 -0.55 -0.24 -0.10 0.00 0.00 0.00 0.00 0.00 0.00 0.00
0 0 0 0 0 0 0 0 0 0 0 0 0 0 0
