1.00 -2.60 -2.17 -1.36 2.34 3.56 -0.60 -0.21 0.00 0.00 0.00 0.00 0.00 0.00 0.00
1.00 -1.12 -1.02 -0.31 1.41 -0.23 -0.07 -0.10 0.00 0.00 0.00 0.00 0.00 0.00 0.00
1.00 0.26 0.66 0.88 -0.37 -0.87 0.42 0.07 0.00 0.00 0.00 0.00 0.00 0.00 0.00
0 0 0 0 0 0 0 0 0 0 0 0 0 0 0
1.00 1.11 0.75 0.72 -0.61 -0.54 0.39 0.14 0.00 0.00 0.00 0.00 0.00 0.00 0.00
0 0 0 0 0 0 0 0 0 0 0 0 0 0 0
1.00 1.11 0.75 0.72 -0.61 -0.54 0.39 0.14 0.00 0.00 0.00 0.00 0.00 0.00 0.00
0 0 0 0 0 0 0 0 0 0 0 0 0 0 0
1.00 1.17 0.79 0.75 -0.69 -0.59 0.40 0.14 0.00 0.00 0.00 0.00 0.00 0.00 0.00
0 0 0 0 0 0 0 0 0 0 0 0 0 0 0
1.00 1.01 0.62 0.54 -0.76 -0.65 0.22 0.04 0.00 0.00 0.00 0.00 0.00 0.00 0.00
0 0 0 0 0 0 0 0 0 0 0 0 0 0 0
1.00 0.82 0.54 0.53 -0.52 -0.51 0.26 0.04 0.00 0.00 0.00 0.00 0.00 0.00 0.00
0 0 0 0 0 0 0 0 0 0 0 0 0 0 0
1.00 0.66 0.63 0.50 -0.56 -0.35 0.18 0.09 0.00 0.00 0.00 0.00 0.00 0.00 0.00
0 0 0 0 0 0 0 0 0 0 0 0 0 0 0
1.00 0.62 0.37 0.26 -0.51 -0.34 0.04 0.02 0.00 0.00 0.00 0.00 0.00 0.00 0.00
0 0 0 0 0 0 0 0 0 0 0 0 0 0 0
1.00 0.25 0.34 0.27 -0.32 -0.27 0.14 0.00 0.00 0.00 0.00 0.00 0.00 0.00 0.00
0 0 0 0 0 0 0 0 0 0 0 0 0 0 0
1.00 0.18 0.27 0.22 -0.29 -0.24 0.11 -0.00 0.00 0.00 0.00 0.00 0.00 0.00 0.00
0 0 0 0 0 0 0 0 0 0 0 0 0 0 0
1.00 0.24 0.29 0.21 0.01 -0.02 0.04 0.00 0.00 0.00 0.00 0.00 0.00 0.00 0.00
0 0 0 0 0 0 0 0 0 0 0 0 0 0 0
