1.00 5.70 7.84 5.65 6.66 13.86 6.18 1.29 0.00 0.00 0.00 0.00 0.00 0.00 0.00
1.00 5.25 7.22 5.17 6.13 12.77 5.66 1.19 0.00 0.00 0.00 0.00 0.00 0.00 0.00
1.00 7.42 0.07 -1.85 12.85 -3.09 -2.91 0.12 0.00 0.00 0.00 0.00 0.00 0.00 0.00
0 0 0 0 0 0 0 0 0 0 0 0 0 0 0
1.00 -3.56 -4.19 -3.18 -6.62 -7.36 -3.25 -0.83 0.00 0.00 0.00 0.00 0.00 0.00 0.00
0 0 0 0 0 0 0 0 0 0 0 0 0 0 0
1.00 -3.56 -4.19 -3.18 -6.62 -7.36 -3.25 -0.83 0.00 0.00 0.00 0.00 0.00 0.00 0.00
0 0 0 0 0 0 0 0 0 0 0 0 0 0 0
1.00 -4.71 -4.12 -2.86 -6.37 -6.48 -2.94 -0.78 0.00 0.00 0.00 0.00 0.00 0.00 0.00
0 0 0 0 0 0 0 0 0 0 0 0 0 0 0
1.00 -4.00 -3.38 -2.27 -5.42 -5.50 -2.38 -0.64 0.00 0.00 0.00 0.00 0.00 0.00 0.00
0 0 0 0 0 0 0 0 0 0 0 0 0 0 0
1.00 -2.60 -2.40 -1.66 -3.56 -3.79 -1.65 -0.43 0.00 0.00 0.00 0.00 0.00 0.00 0.00
0 0 0 0 0 0 0 0 0 0 0 0 0 0 0
1.00 -2.66 -2.41 -1.65 -3.61 -3.77 -1.63 -0.43 0.00 0.00 0.00 0.00 0.00 0.00 0.00
0 0 0 0 0 0 0 0 0 0 0 0 0 0 0
1.00 -2.37 -1.66 -1.06 -2.87 -2.77 -1.22 -0.28 0.00 0.00 0.00 0.00 0.00 0.00 0.00
0 0 0 0 0 0 0 0 0 0 0 0 0 0 0
1.00 -1.57 -1.24 -0.75 -2.26 -2.04 -0.71 -0.20 0.00 0.00 0.00 0.00 0.00 0.00 0.00
0 0 0 0 0 0 0 0 0 0 0 0 0 0 0
1.00 -1.02 -0.68 -0.45 -1.58 -1.37 -0.60 -0.11 0.00 0.00 0.00 0.00 0.00 0.00 0.00
0 0 0 0 0 0 0 0 0 0 0 0 0 0 0
1.00 -0.73 -0.45 -0.24 -0.86 -0.89 -0.34 -0.04 0.00 0.00 0.00 0.00 0.00 0.00 0.00
0 0 0 0 0 0 0 0 0 0 0 0 0 0 0
