1.00 0.34 6.56 6.45 -0.08 0.01 1.28 0.22 0.00 0.00 0.00 0.00 0.00 0.00 0.00
1.00 9.74 7.21 2.61 0.27 -0.71 0.07 0.27 0.00 0.00 0.00 0.00 0.00 0.00 0.00
1.00 1.53 -5.37 -5.05 -0.17 -0.00 -1.07 -0.10 0.00 0.00 0.00 0.00 0.00 0.00 0.00
0 0 0 0 0 0 0 0 0 0 0 0 0 0 0
1.00 -3.49 -5.75 -4.52 -0.34 -0.19 -0.90 -0.27 0.00 0.00 0.00 0.00 0.00 0.00 0.00
0 0 0 0 0 0 0 0 0 0 0 0 0 0 0
1.00 -3.49 -5.75 -4.52 -0.34 -0.19 -0.90 -0.27 0.00 0.00 0.00 0.00 0.00 0.00 0.00
0 0 0 0 0 0 0 0 0 0 0 0 0 0 0
1.00 -2.66 -4.02 -3.19 -0.33 -0.23 -0.71 -0.21 0.00 0.00 0.00 0.00 0.00 0.00 0.00
0 0 0 0 0 0 0 0 0 0 0 0 0 0 0
1.00 -2.75 -4.10 -3.21 -0.30 -0.20 -0.70 -0.22 0.00 0.00 0.00 0.00 0.00 0.00 0.00
0 0 0 0 0 0 0 0 0 0 0 0 0 0 0
1.00 -2.35 -3.38 -2.40 -0.39 -0.17 -0.41 -0.17 0.00 0.00 0.00 0.00 0.00 0.00 0.00
0 0 0 0 0 0 0 0 0 0 0 0 0 0 0
1.00 -1.63 -2.50 -1.92 -0.02 -0.03 -0.33 -0.11 0.00 0.00 0.00 0.00 0.00 0.00 0.00
0 0 0 0 0 0 0 0 0 0 0 0 0 0 0
1.00 -1.33 -1.90 -1.51 -0.22 -0.06 -0.34 -0.08 0.00 0.00 0.00 0.00 0.00 0.00 0.00
0 0 0 0 0 0 0 0 0 0 0 0 0 0 0
1.00 -1.10 -1.37 -0.97 -0.22 -0.03 -0.17 -0.12 0.00 0.00 0.00 0.00 0.00 0.00 0.00
0 0 0 0 0 0 0 0 0 0 0 0 0 0 0
1.00 -0.51 -0.71 -0.44 0.02 -0.00 -0.11 -0.07 0.00 0.00 0.00 0.00 0.00 0.00 0.00
0 0 0 0 0 0 0 0 0 0 0 0 0 0 0
1.00 -0.33 -0.42 -0.20 0.07 0.03 -0.05 -0.05 0.00 0.00 0.00 0.00 0.00 0.00 0.00
0 0 0 0 0 0 0 0 0 0 0 0 0 0 0
