1.00 4.91 8.97 7.56 6.21 14.41 7.82 1.37 0.00 0.00 0.00 0.00 0.00 0.00 0.00
1.00 9.97 6.53 0.29 16.67 10.47 -0.62 1.27 0.00 0.00 0.00 0.00 0.00 0.00 0.00
1.00 -1.46 -2.27 -1.32 -3.41 -4.17 -1.27 -0.39 0.00 0.00 0.00 0.00 0.00 0.00 0.00
0 0 0 0 0 0 0 0 0 0 0 0 0 0 0
1.00 -1.85 -2.62 -1.50 -3.95 -4.72 -1.43 -0.45 0.00 0.00 0.00 0.00 0.00 0.00 0.00
0 0 0 0 0 0 0 0 0 0 0 0 0 0 0
1.00 -1.85 -2.62 -1.50 -3.95 -4.72 -1.43 -0.45 0.00 0.00 0.00 0.00 0.00 0.00 0.00
0 0 0 0 0 0 0 0 0 0 0 0 0 0 0
1.00 -2.59 -2.67 -1.39 -4.10 -4.44 -1.18 -0.42 0.00 0.00 0.00 0.00 0.00 0.00 0.00
0 0 0 0 0 0 0 0 0 0 0 0 0 0 0
1.00 -2.54 -2.53 -1.39 -3.69 -3.96 -1.18 -0.39 0.00 0.00 0.00 0.00 0.00 0.00 0.00
0 0 0 0 0 0 0 0 0 0 0 0 0 0 0
1.00 -2.32 -2.24 -1.23 -3.12 -3.30 -0.85 -0.30 0.00 0.00 0.00 0.00 0.00 0.00 0.00
0 0 0 0 0 0 0 0 0 0 0 0 0 0 0
1.00 -1.57 -1.41 -0.72 -2.06 -2.21 -0.68 -0.25 0.00 0.00 0.00 0.00 0.00 0.00 0.00
0 0 0 0 0 0 0 0 0 0 0 0 0 0 0
1.00 -1.57 -1.39 -0.70 -2.04 -2.16 -0.67 -0.25 0.00 0.00 0.00 0.00 0.00 0.00 0.00
0 0 0 0 0 0 0 0 0 0 0 0 0 0 0
1.00 -1.30 -1.13 -0.54 -1.78 -1.72 -0.54 -0.24 0.00 0.00 0.00 0.00 0.00 0.00 0.00
0 0 0 0 0 0 0 0 0 0 0 0 0 0 0
1.00 -0.90 -0.65 -0.35 -1.43 -1.36 -0.36 -0.14 0.00 0.00 0.00 0.00 0.00 0.00 0.00
0 0 0 0 0 0 0 0 0 0 0 0 0 0 0
1.00 -0.60 -0.47 -0.30 -0.92 -0.94 -0.30 -0.10 0.00 0.00 0.00 0.00 0.00 0.00 0.00
0 0 0 0 0 0 0 0 0 0 0 0 0 0 0
