1.00 6.92 10.33 7.41 0.14 -0.66 0.73 0.36 0.00 0.00 0.00 0.00 0.00 0.00 0.00
1.00 6.64 2.49 -2.31 -0.65 -0.98 -0.47 0.01 0.00 0.00 0.00 0.00 0.00 0.00 0.00
1.00 -3.97 -4.16 -3.01 -0.08 0.22 -0.42 -0.14 0.00 0.00 0.00 0.00 0.00 0.00 0.00
0 0 0 0 0 0 0 0 0 0 0 0 0 0 0
1.00 -3.81 -3.85 -2.62 0.08 0.53 -0.44 -0.11 0.00 0.00 0.00 0.00 0.00 0.00 0.00
0 0 0 0 0 0 0 0 0 0 0 0 0 0 0
1.00 -3.81 -3.85 -2.62 0.08 0.53 -0.44 -0.11 0.00 0.00 0.00 0.00 0.00 0.00 0.00
0 0 0 0 0 0 0 0 0 0 0 0 0 0 0
1.00 -2.74 -2.56 -1.78 0.02 0.12 -0.38 -0.12 0.00 0.00 0.00 0.00 0.00 0.00 0.00
0 0 0 0 0 0 0 0 0 0 0 0 0 0 0
1.00 -2.75 -2.55 -1.74 0.03 0.16 -0.34 -0.11 0.00 0.00 0.00 0.00 0.00 0.00 0.00
0 0 0 0 0 0 0 0 0 0 0 0 0 0 0
1.00 -2.06 -1.87 -1.16 -0.05 0.21 -0.12 -0.05 0.00 0.00 0.00 0.00 0.00 0.00 0.00
0 0 0 0 0 0 0 0 0 0 0 0 0 0 0
1.00 -1.50 -1.42 -0.86 0.05 0.19 -0.09 -0.04 0.00 0.00 0.00 0.00 0.00 0.00 0.00
0 0 0 0 0 0 0 0 0 0 0 0 0 0 0
1.00 -1.13 -1.01 -0.74 -0.11 -0.02 -0.05 -0.03 0.00 0.00 0.00 0.00 0.00 0.00 0.00
0 0 0 0 0 0 0 0 0 0 0 0 0 0 0
1.00 -0.62 -0.60 -0.34 0.06 0.02 0.06 -0.01 0.00 0.00 0.00 0.00 0.00 0.00 0.00
0 0 0 0 0 0 0 0 0 0 0 0 0 0 0
1.00 -0.42 -0.39 -0.18 0.07 0.03 0.10 0.00 0.00 0.00 0.00 0.00 0.00 0.00 0.00
0 0 0 0 0 0 0 0 0 0 0 0 0 0 0
1.00 -0.28 -0.15 -0.01 -0.06 0.20 0.13 0.05 0.00 0.00 0.00 0.00 0.00 0.00 0.00
0 0 0 0 0 0 0 0 0 0 0 0 0 0 0
