1.00 9.53 10.89 5.85 -0.02 -1.24 0.18 0.38 0.00 0.00 0.00 0.00 0.00 0.00 0.00
1.00 4.56 0.58 -2.15 -0.59 -0.31 -0.36 0.02 0.00 0.00 0.00 0.00 0.00 0.00 0.00
1.00 -2.77 -2.93 -3.05 -0.24 -0.12 -0.61 -0.15 0.00 0.00 0.00 0.00 0.00 0.00 0.00
0 0 0 0 0 0 0 0 0 0 0 0 0 0 0
1.00 -2.58 -2.31 -2.12 -0.41 -0.10 -0.45 -0.13 0.00 0.00 0.00 0.00 0.00 0.00 0.00
0 0 0 0 0 0 0 0 0 0 0 0 0 0 0
1.00 -2.58 -2.31 -2.12 -0.41 -0.10 -0.45 -0.13 0.00 0.00 0.00 0.00 0.00 0.00 0.00
0 0 0 0 0 0 0 0 0 0 0 0 0 0 0
1.00 -2.77 -2.48 -2.22 -0.37 -0.03 -0.44 -0.13 0.00 0.00 0.00 0.00 0.00 0.00 0.00
0 0 0 0 0 0 0 0 0 0 0 0 0 0 0
1.00 -2.51 -2.27 -1.84 -0.37 0.06 -0.27 -0.12 0.00 0.00 0.00 0.00 0.00 0.00 0.00
0 0 0 0 0 0 0 0 0 0 0 0 0 0 0
1.00 -1.73 -1.80 -1.44 -0.06 0.21 -0.08 -0.05 0.00 0.00 0.00 0.00 0.00 0.00 0.00
0 0 0 0 0 0 0 0 0 0 0 0 0 0 0
1.00 -1.67 -1.60 -1.34 -0.21 0.05 -0.25 -0.10 0.00 0.00 0.00 0.00 0.00 0.00 0.00
0 0 0 0 0 0 0 0 0 0 0 0 0 0 0
1.00 -1.12 -0.99 -0.72 -0.18 0.05 -0.00 -0.06 0.00 0.00 0.00 0.00 0.00 0.00 0.00
0 0 0 0 0 0 0 0 0 0 0 0 0 0 0
1.00 -1.01 -0.87 -0.61 -0.10 0.10 0.03 -0.04 0.00 0.00 0.00 0.00 0.00 0.00 0.00
0 0 0 0 0 0 0 0 0 0 0 0 0 0 0
1.00 -0.71 -0.38 -0.33 0.05 0.28 -0.05 0.02 0.00 0.00 0.00 0.00 0.00 0.00 0.00
0 0 0 0 0 0 0 0 0 0 0 0 0 0 0
1.00 -0.39 -0.47 -0.35 0.25 0.05 -0.11 -0.00 0.00 0.00 0.00 0.00 0.00 0.00 0.00
0 0 0 0 0 0 0 0 0 0 0 0 0 0 0
