1.00 -3.38 -2.33 -1.32 2.71 2.61 -0.53 -0.35 0.00 0.00 0.00 0.00 0.00 0.00 0.00
1.00 -0.61 -0.47 -0.08 1.70 0.50 -0.08 -0.01 0.00 0.00 0.00 0.00 0.00 0.00 0.00
1.00 -0.47 -0.33 0.01 1.44 0.35 -0.03 0.00 0.00 0.00 0.00 0.00 0.00 0.00 0.00
0 0 0 0 0 0 0 0 0 0 0 0 0 0 0
1.00 0.57 1.11 0.83 -1.62 -1.10 0.36 0.14 0.00 0.00 0.00 0.00 0.00 0.00 0.00
0 0 0 0 0 0 0 0 0 0 0 0 0 0 0
1.00 0.57 1.11 0.83 -1.62 -1.10 0.36 0.14 0.00 0.00 0.00 0.00 0.00 0.00 0.00
0 0 0 0 0 0 0 0 0 0 0 0 0 0 0
1.00 1.34 1.14 0.70 -1.74 -1.24 0.32 0.08 0.00 0.00 0.00 0.00 0.00 0.00 0.00
0 0 0 0 0 0 0 0 0 0 0 0 0 0 0
1.00 1.09 1.00 0.67 -1.36 -0.94 0.30 0.07 0.00 0.00 0.00 0.00 0.00 0.00 0.00
0 0 0 0 0 0 0 0 0 0 0 0 0 0 0
1.00 0.85 0.71 0.40 -1.07 -0.68 0.23 0.09 0.00 0.00 0.00 0.00 0.00 0.00 0.00
0 0 0 0 0 0 0 0 0 0 0 0 0 0 0
1.00 0.61 0.54 0.34 -1.08 -0.78 0.22 0.01 0.00 0.00 0.00 0.00 0.00 0.00 0.00
0 0 0 0 0 0 0 0 0 0 0 0 0 0 0
1.00 0.46 0.41 0.26 -0.85 -0.59 0.17 0.01 0.00 0.00 0.00 0.00 0.00 0.00 0.00
0 0 0 0 0 0 0 0 0 0 0 0 0 0 0
1.00 0.29 0.07 0.10 -0.74 -0.44 0.03 0.01 0.00 0.00 0.00 0.00 0.00 0.00 0.00
0 0 0 0 0 0 0 0 0 0 0 0 0 0 0
1.00 0.07 0.26 0.16 -0.66 -0.42 0.05 -0.00 0.00 0.00 0.00 0.00 0.00 0.00 0.00
0 0 0 0 0 0 0 0 0 0 0 0 0 0 0
1.00 0.10 0.05 -0.12 -0.49 -0.28 0.05 -0.02 0.00 0.00 0.00 0.00 0.00 0.00 0.00
0 0 0 0 0 0 0 0 0 0 0 0 0 0 0
