1.00 4.87 8.93 6.85 4.85 15.16 7.37 1.41 0.00 0.00 0.00 0.00 0.00 0.00 0.00
1.00 3.64 6.68 5.12 3.62 11.35 5.52 1.06 0.00 0.00 0.00 0.00 0.00 0.00 0.00
1.00 8.56 1.45 -1.93 14.10 0.53 -2.80 0.46 0.00 0.00 0.00 0.00 0.00 0.00 0.00
0 0 0 0 0 0 0 0 0 0 0 0 0 0 0
1.00 -3.12 -4.12 -2.61 -5.40 -7.28 -2.89 -0.78 0.00 0.00 0.00 0.00 0.00 0.00 0.00
0 0 0 0 0 0 0 0 0 0 0 0 0 0 0
1.00 -3.12 -4.12 -2.61 -5.40 -7.28 -2.89 -0.78 0.00 0.00 0.00 0.00 0.00 0.00 0.00
0 0 0 0 0 0 0 0 0 0 0 0 0 0 0
1.00 -3.59 -3.93 -2.65 -4.92 -6.12 -2.67 -0.67 0.00 0.00 0.00 0.00 0.00 0.00 0.00
0 0 0 0 0 0 0 0 0 0 0 0 0 0 0
1.00 -3.44 -3.44 -1.88 -4.18 -5.36 -2.13 -0.63 0.00 0.00 0.00 0.00 0.00 0.00 0.00
0 0 0 0 0 0 0 0 0 0 0 0 0 0 0
1.00 -1.98 -1.88 -1.25 -2.90 -3.58 -1.42 -0.37 0.00 0.00 0.00 0.00 0.00 0.00 0.00
0 0 0 0 0 0 0 0 0 0 0 0 0 0 0
1.00 -2.07 -1.94 -1.27 -2.97 -3.60 -1.40 -0.37 0.00 0.00 0.00 0.00 0.00 0.00 0.00
0 0 0 0 0 0 0 0 0 0 0 0 0 0 0
1.00 -1.71 -1.51 -0.93 -2.25 -2.84 -1.06 -0.26 0.00 0.00 0.00 0.00 0.00 0.00 0.00
0 0 0 0 0 0 0 0 0 0 0 0 0 0 0
1.00 -1.29 -1.44 -0.77 -1.79 -2.33 -0.77 -0.25 0.00 0.00 0.00 0.00 0.00 0.00 0.00
0 0 0 0 0 0 0 0 0 0 0 0 0 0 0
1.00 -1.22 -0.95 -0.58 -1.41 -1.64 -0.70 -0.19 0.00 0.00 0.00 0.00 0.00 0.00 0.00
0 0 0 0 0 0 0 0 0 0 0 0 0 0 0
1.00 -0.65 -0.65 -0.28 -0.95 -0.91 -0.28 -0.09 0.00 0.00 0.00 0.00 0.00 0.00 0.00
0 0 0 0 0 0 0 0 0 0 0 0 0 0 0
