1.00 -1.51 -2.11 -1.71 0.77 2.06 -1.04 -0.30 0.00 0.00 0.00 0.00 0.00 0.00 0.00
1.00 -2.04 -1.19 -0.96 4.35 1.12 -0.58 -0.15 0.00 0.00 0.00 0.00 0.00 0.00 0.00
1.00 -0.55 0.13 0.20 -0.41 -0.61 0.22 0.00 0.00 0.00 0.00 0.00 0.00 0.00 0.00
0 0 0 0 0 0 0 0 0 0 0 0 0 0 0
1.00 -0.36 0.26 0.30 -0.53 -0.66 0.28 0.02 0.00 0.00 0.00 0.00 0.00 0.00 0.00
0 0 0 0 0 0 0 0 0 0 0 0 0 0 0
1.00 -0.36 0.26 0.30 -0.53 -0.66 0.28 0.02 0.00 0.00 0.00 0.00 0.00 0.00 0.00
0 0 0 0 0 0 0 0 0 0 0 0 0 0 0
1.00 1.29 1.09 0.87 -1.28 -0.73 0.46 0.11 0.00 0.00 0.00 0.00 0.00 0.00 0.00
0 0 0 0 0 0 0 0 0 0 0 0 0 0 0
1.00 1.51 1.08 0.80 -0.92 -0.52 0.35 0.13 0.00 0.00 0.00 0.00 0.00 0.00 0.00
0 0 0 0 0 0 0 0 0 0 0 0 0 0 0
1.00 1.19 0.76 0.61 -1.00 -0.74 0.27 0.06 0.00 0.00 0.00 0.00 0.00 0.00 0.00
0 0 0 0 0 0 0 0 0 0 0 0 0 0 0
1.00 1.03 0.82 0.62 -0.82 -0.26 0.28 0.08 0.00 0.00 0.00 0.00 0.00 0.00 0.00
0 0 0 0 0 0 0 0 0 0 0 0 0 0 0
1.00 0.81 0.64 0.48 -0.62 -0.18 0.23 0.07 0.00 0.00 0.00 0.00 0.00 0.00 0.00
0 0 0 0 0 0 0 0 0 0 0 0 0 0 0
1.00 0.78 0.65 0.36 -0.44 -0.20 0.17 0.03 0.00 0.00 0.00 0.00 0.00 0.00 0.00
0 0 0 0 0 0 0 0 0 0 0 0 0 0 0
1.00 0.60 0.17 0.19 -0.22 -0.32 -0.03 0.04 0.00 0.00 0.00 0.00 0.00 0.00 0.00
0 0 0 0 0 0 0 0 0 0 0 0 0 0 0
1.00 0.27 0.12 0.16 -0.26 -0.07 0.11 0.01 0.00 0.00 0.00 0.00 0.00 0.00 0.00
0 0 0 0 0 0 0 0 0 0 0 0 0 0 0
