1.00 9.38 9.64 5.27 13.37 18.39 5.76 1.81 0.00 0.00 0.00 0.00 0.00 0.00 0.00
1.00 5.08 -0.21 -1.34 6.30 -3.00 -1.73 0.00 0.00 0.00 0.00 0.00 0.00 0.00 0.00
1.00 -2.24 -1.68 -1.44 -3.64 -3.10 -1.64 -0.38 0.00 0.00 0.00 0.00 0.00 0.00 0.00
0 0 0 0 0 0 0 0 0 0 0 0 0 0 0
1.00 -2.56 -1.88 -1.57 -4.04 -3.41 -1.76 -0.42 0.00 0.00 0.00 0.00 0.00 0.00 0.00
0 0 0 0 0 0 0 0 0 0 0 0 0 0 0
1.00 -2.56 -1.88 -1.57 -4.04 -3.41 -1.76 -0.42 0.00 0.00 0.00 0.00 0.00 0.00 0.00
0 0 0 0 0 0 0 0 0 0 0 0 0 0 0
1.00 -2.82 -1.82 -1.55 -3.89 -3.08 -1.44 -0.43 0.00 0.00 0.00 0.00 0.00 0.00 0.00
0 0 0 0 0 0 0 0 0 0 0 0 0 0 0
1.00 -2.59 -1.59 -1.22 -3.44 -2.41 -1.22 -0.34 0.00 0.00 0.00 0.00 0.00 0.00 0.00
0 0 0 0 0 0 0 0 0 0 0 0 0 0 0
1.00 -2.12 -1.26 -0.87 -2.81 -2.11 -0.84 -0.24 0.00 0.00 0.00 0.00 0.00 0.00 0.00
0 0 0 0 0 0 0 0 0 0 0 0 0 0 0
1.00 -1.68 -0.92 -0.72 -2.28 -1.71 -0.74 -0.23 0.00 0.00 0.00 0.00 0.00 0.00 0.00
0 0 0 0 0 0 0 0 0 0 0 0 0 0 0
1.00 -1.06 -0.74 -0.41 -1.42 -1.11 -0.45 -0.17 0.00 0.00 0.00 0.00 0.00 0.00 0.00
0 0 0 0 0 0 0 0 0 0 0 0 0 0 0
1.00 -0.98 -0.68 -0.36 -1.28 -0.99 -0.39 -0.16 0.00 0.00 0.00 0.00 0.00 0.00 0.00
0 0 0 0 0 0 0 0 0 0 0 0 0 0 0
1.00 -0.70 -0.43 -0.25 -0.79 -0.66 -0.19 -0.04 0.00 0.00 0.00 0.00 0.00 0.00 0.00
0 0 0 0 0 0 0 0 0 0 0 0 0 0 0
1.00 -0.46 -0.45 -0.25 -0.40 -0.40 -0.15 -0.03 0.00 0.00 0.00 0.00 0.00 0.00 0.00
0 0 0 0 0 0 0 0 0 0 0 0 0 0 0
