1.00 9.88 10.41 5.58 0.05 -1.13 0.29 0.33 0.00 0.00 0.00 0.00 0.00 0.00 0.00
1.00 5.05 1.96 -0.78 -0.27 -0.22 0.13 0.13 0.00 0.00 0.00 0.00 0.00 0.00 0.00
1.00 -1.87 -3.33 -3.23 0.20 0.46 -0.49 -0.03 0.00 0.00 0.00 0.00 0.00 0.00 0.00
0 0 0 0 0 0 0 0 0 0 0 0 0 0 0
1.00 -2.69 -3.02 -2.41 0.19 0.36 -0.37 -0.06 0.00 0.00 0.00 0.00 0.00 0.00 0.00
0 0 0 0 0 0 0 0 0 0 0 0 0 0 0
1.00 -2.69 -3.02 -2.41 0.19 0.36 -0.37 -0.06 0.00 0.00 0.00 0.00 0.00 0.00 0.00
0 0 0 0 0 0 0 0 0 0 0 0 0 0 0
1.00 -2.94 -3.22 -2.54 0.17 0.38 -0.40 -0.08 0.00 0.00 0.00 0.00 0.00 0.00 0.00
0 0 0 0 0 0 0 0 0 0 0 0 0 0 0
1.00 -2.66 -2.69 -2.03 -0.01 0.38 -0.31 -0.09 0.00 0.00 0.00 0.00 0.00 0.00 0.00
0 0 0 0 0 0 0 0 0 0 0 0 0 0 0
1.00 -2.39 -2.30 -1.66 0.04 0.10 -0.34 -0.08 0.00 0.00 0.00 0.00 0.00 0.00 0.00
0 0 0 0 0 0 0 0 0 0 0 0 0 0 0
1.00 -1.77 -1.76 -1.29 -0.07 0.26 -0.25 -0.06 0.00 0.00 0.00 0.00 0.00 0.00 0.00
0 0 0 0 0 0 0 0 0 0 0 0 0 0 0
1.00 -1.48 -1.38 -1.02 -0.10 -0.08 -0.16 -0.08 0.00 0.00 0.00 0.00 0.00 0.00 0.00
0 0 0 0 0 0 0 0 0 0 0 0 0 0 0
1.00 -0.98 -0.74 -0.56 -0.08 0.09 -0.17 -0.05 0.00 0.00 0.00 0.00 0.00 0.00 0.00
0 0 0 0 0 0 0 0 0 0 0 0 0 0 0
1.00 -0.85 -0.60 -0.43 -0.08 0.07 -0.14 -0.05 0.00 0.00 0.00 0.00 0.00 0.00 0.00
0 0 0 0 0 0 0 0 0 0 0 0 0 0 0
1.00 -0.41 -0.27 -0.12 0.00 0.08 0.05 0.04 0.00 0.00 0.00 0.00 0.00 0.00 0.00
0 0 0 0 0 0 0 0 0 0 0 0 0 0 0
