1.00 -0.44 -0.30 -0.10 -0.02 0.04 0.22 0.02 0.00 0.00 0.00 0.00 0.00 0.00 0.00
1.00 -0.07 -0.07 0.14 0.16 0.02 0.10 -0.00 0.00 0.00 0.00 0.00 0.00 0.00 0.00
1.00 0.17 0.25 0.31 0.21 0.22 0.15 0.03 0.00 0.00 0.00 0.00 0.00 0.00 0.00
0 0 0 0 0 0 0 0 0 0 0 0 0 0 0
1.00 0.32 0.29 0.38 0.12 0.15 0.21 0.01 0.00 0.00 0.00 0.00 0.00 0.00 0.00
0 0 0 0 0 0 0 0 0 0 0 0 0 0 0
1.00 0.32 0.29 0.38 0.12 0.15 0.21 0.01 0.00 0.00 0.00 0.00 0.00 0.00 0.00
0 0 0 0 0 0 0 0 0 0 0 0 0 0 0
1.00 0.32 0.40 0.54 0.13 0.12 0.29 0.02 0.00 0.00 0.00 0.00 0.00 0.00 0.00
0 0 0 0 0 0 0 0 0 0 0 0 0 0 0
1.00 0.45 0.52 0.59 0.15 0.13 0.26 0.03 0.00 0.00 0.00 0.00 0.00 0.00 0.00
0 0 0 0 0 0 0 0 0 0 0 0 0 0 0
1.00 0.45 0.67 0.55 0.20 0.28 0.20 0.10 0.00 0.00 0.00 0.00 0.00 0.00 0.00
0 0 0 0 0 0 0 0 0 0 0 0 0 0 0
1.00 0.76 0.66 0.37 0.22 -0.02 0.07 0.02 0.00 0.00 0.00 0.00 0.00 0.00 0.00
0 0 0 0 0 0 0 0 0 0 0 0 0 0 0
1.00 0.54 0.57 0.63 0.01 0.06 0.21 -0.00 0.00 0.00 0.00 0.00 0.00 0.00 0.00
0 0 0 0 0 0 0 0 0 0 0 0 0 0 0
1.00 0.73 0.71 0.53 0.12 0.17 0.17 0.09 0.00 0.00 0.00 0.00 0.00 0.00 0.00
0 0 0 0 0 0 0 0 0 0 0 0 0 0 0
1.00 0.70 0.67 0.56 0.12 0.17 0.11 0.05 0.00 0.00 0.00 0.00 0.00 0.00 0.00
0 0 0 0 0 0 0 0 0 0 0 0 0 0 0
1.00 0.65 0.63 0.51 0.12 0.15 0.10 0.05 0.00 0.00 0.00 0.00 0.00 0.00 0.00
0 0 0 0 0 0 0 0 0 0 0 0 0 0 0
