1.00 10.02 11.26 6.16 0.52 -0.82 0.43 0.41 0.00 0.00 0.00 0.00 0.00 0.00 0.00
1.00 4.22 2.26 -1.90 -0.32 -0.48 -0.33 0.07 0.00 0.00 0.00 0.00 0.00 0.00 0.00
1.00 3.55 1.66 -2.21 -0.32 -0.42 -0.39 0.04 0.00 0.00 0.00 0.00 0.00 0.00 0.00
0 0 0 0 0 0 0 0 0 0 0 0 0 0 0
1.00 -4.95 -4.73 -3.02 -0.08 0.46 -0.48 -0.17 0.00 0.00 0.00 0.00 0.00 0.00 0.00
0 0 0 0 0 0 0 0 0 0 0 0 0 0 0
1.00 -4.95 -4.73 -3.02 -0.08 0.46 -0.48 -0.17 0.00 0.00 0.00 0.00 0.00 0.00 0.00
0 0 0 0 0 0 0 0 0 0 0 0 0 0 0
1.00 -4.72 -4.25 -2.63 -0.08 0.51 -0.39 -0.14 0.00 0.00 0.00 0.00 0.00 0.00 0.00
0 0 0 0 0 0 0 0 0 0 0 0 0 0 0
1.00 -4.02 -3.85 -2.36 -0.07 0.25 -0.46 -0.16 0.00 0.00 0.00 0.00 0.00 0.00 0.00
0 0 0 0 0 0 0 0 0 0 0 0 0 0 0
1.00 -3.40 -3.02 -1.93 -0.21 0.18 -0.47 -0.13 0.00 0.00 0.00 0.00 0.00 0.00 0.00
0 0 0 0 0 0 0 0 0 0 0 0 0 0 0
1.00 -2.31 -1.97 -1.11 -0.14 0.12 -0.21 -0.08 0.00 0.00 0.00 0.00 0.00 0.00 0.00
0 0 0 0 0 0 0 0 0 0 0 0 0 0 0
1.00 -2.19 -1.85 -0.98 -0.11 0.12 -0.18 -0.07 0.00 0.00 0.00 0.00 0.00 0.00 0.00
0 0 0 0 0 0 0 0 0 0 0 0 0 0 0
1.00 -1.53 -1.31 -0.72 -0.17 0.22 -0.19 -0.05 0.00 0.00 0.00 0.00 0.00 0.00 0.00
0 0 0 0 0 0 0 0 0 0 0 0 0 0 0
1.00 -1.06 -1.05 -0.36 -0.15 -0.22 -0.06 -0.10 0.00 0.00 0.00 0.00 0.00 0.00 0.00
0 0 0 0 0 0 0 0 0 0 0 0 0 0 0
1.00 -0.58 -0.44 -0.30 0.03 0.12 -0.08 -0.01 0.00 0.00 0.00 0.00 0.00 0.00 0.00
0 0 0 0 0 0 0 0 0 0 0 0 0 0 0
