1.00 8.41 11.51 8.21 0.03 -0.95 0.88 0.39 0.00 0.00 0.00 0.00 0.00 0.00 0.00
1.00 7.33 5.43 -0.10 -0.62 -1.35 0.00 0.16 0.00 0.00 0.00 0.00 0.00 0.00 0.00
1.00 5.26 3.74 -0.38 -0.48 -0.99 -0.04 0.11 0.00 0.00 0.00 0.00 0.00 0.00 0.00
0 0 0 0 0 0 0 0 0 0 0 0 0 0 0
1.00 -4.71 -5.31 -2.88 0.06 0.74 -0.44 -0.13 0.00 0.00 0.00 0.00 0.00 0.00 0.00
0 0 0 0 0 0 0 0 0 0 0 0 0 0 0
1.00 -4.71 -5.31 -2.88 0.06 0.74 -0.44 -0.13 0.00 0.00 0.00 0.00 0.00 0.00 0.00
0 0 0 0 0 0 0 0 0 0 0 0 0 0 0
1.00 -5.14 -5.25 -2.73 0.14 0.93 -0.43 -0.12 0.00 0.00 0.00 0.00 0.00 0.00 0.00
0 0 0 0 0 0 0 0 0 0 0 0 0 0 0
1.00 -4.80 -4.57 -2.32 0.16 0.88 -0.26 -0.11 0.00 0.00 0.00 0.00 0.00 0.00 0.00
0 0 0 0 0 0 0 0 0 0 0 0 0 0 0
1.00 -3.17 -3.04 -1.57 0.11 0.40 -0.16 -0.13 0.00 0.00 0.00 0.00 0.00 0.00 0.00
0 0 0 0 0 0 0 0 0 0 0 0 0 0 0
1.00 -3.14 -3.01 -1.53 0.12 0.40 -0.16 -0.13 0.00 0.00 0.00 0.00 0.00 0.00 0.00
0 0 0 0 0 0 0 0 0 0 0 0 0 0 0
1.00 -2.37 -2.27 -1.24 0.24 0.48 -0.22 -0.04 0.00 0.00 0.00 0.00 0.00 0.00 0.00
0 0 0 0 0 0 0 0 0 0 0 0 0 0 0
1.00 -1.82 -1.90 -0.89 0.06 0.08 -0.19 -0.10 0.00 0.00 0.00 0.00 0.00 0.00 0.00
0 0 0 0 0 0 0 0 0 0 0 0 0 0 0
1.00 -1.33 -1.22 -0.59 -0.04 0.13 -0.16 -0.05 0.00 0.00 0.00 0.00 0.00 0.00 0.00
0 0 0 0 0 0 0 0 0 0 0 0 0 0 0
1.00 -0.78 -0.62 -0.35 -0.06 0.26 -0.11 -0.02 0.00 0.00 0.00 0.00 0.00 0.00 0.00
0 0 0 0 0 0 0 0 0 0 0 0 0 0 0
