1.00 -2.48 -1.62 -0.64 2.91 2.22 -0.38 -0.25 0.00 0.00 0.00 0.00 0.00 0.00 0.00
1.00 -0.98 -0.36 0.04 0.50 -0.29 0.15 0.02 0.00 0.00 0.00 0.00 0.00 0.00 0.00
1.00 0.58 0.80 0.72 -0.73 -0.50 0.34 0.12 0.00 0.00 0.00 0.00 0.00 0.00 0.00
0 0 0 0 0 0 0 0 0 0 0 0 0 0 0
1.00 0.68 0.88 0.76 -0.78 -0.52 0.37 0.13 0.00 0.00 0.00 0.00 0.00 0.00 0.00
0 0 0 0 0 0 0 0 0 0 0 0 0 0 0
1.00 0.68 0.88 0.76 -0.78 -0.52 0.37 0.13 0.00 0.00 0.00 0.00 0.00 0.00 0.00
0 0 0 0 0 0 0 0 0 0 0 0 0 0 0
1.00 1.05 1.07 0.67 -0.60 -0.35 0.44 0.13 0.00 0.00 0.00 0.00 0.00 0.00 0.00
0 0 0 0 0 0 0 0 0 0 0 0 0 0 0
1.00 0.86 0.79 0.52 -0.48 -0.31 0.37 0.04 0.00 0.00 0.00 0.00 0.00 0.00 0.00
0 0 0 0 0 0 0 0 0 0 0 0 0 0 0
1.00 0.65 0.62 0.35 -0.62 -0.37 0.20 0.04 0.00 0.00 0.00 0.00 0.00 0.00 0.00
0 0 0 0 0 0 0 0 0 0 0 0 0 0 0
1.00 0.54 0.39 0.19 -0.47 -0.24 0.09 0.02 0.00 0.00 0.00 0.00 0.00 0.00 0.00
0 0 0 0 0 0 0 0 0 0 0 0 0 0 0
1.00 0.44 0.55 0.21 -0.47 -0.02 0.12 0.00 0.00 0.00 0.00 0.00 0.00 0.00 0.00
0 0 0 0 0 0 0 0 0 0 0 0 0 0 0
1.00 0.32 0.39 0.13 -0.33 0.00 0.08 0.00 0.00 0.00 0.00 0.00 0.00 0.00 0.00
0 0 0 0 0 0 0 0 0 0 0 0 0 0 0
1.00 0.30 0.02 0.04 -0.24 -0.31 0.06 0.01 0.00 0.00 0.00 0.00 0.00 0.00 0.00
0 0 0 0 0 0 0 0 0 0 0 0 0 0 0
1.00 0.09 0.08 -0.01 -0.16 -0.09 0.02 0.02 0.00 0.00 0.00 0.00 0.00 0.00 0.00
0 0 0 0 0 0 0 0 0 0 0 0 0 0 0
