1.00 7.54 9.55 6.60 8.64 17.27 7.75 1.66 0.00 0.00 0.00 0.00 0.00 0.00 0.00
1.00 9.06 4.00 -0.58 14.31 5.16 -1.47 0.83 0.00 0.00 0.00 0.00 0.00 0.00 0.00
1.00 -2.05 -2.39 -1.51 -4.92 -5.54 -1.91 -0.49 0.00 0.00 0.00 0.00 0.00 0.00 0.00
0 0 0 0 0 0 0 0 0 0 0 0 0 0 0
1.00 -2.74 -2.28 -1.21 -3.84 -3.94 -1.38 -0.45 0.00 0.00 0.00 0.00 0.00 0.00 0.00
0 0 0 0 0 0 0 0 0 0 0 0 0 0 0
1.00 -2.74 -2.28 -1.21 -3.84 -3.94 -1.38 -0.45 0.00 0.00 0.00 0.00 0.00 0.00 0.00
0 0 0 0 0 0 0 0 0 0 0 0 0 0 0
1.00 -3.02 -2.48 -1.31 -4.17 -4.21 -1.47 -0.48 0.00 0.00 0.00 0.00 0.00 0.00 0.00
0 0 0 0 0 0 0 0 0 0 0 0 0 0 0
1.00 -2.81 -2.11 -1.13 -3.50 -3.34 -1.20 -0.36 0.00 0.00 0.00 0.00 0.00 0.00 0.00
0 0 0 0 0 0 0 0 0 0 0 0 0 0 0
1.00 -2.35 -1.96 -1.14 -2.89 -2.97 -1.06 -0.43 0.00 0.00 0.00 0.00 0.00 0.00 0.00
0 0 0 0 0 0 0 0 0 0 0 0 0 0 0
1.00 -2.20 -1.56 -0.82 -2.47 -2.30 -0.88 -0.30 0.00 0.00 0.00 0.00 0.00 0.00 0.00
0 0 0 0 0 0 0 0 0 0 0 0 0 0 0
1.00 -1.23 -0.95 -0.47 -1.43 -1.43 -0.34 -0.14 0.00 0.00 0.00 0.00 0.00 0.00 0.00
0 0 0 0 0 0 0 0 0 0 0 0 0 0 0
1.00 -1.15 -0.88 -0.42 -1.33 -1.29 -0.29 -0.13 0.00 0.00 0.00 0.00 0.00 0.00 0.00
0 0 0 0 0 0 0 0 0 0 0 0 0 0 0
1.00 -0.68 -0.51 -0.32 -1.03 -0.89 -0.32 -0.06 0.00 0.00 0.00 0.00 0.00 0.00 0.00
0 0 0 0 0 0 0 0 0 0 0 0 0 0 0
1.00 -0.64 -0.36 -0.19 -0.73 -0.67 -0.19 -0.07 0.00 0.00 0.00 0.00 0.00 0.00 0.00
0 0 0 0 0 0 0 0 0 0 0 0 0 0 0
