1.00 11.83 8.17 2.12 19.07 15.53 1.36 1.69 0.00 0.00 0.00 0.00 0.00 0.00 0.00
1.00 0.79 -1.71 -1.49 -2.24 -4.53 -1.80 -0.34 0.00 0.00 0.00 0.00 0.00 0.00 0.00
1.00 -1.99 -2.18 -1.36 -3.06 -3.60 -1.55 -0.33 0.00 0.00 0.00 0.00 0.00 0.00 0.00
0 0 0 0 0 0 0 0 0 0 0 0 0 0 0
1.00 -2.28 -2.42 -1.49 -3.41 -3.95 -1.67 -0.37 0.00 0.00 0.00 0.00 0.00 0.00 0.00
0 0 0 0 0 0 0 0 0 0 0 0 0 0 0
1.00 -2.28 -2.42 -1.49 -3.41 -3.95 -1.67 -0.37 0.00 0.00 0.00 0.00 0.00 0.00 0.00
0 0 0 0 0 0 0 0 0 0 0 0 0 0 0
1.00 -2.46 -2.24 -1.32 -3.15 -3.50 -1.24 -0.37 0.00 0.00 0.00 0.00 0.00 0.00 0.00
0 0 0 0 0 0 0 0 0 0 0 0 0 0 0
1.00 -2.07 -1.89 -1.00 -2.67 -2.86 -0.98 -0.27 0.00 0.00 0.00 0.00 0.00 0.00 0.00
0 0 0 0 0 0 0 0 0 0 0 0 0 0 0
1.00 -1.72 -1.56 -0.94 -2.21 -2.46 -1.02 -0.29 0.00 0.00 0.00 0.00 0.00 0.00 0.00
0 0 0 0 0 0 0 0 0 0 0 0 0 0 0
1.00 -1.50 -1.31 -0.73 -1.93 -2.03 -0.72 -0.26 0.00 0.00 0.00 0.00 0.00 0.00 0.00
0 0 0 0 0 0 0 0 0 0 0 0 0 0 0
1.00 -0.94 -0.83 -0.40 -1.29 -1.22 -0.39 -0.14 0.00 0.00 0.00 0.00 0.00 0.00 0.00
0 0 0 0 0 0 0 0 0 0 0 0 0 0 0
1.00 -0.89 -0.75 -0.35 -1.18 -1.09 -0.34 -0.13 0.00 0.00 0.00 0.00 0.00 0.00 0.00
0 0 0 0 0 0 0 0 0 0 0 0 0 0 0
1.00 -0.47 -0.39 -0.32 -0.73 -0.89 -0.42 -0.08 0.00 0.00 0.00 0.00 0.00 0.00 0.00
0 0 0 0 0 0 0 0 0 0 0 0 0 0 0
1.00 -0.54 -0.46 -0.28 -0.68 -0.65 -0.25 -0.11 0.00 0.00 0.00 0.00 0.00 0.00 0.00
0 0 0 0 0 0 0 0 0 0 0 0 0 0 0
