1.00 9.42 12.28 8.43 0.12 -0.93 1.08 0.38 0.00 0.00 0.00 0.00 0.00 0.00 0.00
1.00 7.55 3.85 -1.44 -0.66 -1.36 -0.34 0.09 0.00 0.00 0.00 0.00 0.00 0.00 0.00
1.00 -3.13 -3.14 -2.75 -0.03 0.35 -0.50 -0.08 0.00 0.00 0.00 0.00 0.00 0.00 0.00
0 0 0 0 0 0 0 0 0 0 0 0 0 0 0
1.00 -2.88 -2.89 -2.21 -0.17 0.13 -0.46 -0.12 0.00 0.00 0.00 0.00 0.00 0.00 0.00
0 0 0 0 0 0 0 0 0 0 0 0 0 0 0
1.00 -2.88 -2.89 -2.21 -0.17 0.13 -0.46 -0.12 0.00 0.00 0.00 0.00 0.00 0.00 0.00
0 0 0 0 0 0 0 0 0 0 0 0 0 0 0
1.00 -3.16 -3.14 -2.36 -0.15 0.18 -0.47 -0.12 0.00 0.00 0.00 0.00 0.00 0.00 0.00
0 0 0 0 0 0 0 0 0 0 0 0 0 0 0
1.00 -3.11 -2.97 -2.01 -0.11 0.32 -0.32 -0.15 0.00 0.00 0.00 0.00 0.00 0.00 0.00
0 0 0 0 0 0 0 0 0 0 0 0 0 0 0
1.00 -2.60 -2.30 -1.65 0.09 0.28 -0.27 -0.04 0.00 0.00 0.00 0.00 0.00 0.00 0.00
0 0 0 0 0 0 0 0 0 0 0 0 0 0 0
1.00 -2.11 -2.10 -1.51 0.02 0.32 -0.20 -0.04 0.00 0.00 0.00 0.00 0.00 0.00 0.00
0 0 0 0 0 0 0 0 0 0 0 0 0 0 0
1.00 -1.49 -1.45 -1.04 0.05 0.17 -0.21 -0.07 0.00 0.00 0.00 0.00 0.00 0.00 0.00
0 0 0 0 0 0 0 0 0 0 0 0 0 0 0
1.00 -1.37 -1.33 -0.92 0.07 0.17 -0.18 -0.07 0.00 0.00 0.00 0.00 0.00 0.00 0.00
0 0 0 0 0 0 0 0 0 0 0 0 0 0 0
1.00 -1.11 -0.77 -0.58 0.06 0.21 -0.04 -0.03 0.00 0.00 0.00 0.00 0.00 0.00 0.00
0 0 0 0 0 0 0 0 0 0 0 0 0 0 0
1.00 -0.77 -0.82 -0.60 -0.07 -0.09 -0.15 -0.08 0.00 0.00 0.00 0.00 0.00 0.00 0.00
0 0 0 0 0 0 0 0 0 0 0 0 0 0 0
