1.00 8.94 9.44 4.30 11.79 17.11 4.65 1.70 0.00 0.00 0.00 0.00 0.00 0.00 0.00
1.00 6.42 1.13 -1.77 9.61 -0.14 -1.97 0.29 0.00 0.00 0.00 0.00 0.00 0.00 0.00
1.00 -3.34 -2.27 -2.04 -5.20 -4.09 -1.97 -0.49 0.00 0.00 0.00 0.00 0.00 0.00 0.00
0 0 0 0 0 0 0 0 0 0 0 0 0 0 0
1.00 -3.37 -2.24 -1.67 -4.67 -3.76 -1.67 -0.49 0.00 0.00 0.00 0.00 0.00 0.00 0.00
0 0 0 0 0 0 0 0 0 0 0 0 0 0 0
1.00 -3.37 -2.24 -1.67 -4.67 -3.76 -1.67 -0.49 0.00 0.00 0.00 0.00 0.00 0.00 0.00
0 0 0 0 0 0 0 0 0 0 0 0 0 0 0
1.00 -2.18 -1.44 -1.08 -3.16 -2.41 -1.02 -0.28 0.00 0.00 0.00 0.00 0.00 0.00 0.00
0 0 0 0 0 0 0 0 0 0 0 0 0 0 0
1.00 -2.32 -1.53 -1.11 -3.33 -2.54 -1.04 -0.29 0.00 0.00 0.00 0.00 0.00 0.00 0.00
0 0 0 0 0 0 0 0 0 0 0 0 0 0 0
1.00 -2.06 -1.45 -0.96 -2.76 -2.29 -0.90 -0.29 0.00 0.00 0.00 0.00 0.00 0.00 0.00
0 0 0 0 0 0 0 0 0 0 0 0 0 0 0
1.00 -1.76 -1.21 -0.77 -2.47 -1.92 -0.73 -0.28 0.00 0.00 0.00 0.00 0.00 0.00 0.00
0 0 0 0 0 0 0 0 0 0 0 0 0 0 0
1.00 -1.25 -0.85 -0.60 -1.87 -1.50 -0.56 -0.21 0.00 0.00 0.00 0.00 0.00 0.00 0.00
0 0 0 0 0 0 0 0 0 0 0 0 0 0 0
1.00 -0.86 -0.63 -0.33 -1.30 -1.14 -0.41 -0.10 0.00 0.00 0.00 0.00 0.00 0.00 0.00
0 0 0 0 0 0 0 0 0 0 0 0 0 0 0
1.00 -0.72 -0.43 -0.21 -1.15 -0.69 -0.19 -0.08 0.00 0.00 0.00 0.00 0.00 0.00 0.00
0 0 0 0 0 0 0 0 0 0 0 0 0 0 0
1.00 -0.49 -0.27 -0.10 -0.76 -0.43 -0.09 -0.04 0.00 0.00 0.00 0.00 0.00 0.00 0.00
0 0 0 0 0 0 0 0 0 0 0 0 0 0 0
