1.00 -1.26 -2.27 -1.88 0.69 1.95 -1.10 -0.21 0.00 0.00 0.00 0.00 0.00 0.00 0.00
1.00 -2.39 -1.01 -0.85 3.83 1.15 -0.40 -0.12 0.00 0.00 0.00 0.00 0.00 0.00 0.00
1.00 -0.92 -0.36 0.13 0.24 -0.37 0.07 -0.00 0.00 0.00 0.00 0.00 0.00 0.00 0.00
0 0 0 0 0 0 0 0 0 0 0 0 0 0 0
1.00 0.52 0.65 0.53 -0.89 -0.60 0.33 0.10 0.00 0.00 0.00 0.00 0.00 0.00 0.00
0 0 0 0 0 0 0 0 0 0 0 0 0 0 0
1.00 0.52 0.65 0.53 -0.89 -0.60 0.33 0.10 0.00 0.00 0.00 0.00 0.00 0.00 0.00
0 0 0 0 0 0 0 0 0 0 0 0 0 0 0
1.00 0.62 0.71 0.56 -1.01 -0.66 0.35 0.11 0.00 0.00 0.00 0.00 0.00 0.00 0.00
0 0 0 0 0 0 0 0 0 0 0 0 0 0 0
1.00 1.04 0.66 0.54 -1.04 -0.68 0.32 0.11 0.00 0.00 0.00 0.00 0.00 0.00 0.00
0 0 0 0 0 0 0 0 0 0 0 0 0 0 0
1.00 1.08 0.68 0.52 -0.79 -0.51 0.25 0.13 0.00 0.00 0.00 0.00 0.00 0.00 0.00
0 0 0 0 0 0 0 0 0 0 0 0 0 0 0
1.00 0.79 0.76 0.42 -0.68 -0.46 0.24 0.09 0.00 0.00 0.00 0.00 0.00 0.00 0.00
0 0 0 0 0 0 0 0 0 0 0 0 0 0 0
1.00 0.57 0.35 0.17 -0.47 -0.36 -0.06 0.02 0.00 0.00 0.00 0.00 0.00 0.00 0.00
0 0 0 0 0 0 0 0 0 0 0 0 0 0 0
1.00 0.52 0.30 0.14 -0.45 -0.33 -0.06 0.02 0.00 0.00 0.00 0.00 0.00 0.00 0.00
0 0 0 0 0 0 0 0 0 0 0 0 0 0 0
1.00 0.06 0.29 0.35 -0.60 -0.15 0.12 0.00 0.00 0.00 0.00 0.00 0.00 0.00 0.00
0 0 0 0 0 0 0 0 0 0 0 0 0 0 0
1.00 0.30 0.25 0.38 -0.15 -0.12 0.15 0.02 0.00 0.00 0.00 0.00 0.00 0.00 0.00
0 0 0 0 0 0 0 0 0 0 0 0 0 0 0
