1.00 10.71 10.19 5.73 15.16 19.14 6.59 1.94 0.00 0.00 0.00 0.00 0.00 0.00 0.00
1.00 7.97 1.59 -1.06 11.66 -0.70 -1.99 0.40 0.00 0.00 0.00 0.00 0.00 0.00 0.00
1.00 5.68 0.92 -1.05 8.31 -1.07 -1.78 0.24 0.00 0.00 0.00 0.00 0.00 0.00 0.00
0 0 0 0 0 0 0 0 0 0 0 0 0 0 0
1.00 -4.87 -2.69 -1.70 -9.32 -4.98 -2.00 -0.63 0.00 0.00 0.00 0.00 0.00 0.00 0.00
0 0 0 0 0 0 0 0 0 0 0 0 0 0 0
1.00 -4.87 -2.69 -1.70 -9.32 -4.98 -2.00 -0.63 0.00 0.00 0.00 0.00 0.00 0.00 0.00
0 0 0 0 0 0 0 0 0 0 0 0 0 0 0
1.00 -5.35 -2.63 -1.77 -8.17 -4.34 -1.67 -0.59 0.00 0.00 0.00 0.00 0.00 0.00 0.00
0 0 0 0 0 0 0 0 0 0 0 0 0 0 0
1.00 -4.95 -2.56 -1.46 -7.18 -3.75 -1.46 -0.53 0.00 0.00 0.00 0.00 0.00 0.00 0.00
0 0 0 0 0 0 0 0 0 0 0 0 0 0 0
1.00 -3.98 -2.02 -1.25 -5.71 -2.97 -1.11 -0.41 0.00 0.00 0.00 0.00 0.00 0.00 0.00
0 0 0 0 0 0 0 0 0 0 0 0 0 0 0
1.00 -2.60 -1.24 -0.67 -3.75 -1.85 -0.68 -0.27 0.00 0.00 0.00 0.00 0.00 0.00 0.00
0 0 0 0 0 0 0 0 0 0 0 0 0 0 0
1.00 -2.57 -1.23 -0.64 -3.62 -1.76 -0.64 -0.27 0.00 0.00 0.00 0.00 0.00 0.00 0.00
0 0 0 0 0 0 0 0 0 0 0 0 0 0 0
1.00 -1.83 -1.06 -0.61 -2.67 -1.47 -0.55 -0.17 0.00 0.00 0.00 0.00 0.00 0.00 0.00
0 0 0 0 0 0 0 0 0 0 0 0 0 0 0
1.00 -1.43 -0.66 -0.37 -2.06 -1.04 -0.36 -0.16 0.00 0.00 0.00 0.00 0.00 0.00 0.00
0 0 0 0 0 0 0 0 0 0 0 0 0 0 0
1.00 -0.91 -0.38 -0.16 -1.32 -0.68 -0.21 -0.12 0.00 0.00 0.00 0.00 0.00 0.00 0.00
0 0 0 0 0 0 0 0 0 0 0 0 0 0 0
