1.00 7.56 11.08 7.97 -0.40 -0.63 1.05 0.35 0.00 0.00 0.00 0.00 0.00 0.00 0.00
1.00 7.60 6.49 0.27 -0.56 -1.04 0.02 0.14 0.00 0.00 0.00 0.00 0.00 0.00 0.00
1.00 -2.24 -3.66 -2.33 0.04 0.34 -0.37 -0.08 0.00 0.00 0.00 0.00 0.00 0.00 0.00
0 0 0 0 0 0 0 0 0 0 0 0 0 0 0
1.00 -3.39 -3.94 -2.33 -0.06 0.24 -0.37 -0.15 0.00 0.00 0.00 0.00 0.00 0.00 0.00
0 0 0 0 0 0 0 0 0 0 0 0 0 0 0
1.00 -3.39 -3.94 -2.33 -0.06 0.24 -0.37 -0.15 0.00 0.00 0.00 0.00 0.00 0.00 0.00
0 0 0 0 0 0 0 0 0 0 0 0 0 0 0
1.00 -2.90 -3.35 -1.97 -0.04 0.22 -0.31 -0.12 0.00 0.00 0.00 0.00 0.00 0.00 0.00
0 0 0 0 0 0 0 0 0 0 0 0 0 0 0
1.00 -2.69 -2.94 -1.71 0.12 0.25 -0.34 -0.09 0.00 0.00 0.00 0.00 0.00 0.00 0.00
0 0 0 0 0 0 0 0 0 0 0 0 0 0 0
1.00 -2.32 -2.41 -1.43 0.08 0.21 -0.33 -0.10 0.00 0.00 0.00 0.00 0.00 0.00 0.00
0 0 0 0 0 0 0 0 0 0 0 0 0 0 0
1.00 -1.77 -1.94 -1.26 0.04 0.18 -0.25 -0.04 0.00 0.00 0.00 0.00 0.00 0.00 0.00
0 0 0 0 0 0 0 0 0 0 0 0 0 0 0
1.00 -1.62 -1.71 -0.91 -0.03 0.15 -0.22 -0.07 0.00 0.00 0.00 0.00 0.00 0.00 0.00
0 0 0 0 0 0 0 0 0 0 0 0 0 0 0
1.00 -0.98 -1.00 -0.53 0.07 0.13 -0.05 -0.04 0.00 0.00 0.00 0.00 0.00 0.00 0.00
0 0 0 0 0 0 0 0 0 0 0 0 0 0 0
1.00 -0.85 -0.85 -0.43 0.07 0.13 -0.03 -0.03 0.00 0.00 0.00 0.00 0.00 0.00 0.00
0 0 0 0 0 0 0 0 0 0 0 0 0 0 0
1.00 -0.63 -0.85 -0.63 -0.06 -0.12 -0.25 -0.07 0.00 0.00 0.00 0.00 0.00 0.00 0.00
0 0 0 0 0 0 0 0 0 0 0 0 0 0 0
