1.00 -2.99 -1.91 -0.92 4.02 2.51 -0.26 -0.26 0.00 0.00 0.00 0.00 0.00 0.00 0.00
1.00 -1.09 -0.24 -0.03 0.76 -0.24 0.00 -0.01 0.00 0.00 0.00 0.00 0.00 0.00 0.00
1.00 0.41 0.73 0.51 -1.13 -1.03 0.32 0.04 0.00 0.00 0.00 0.00 0.00 0.00 0.00
0 0 0 0 0 0 0 0 0 0 0 0 0 0 0
1.00 0.42 0.66 0.46 -0.98 -0.84 0.28 0.04 0.00 0.00 0.00 0.00 0.00 0.00 0.00
0 0 0 0 0 0 0 0 0 0 0 0 0 0 0
1.00 0.42 0.66 0.46 -0.98 -0.84 0.28 0.04 0.00 0.00 0.00 0.00 0.00 0.00 0.00
0 0 0 0 0 0 0 0 0 0 0 0 0 0 0
1.00 0.91 0.89 0.42 -1.02 -0.49 0.23 0.09 0.00 0.00 0.00 0.00 0.00 0.00 0.00
0 0 0 0 0 0 0 0 0 0 0 0 0 0 0
1.00 0.83 0.88 0.58 -0.85 -0.32 0.22 0.04 0.00 0.00 0.00 0.00 0.00 0.00 0.00
0 0 0 0 0 0 0 0 0 0 0 0 0 0 0
1.00 0.95 0.68 0.47 -0.69 -0.46 0.19 0.08 0.00 0.00 0.00 0.00 0.00 0.00 0.00
0 0 0 0 0 0 0 0 0 0 0 0 0 0 0
1.00 0.75 0.71 0.43 -0.66 -0.19 0.11 0.10 0.00 0.00 0.00 0.00 0.00 0.00 0.00
0 0 0 0 0 0 0 0 0 0 0 0 0 0 0
1.00 0.49 0.42 0.29 -0.18 -0.11 0.12 0.10 0.00 0.00 0.00 0.00 0.00 0.00 0.00
0 0 0 0 0 0 0 0 0 0 0 0 0 0 0
1.00 0.44 0.37 0.26 -0.15 -0.07 0.11 0.09 0.00 0.00 0.00 0.00 0.00 0.00 0.00
0 0 0 0 0 0 0 0 0 0 0 0 0 0 0
1.00 0.35 0.23 0.09 -0.21 -0.10 0.02 0.02 0.00 0.00 0.00 0.00 0.00 0.00 0.00
0 0 0 0 0 0 0 0 0 0 0 0 0 0 0
1.00 0.13 0.01 0.04 -0.17 -0.01 0.10 0.03 0.00 0.00 0.00 0.00 0.00 0.00 0.00
0 0 0 0 0 0 0 0 0 0 0 0 0 0 0
