1.00 4.82 7.21 5.66 6.01 11.53 5.84 1.12 0.00 0.00 0.00 0.00 0.00 0.00 0.00
1.00 4.43 6.64 5.18 5.52 10.62 5.37 1.04 0.00 0.00 0.00 0.00 0.00 0.00 0.00
1.00 7.38 3.82 -0.75 12.12 5.44 -1.81 0.69 0.00 0.00 0.00 0.00 0.00 0.00 0.00
0 0 0 0 0 0 0 0 0 0 0 0 0 0 0
1.00 -2.83 -3.95 -2.87 -5.11 -7.35 -2.85 -0.70 0.00 0.00 0.00 0.00 0.00 0.00 0.00
0 0 0 0 0 0 0 0 0 0 0 0 0 0 0
1.00 -2.83 -3.95 -2.87 -5.11 -7.35 -2.85 -0.70 0.00 0.00 0.00 0.00 0.00 0.00 0.00
0 0 0 0 0 0 0 0 0 0 0 0 0 0 0
1.00 -3.65 -4.10 -2.77 -5.43 -6.76 -2.61 -0.66 0.00 0.00 0.00 0.00 0.00 0.00 0.00
0 0 0 0 0 0 0 0 0 0 0 0 0 0 0
1.00 -3.16 -3.55 -2.48 -4.67 -5.86 -2.27 -0.56 0.00 0.00 0.00 0.00 0.00 0.00 0.00
0 0 0 0 0 0 0 0 0 0 0 0 0 0 0
1.00 -2.31 -2.56 -1.58 -3.33 -3.92 -1.35 -0.38 0.00 0.00 0.00 0.00 0.00 0.00 0.00
0 0 0 0 0 0 0 0 0 0 0 0 0 0 0
1.00 -2.43 -2.64 -1.61 -3.43 -3.98 -1.37 -0.39 0.00 0.00 0.00 0.00 0.00 0.00 0.00
0 0 0 0 0 0 0 0 0 0 0 0 0 0 0
1.00 -1.99 -2.05 -1.31 -2.83 -3.20 -1.22 -0.34 0.00 0.00 0.00 0.00 0.00 0.00 0.00
0 0 0 0 0 0 0 0 0 0 0 0 0 0 0
1.00 -1.64 -1.46 -0.95 -2.18 -2.50 -0.94 -0.23 0.00 0.00 0.00 0.00 0.00 0.00 0.00
0 0 0 0 0 0 0 0 0 0 0 0 0 0 0
1.00 -1.15 -1.19 -0.74 -1.66 -1.92 -0.62 -0.21 0.00 0.00 0.00 0.00 0.00 0.00 0.00
0 0 0 0 0 0 0 0 0 0 0 0 0 0 0
1.00 -0.79 -0.69 -0.35 -1.05 -1.01 -0.41 -0.08 0.00 0.00 0.00 0.00 0.00 0.00 0.00
0 0 0 0 0 0 0 0 0 0 0 0 0 0 0
