1.00 4.51 8.62 6.83 4.08 15.08 7.73 1.35 0.00 0.00 0.00 0.00 0.00 0.00 0.00
1.00 10.57 6.41 1.18 17.00 10.78 0.09 1.25 0.00 0.00 0.00 0.00 0.00 0.00 0.00
1.00 -1.54 -2.77 -1.61 -4.58 -6.24 -2.14 -0.61 0.00 0.00 0.00 0.00 0.00 0.00 0.00
0 0 0 0 0 0 0 0 0 0 0 0 0 0 0
1.00 -2.47 -2.34 -1.22 -3.59 -4.56 -1.42 -0.46 0.00 0.00 0.00 0.00 0.00 0.00 0.00
0 0 0 0 0 0 0 0 0 0 0 0 0 0 0
1.00 -2.47 -2.34 -1.22 -3.59 -4.56 -1.42 -0.46 0.00 0.00 0.00 0.00 0.00 0.00 0.00
0 0 0 0 0 0 0 0 0 0 0 0 0 0 0
1.00 -2.75 -2.59 -1.36 -3.90 -4.89 -1.51 -0.50 0.00 0.00 0.00 0.00 0.00 0.00 0.00
0 0 0 0 0 0 0 0 0 0 0 0 0 0 0
1.00 -2.56 -2.28 -1.08 -3.24 -4.07 -1.22 -0.43 0.00 0.00 0.00 0.00 0.00 0.00 0.00
0 0 0 0 0 0 0 0 0 0 0 0 0 0 0
1.00 -1.86 -1.86 -1.05 -2.67 -3.46 -0.94 -0.30 0.00 0.00 0.00 0.00 0.00 0.00 0.00
0 0 0 0 0 0 0 0 0 0 0 0 0 0 0
1.00 -1.81 -1.59 -0.87 -2.18 -2.60 -0.84 -0.20 0.00 0.00 0.00 0.00 0.00 0.00 0.00
0 0 0 0 0 0 0 0 0 0 0 0 0 0 0
1.00 -1.14 -1.18 -0.57 -1.48 -1.66 -0.41 -0.19 0.00 0.00 0.00 0.00 0.00 0.00 0.00
0 0 0 0 0 0 0 0 0 0 0 0 0 0 0
1.00 -1.10 -1.13 -0.55 -1.38 -1.50 -0.37 -0.18 0.00 0.00 0.00 0.00 0.00 0.00 0.00
0 0 0 0 0 0 0 0 0 0 0 0 0 0 0
1.00 -0.87 -0.79 -0.53 -0.85 -1.05 -0.37 -0.12 0.00 0.00 0.00 0.00 0.00 0.00 0.00
0 0 0 0 0 0 0 0 0 0 0 0 0 0 0
1.00 -0.69 -0.57 -0.27 -0.53 -0.78 -0.29 -0.12 0.00 0.00 0.00 0.00 0.00 0.00 0.00
0 0 0 0 0 0 0 0 0 0 0 0 0 0 0
