1.00 5.76 8.59 5.82 5.85 15.31 6.96 1.39 0.00 0.00 0.00 0.00 0.00 0.00 0.00
1.00 9.35 5.24 0.41 15.73 8.11 -0.92 1.08 0.00 0.00 0.00 0.00 0.00 0.00 0.00
1.00 -1.93 -2.83 -1.83 -4.97 -6.02 -1.88 -0.59 0.00 0.00 0.00 0.00 0.00 0.00 0.00
0 0 0 0 0 0 0 0 0 0 0 0 0 0 0
1.00 -3.34 -2.88 -1.64 -4.75 -5.17 -1.63 -0.51 0.00 0.00 0.00 0.00 0.00 0.00 0.00
0 0 0 0 0 0 0 0 0 0 0 0 0 0 0
1.00 -3.34 -2.88 -1.64 -4.75 -5.17 -1.63 -0.51 0.00 0.00 0.00 0.00 0.00 0.00 0.00
0 0 0 0 0 0 0 0 0 0 0 0 0 0 0
1.00 -2.40 -2.01 -1.14 -3.22 -3.63 -1.19 -0.44 0.00 0.00 0.00 0.00 0.00 0.00 0.00
0 0 0 0 0 0 0 0 0 0 0 0 0 0 0
1.00 -2.56 -2.13 -1.20 -3.39 -3.77 -1.23 -0.46 0.00 0.00 0.00 0.00 0.00 0.00 0.00
0 0 0 0 0 0 0 0 0 0 0 0 0 0 0
1.00 -2.23 -1.91 -1.14 -2.87 -3.08 -1.02 -0.39 0.00 0.00 0.00 0.00 0.00 0.00 0.00
0 0 0 0 0 0 0 0 0 0 0 0 0 0 0
1.00 -1.84 -1.38 -0.81 -2.40 -2.43 -0.84 -0.27 0.00 0.00 0.00 0.00 0.00 0.00 0.00
0 0 0 0 0 0 0 0 0 0 0 0 0 0 0
1.00 -1.49 -1.06 -0.61 -1.70 -1.63 -0.55 -0.14 0.00 0.00 0.00 0.00 0.00 0.00 0.00
0 0 0 0 0 0 0 0 0 0 0 0 0 0 0
1.00 -0.97 -0.62 -0.42 -1.14 -1.16 -0.31 -0.06 0.00 0.00 0.00 0.00 0.00 0.00 0.00
0 0 0 0 0 0 0 0 0 0 0 0 0 0 0
1.00 -0.56 -0.54 -0.20 -0.70 -0.70 -0.22 -0.07 0.00 0.00 0.00 0.00 0.00 0.00 0.00
0 0 0 0 0 0 0 0 0 0 0 0 0 0 0
1.00 -0.44 -0.44 -0.14 -0.52 -0.49 -0.15 -0.05 0.00 0.00 0.00 0.00 0.00 0.00 0.00
0 0 0 0 0 0 0 0 0 0 0 0 0 0 0
