1.00 2.82 7.36 6.19 1.88 11.97 7.09 1.08 0.00 0.00 0.00 0.00 0.00 0.00 0.00
1.00 9.68 3.15 -0.75 14.86 3.48 -1.50 0.69 0.00 0.00 0.00 0.00 0.00 0.00 0.00
1.00 7.18 2.16 -0.72 11.07 2.26 -1.34 0.48 0.00 0.00 0.00 0.00 0.00 0.00 0.00
0 0 0 0 0 0 0 0 0 0 0 0 0 0 0
1.00 -4.49 -3.08 -1.25 -7.37 -5.25 -1.51 -0.60 0.00 0.00 0.00 0.00 0.00 0.00 0.00
0 0 0 0 0 0 0 0 0 0 0 0 0 0 0
1.00 -4.49 -3.08 -1.25 -7.37 -5.25 -1.51 -0.60 0.00 0.00 0.00 0.00 0.00 0.00 0.00
0 0 0 0 0 0 0 0 0 0 0 0 0 0 0
1.00 -4.46 -2.97 -1.18 -6.59 -4.67 -1.34 -0.57 0.00 0.00 0.00 0.00 0.00 0.00 0.00
0 0 0 0 0 0 0 0 0 0 0 0 0 0 0
1.00 -3.85 -2.53 -0.93 -5.51 -3.76 -0.98 -0.51 0.00 0.00 0.00 0.00 0.00 0.00 0.00
0 0 0 0 0 0 0 0 0 0 0 0 0 0 0
1.00 -3.16 -1.98 -0.71 -4.50 -2.89 -0.84 -0.43 0.00 0.00 0.00 0.00 0.00 0.00 0.00
0 0 0 0 0 0 0 0 0 0 0 0 0 0 0
1.00 -2.04 -1.47 -0.54 -2.93 -2.04 -0.49 -0.29 0.00 0.00 0.00 0.00 0.00 0.00 0.00
0 0 0 0 0 0 0 0 0 0 0 0 0 0 0
1.00 -2.01 -1.42 -0.51 -2.85 -1.94 -0.45 -0.28 0.00 0.00 0.00 0.00 0.00 0.00 0.00
0 0 0 0 0 0 0 0 0 0 0 0 0 0 0
1.00 -1.59 -0.86 -0.31 -2.18 -1.37 -0.32 -0.20 0.00 0.00 0.00 0.00 0.00 0.00 0.00
0 0 0 0 0 0 0 0 0 0 0 0 0 0 0
1.00 -1.13 -0.72 -0.16 -1.69 -0.89 -0.24 -0.13 0.00 0.00 0.00 0.00 0.00 0.00 0.00
0 0 0 0 0 0 0 0 0 0 0 0 0 0 0
1.00 -0.67 -0.35 -0.16 -0.99 -0.69 -0.15 -0.09 0.00 0.00 0.00 0.00 0.00 0.00 0.00
0 0 0 0 0 0 0 0 0 0 0 0 0 0 0
