1.00 -2.73 -2.25 -1.04 3.02 2.50 -0.36 -0.27 0.00 0.00 0.00 0.00 0.00 0.00 0.00
1.00 -1.41 -0.79 0.04 0.64 -0.01 0.05 -0.09 0.00 0.00 0.00 0.00 0.00 0.00 0.00
1.00 0.14 0.38 0.40 -0.48 -0.45 0.30 0.04 0.00 0.00 0.00 0.00 0.00 0.00 0.00
0 0 0 0 0 0 0 0 0 0 0 0 0 0 0
1.00 0.27 0.49 0.47 -0.57 -0.50 0.33 0.06 0.00 0.00 0.00 0.00 0.00 0.00 0.00
0 0 0 0 0 0 0 0 0 0 0 0 0 0 0
1.00 0.27 0.49 0.47 -0.57 -0.50 0.33 0.06 0.00 0.00 0.00 0.00 0.00 0.00 0.00
0 0 0 0 0 0 0 0 0 0 0 0 0 0 0
1.00 0.82 0.82 0.59 -0.53 -0.30 0.38 0.13 0.00 0.00 0.00 0.00 0.00 0.00 0.00
0 0 0 0 0 0 0 0 0 0 0 0 0 0 0
1.00 0.78 0.73 0.63 -0.75 -0.38 0.41 0.12 0.00 0.00 0.00 0.00 0.00 0.00 0.00
0 0 0 0 0 0 0 0 0 0 0 0 0 0 0
1.00 0.73 0.72 0.46 -0.57 -0.30 0.20 0.12 0.00 0.00 0.00 0.00 0.00 0.00 0.00
0 0 0 0 0 0 0 0 0 0 0 0 0 0 0
1.00 0.71 0.77 0.54 -0.47 -0.14 0.29 0.06 0.00 0.00 0.00 0.00 0.00 0.00 0.00
0 0 0 0 0 0 0 0 0 0 0 0 0 0 0
1.00 0.67 0.51 0.31 -0.43 -0.27 0.11 0.07 0.00 0.00 0.00 0.00 0.00 0.00 0.00
0 0 0 0 0 0 0 0 0 0 0 0 0 0 0
1.00 0.51 0.39 0.22 -0.33 -0.21 0.07 0.05 0.00 0.00 0.00 0.00 0.00 0.00 0.00
0 0 0 0 0 0 0 0 0 0 0 0 0 0 0
1.00 0.31 0.26 0.18 -0.13 -0.13 0.03 0.03 0.00 0.00 0.00 0.00 0.00 0.00 0.00
0 0 0 0 0 0 0 0 0 0 0 0 0 0 0
1.00 0.16 0.31 0.25 -0.23 0.06 0.10 0.05 0.00 0.00 0.00 0.00 0.00 0.00 0.00
0 0 0 0 0 0 0 0 0 0 0 0 0 0 0
