1.00 -0.44 -2.43 -1.91 0.13 1.91 -1.07 -0.26 0.00 0.00 0.00 0.00 0.00 0.00 0.00
1.00 -2.55 -1.43 -1.11 5.01 2.35 -0.47 -0.23 0.00 0.00 0.00 0.00 0.00 0.00 0.00
1.00 -1.10 -0.43 -0.04 0.37 -0.29 0.08 -0.05 0.00 0.00 0.00 0.00 0.00 0.00 0.00
0 0 0 0 0 0 0 0 0 0 0 0 0 0 0
1.00 -0.88 -0.23 0.07 0.20 -0.40 0.13 -0.02 0.00 0.00 0.00 0.00 0.00 0.00 0.00
0 0 0 0 0 0 0 0 0 0 0 0 0 0 0
1.00 -0.88 -0.23 0.07 0.20 -0.40 0.13 -0.02 0.00 0.00 0.00 0.00 0.00 0.00 0.00
0 0 0 0 0 0 0 0 0 0 0 0 0 0 0
1.00 0.92 1.24 0.87 -1.36 -0.94 0.42 0.12 0.00 0.00 0.00 0.00 0.00 0.00 0.00
0 0 0 0 0 0 0 0 0 0 0 0 0 0 0
1.00 1.63 1.41 0.80 -1.23 -0.72 0.32 0.18 0.00 0.00 0.00 0.00 0.00 0.00 0.00
0 0 0 0 0 0 0 0 0 0 0 0 0 0 0
1.00 1.39 1.41 0.71 -1.11 -0.71 0.33 0.19 0.00 0.00 0.00 0.00 0.00 0.00 0.00
0 0 0 0 0 0 0 0 0 0 0 0 0 0 0
1.00 0.91 0.88 0.57 -0.75 -0.52 0.13 0.08 0.00 0.00 0.00 0.00 0.00 0.00 0.00
0 0 0 0 0 0 0 0 0 0 0 0 0 0 0
1.00 0.92 0.86 0.55 -0.73 -0.50 0.14 0.09 0.00 0.00 0.00 0.00 0.00 0.00 0.00
0 0 0 0 0 0 0 0 0 0 0 0 0 0 0
1.00 0.87 0.90 0.59 -0.64 -0.27 0.23 0.09 0.00 0.00 0.00 0.00 0.00 0.00 0.00
0 0 0 0 0 0 0 0 0 0 0 0 0 0 0
1.00 0.95 0.85 0.38 -0.35 -0.01 0.16 0.12 0.00 0.00 0.00 0.00 0.00 0.00 0.00
0 0 0 0 0 0 0 0 0 0 0 0 0 0 0
1.00 0.51 0.44 0.28 -0.42 -0.16 0.19 0.05 0.00 0.00 0.00 0.00 0.00 0.00 0.00
0 0 0 0 0 0 0 0 0 0 0 0 0 0 0
