1.00 -1.86 -0.88 -0.67 6.70 5.08 -0.36 -0.10 0.00 0.00 0.00 0.00 0.00 0.00 0.00
1.00 -0.92 -0.69 0.13 1.63 0.49 0.02 -0.02 0.00 0.00 0.00 0.00 0.00 0.00 0.00
1.00 0.31 0.99 0.95 -1.78 -1.63 0.38 0.10 0.00 0.00 0.00 0.00 0.00 0.00 0.00
0 0 0 0 0 0 0 0 0 0 0 0 0 0 0
1.00 0.93 0.93 0.66 -1.48 -1.10 0.34 0.04 0.00 0.00 0.00 0.00 0.00 0.00 0.00
0 0 0 0 0 0 0 0 0 0 0 0 0 0 0
1.00 0.93 0.93 0.66 -1.48 -1.10 0.34 0.04 0.00 0.00 0.00 0.00 0.00 0.00 0.00
0 0 0 0 0 0 0 0 0 0 0 0 0 0 0
1.00 0.96 0.95 0.66 -1.61 -1.17 0.34 0.04 0.00 0.00 0.00 0.00 0.00 0.00 0.00
0 0 0 0 0 0 0 0 0 0 0 0 0 0 0
1.00 0.84 0.63 0.45 -1.39 -1.08 0.29 0.09 0.00 0.00 0.00 0.00 0.00 0.00 0.00
0 0 0 0 0 0 0 0 0 0 0 0 0 0 0
1.00 0.59 0.63 0.46 -1.20 -0.78 0.26 0.06 0.00 0.00 0.00 0.00 0.00 0.00 0.00
0 0 0 0 0 0 0 0 0 0 0 0 0 0 0
1.00 0.45 0.57 0.35 -0.74 -0.61 0.32 0.07 0.00 0.00 0.00 0.00 0.00 0.00 0.00
0 0 0 0 0 0 0 0 0 0 0 0 0 0 0
1.00 0.25 0.39 0.24 -0.61 -0.25 0.11 0.05 0.00 0.00 0.00 0.00 0.00 0.00 0.00
0 0 0 0 0 0 0 0 0 0 0 0 0 0 0
1.00 0.08 0.01 0.04 -0.48 -0.38 -0.01 0.00 0.00 0.00 0.00 0.00 0.00 0.00 0.00
0 0 0 0 0 0 0 0 0 0 0 0 0 0 0
1.00 0.02 -0.05 -0.01 -0.42 -0.33 -0.04 -0.01 0.00 0.00 0.00 0.00 0.00 0.00 0.00
0 0 0 0 0 0 0 0 0 0 0 0 0 0 0
1.00 0.11 0.02 0.16 -0.18 -0.15 0.04 0.02 0.00 0.00 0.00 0.00 0.00 0.00 0.00
0 0 0 0 0 0 0 0 0 0 0 0 0 0 0
