1.00 11.70 7.94 2.52 18.43 14.50 1.62 1.61 0.00 0.00 0.00 0.00 0.00 0.00 0.00
1.00 1.27 -1.76 -1.64 -1.64 -4.75 -2.04 -0.41 0.00 0.00 0.00 0.00 0.00 0.00 0.00
1.00 -2.17 -2.27 -1.47 -3.41 -3.78 -1.50 -0.42 0.00 0.00 0.00 0.00 0.00 0.00 0.00
0 0 0 0 0 0 0 0 0 0 0 0 0 0 0
1.00 -2.46 -2.52 -1.62 -3.73 -4.08 -1.61 -0.45 0.00 0.00 0.00 0.00 0.00 0.00 0.00
0 0 0 0 0 0 0 0 0 0 0 0 0 0 0
1.00 -2.46 -2.52 -1.62 -3.73 -4.08 -1.61 -0.45 0.00 0.00 0.00 0.00 0.00 0.00 0.00
0 0 0 0 0 0 0 0 0 0 0 0 0 0 0
1.00 -2.30 -2.25 -1.28 -3.24 -3.17 -1.31 -0.35 0.00 0.00 0.00 0.00 0.00 0.00 0.00
0 0 0 0 0 0 0 0 0 0 0 0 0 0 0
1.00 -1.99 -1.66 -1.13 -2.70 -2.77 -1.18 -0.26 0.00 0.00 0.00 0.00 0.00 0.00 0.00
0 0 0 0 0 0 0 0 0 0 0 0 0 0 0
1.00 -1.61 -1.40 -0.84 -2.22 -2.17 -0.90 -0.21 0.00 0.00 0.00 0.00 0.00 0.00 0.00
0 0 0 0 0 0 0 0 0 0 0 0 0 0 0
1.00 -1.09 -0.95 -0.52 -1.68 -1.69 -0.57 -0.16 0.00 0.00 0.00 0.00 0.00 0.00 0.00
0 0 0 0 0 0 0 0 0 0 0 0 0 0 0
1.00 -0.59 -0.63 -0.37 -0.88 -0.86 -0.39 -0.04 0.00 0.00 0.00 0.00 0.00 0.00 0.00
0 0 0 0 0 0 0 0 0 0 0 0 0 0 0
1.00 -0.58 -0.60 -0.35 -0.78 -0.74 -0.33 -0.03 0.00 0.00 0.00 0.00 0.00 0.00 0.00
0 0 0 0 0 0 0 0 0 0 0 0 0 0 0
1.00 -0.52 -0.45 -0.12 -0.62 -0.76 -0.02 -0.04 0.00 0.00 0.00 0.00 0.00 0.00 0.00
0 0 0 0 0 0 0 0 0 0 0 0 0 0 0
1.00 -0.50 -0.34 -0.31 -0.35 -0.32 -0.18 -0.04 0.00 0.00 0.00 0.00 0.00 0.00 0.00
0 0 0 0 0 0 0 0 0 0 0 0 0 0 0
