1.00 0.63 6.66 8.13 -0.21 -0.68 1.77 0.18 0.00 0.00 0.00 0.00 0.00 0.00 0.00
1.00 10.50 8.86 3.86 -0.08 -1.19 0.48 0.35 0.00 0.00 0.00 0.00 0.00 0.00 0.00
1.00 1.40 -2.60 -2.83 -0.22 0.25 -0.52 -0.07 0.00 0.00 0.00 0.00 0.00 0.00 0.00
0 0 0 0 0 0 0 0 0 0 0 0 0 0 0
1.00 -2.93 -3.35 -2.93 -0.11 0.08 -0.68 -0.08 0.00 0.00 0.00 0.00 0.00 0.00 0.00
0 0 0 0 0 0 0 0 0 0 0 0 0 0 0
1.00 -2.93 -3.35 -2.93 -0.11 0.08 -0.68 -0.08 0.00 0.00 0.00 0.00 0.00 0.00 0.00
0 0 0 0 0 0 0 0 0 0 0 0 0 0 0
1.00 -2.49 -2.61 -2.08 -0.20 0.09 -0.51 -0.12 0.00 0.00 0.00 0.00 0.00 0.00 0.00
0 0 0 0 0 0 0 0 0 0 0 0 0 0 0
1.00 -2.64 -2.74 -2.15 -0.19 0.11 -0.51 -0.12 0.00 0.00 0.00 0.00 0.00 0.00 0.00
0 0 0 0 0 0 0 0 0 0 0 0 0 0 0
1.00 -2.13 -2.18 -1.64 -0.00 0.16 -0.29 -0.12 0.00 0.00 0.00 0.00 0.00 0.00 0.00
0 0 0 0 0 0 0 0 0 0 0 0 0 0 0
1.00 -1.61 -1.84 -1.46 0.06 0.21 -0.32 -0.08 0.00 0.00 0.00 0.00 0.00 0.00 0.00
0 0 0 0 0 0 0 0 0 0 0 0 0 0 0
1.00 -1.52 -1.65 -1.18 -0.05 0.04 -0.23 -0.12 0.00 0.00 0.00 0.00 0.00 0.00 0.00
0 0 0 0 0 0 0 0 0 0 0 0 0 0 0
1.00 -1.25 -1.27 -1.01 0.00 0.05 -0.18 -0.12 0.00 0.00 0.00 0.00 0.00 0.00 0.00
0 0 0 0 0 0 0 0 0 0 0 0 0 0 0
1.00 -0.98 -0.73 -0.61 -0.04 0.18 -0.10 -0.02 0.00 0.00 0.00 0.00 0.00 0.00 0.00
0 0 0 0 0 0 0 0 0 0 0 0 0 0 0
1.00 -0.66 -0.45 -0.37 -0.02 0.14 -0.05 -0.01 0.00 0.00 0.00 0.00 0.00 0.00 0.00
0 0 0 0 0 0 0 0 0 0 0 0 0 0 0
