1.00 9.53 11.61 6.41 0.06 -0.99 0.60 0.42 0.00 0.00 0.00 0.00 0.00 0.00 0.00
1.00 6.33 2.33 -3.74 -0.55 -0.39 -0.79 0.05 0.00 0.00 0.00 0.00 0.00 0.00 0.00
1.00 -3.91 -4.50 -4.83 0.20 0.56 -1.05 -0.16 0.00 0.00 0.00 0.00 0.00 0.00 0.00
0 0 0 0 0 0 0 0 0 0 0 0 0 0 0
1.00 -3.40 -3.46 -3.34 -0.15 0.01 -0.76 -0.22 0.00 0.00 0.00 0.00 0.00 0.00 0.00
0 0 0 0 0 0 0 0 0 0 0 0 0 0 0
1.00 -3.40 -3.46 -3.34 -0.15 0.01 -0.76 -0.22 0.00 0.00 0.00 0.00 0.00 0.00 0.00
0 0 0 0 0 0 0 0 0 0 0 0 0 0 0
1.00 -3.58 -3.61 -3.43 -0.14 0.03 -0.77 -0.22 0.00 0.00 0.00 0.00 0.00 0.00 0.00
0 0 0 0 0 0 0 0 0 0 0 0 0 0 0
1.00 -3.01 -2.87 -2.71 -0.02 0.33 -0.58 -0.09 0.00 0.00 0.00 0.00 0.00 0.00 0.00
0 0 0 0 0 0 0 0 0 0 0 0 0 0 0
1.00 -2.39 -2.38 -2.16 0.12 0.02 -0.49 -0.16 0.00 0.00 0.00 0.00 0.00 0.00 0.00
0 0 0 0 0 0 0 0 0 0 0 0 0 0 0
1.00 -1.97 -1.95 -1.68 -0.14 0.08 -0.37 -0.04 0.00 0.00 0.00 0.00 0.00 0.00 0.00
0 0 0 0 0 0 0 0 0 0 0 0 0 0 0
1.00 -1.47 -1.34 -1.18 -0.08 0.16 -0.36 -0.02 0.00 0.00 0.00 0.00 0.00 0.00 0.00
0 0 0 0 0 0 0 0 0 0 0 0 0 0 0
1.00 -0.89 -0.64 -0.61 0.10 0.08 -0.05 0.00 0.00 0.00 0.00 0.00 0.00 0.00 0.00
0 0 0 0 0 0 0 0 0 0 0 0 0 0 0
1.00 -0.69 -0.44 -0.38 0.10 0.07 0.01 0.01 0.00 0.00 0.00 0.00 0.00 0.00 0.00
0 0 0 0 0 0 0 0 0 0 0 0 0 0 0
1.00 -0.34 -0.39 -0.18 0.13 -0.09 0.02 0.01 0.00 0.00 0.00 0.00 0.00 0.00 0.00
0 0 0 0 0 0 0 0 0 0 0 0 0 0 0
