1.00 4.38 8.31 6.75 3.28 13.49 7.10 1.27 0.00 0.00 0.00 0.00 0.00 0.00 0.00
1.00 9.56 5.30 0.38 15.39 8.10 -0.60 1.03 0.00 0.00 0.00 0.00 0.00 0.00 0.00
1.00 7.06 3.75 0.11 11.47 5.71 -0.64 0.74 0.00 0.00 0.00 0.00 0.00 0.00 0.00
0 0 0 0 0 0 0 0 0 0 0 0 0 0 0
1.00 -3.68 -3.99 -1.62 -7.40 -7.27 -1.61 -0.80 0.00 0.00 0.00 0.00 0.00 0.00 0.00
0 0 0 0 0 0 0 0 0 0 0 0 0 0 0
1.00 -3.68 -3.99 -1.62 -7.40 -7.27 -1.61 -0.80 0.00 0.00 0.00 0.00 0.00 0.00 0.00
0 0 0 0 0 0 0 0 0 0 0 0 0 0 0
1.00 -4.88 -4.07 -1.60 -6.84 -6.34 -1.43 -0.73 0.00 0.00 0.00 0.00 0.00 0.00 0.00
0 0 0 0 0 0 0 0 0 0 0 0 0 0 0
1.00 -4.16 -3.41 -1.32 -5.67 -5.36 -1.16 -0.58 0.00 0.00 0.00 0.00 0.00 0.00 0.00
0 0 0 0 0 0 0 0 0 0 0 0 0 0 0
1.00 -2.73 -2.27 -0.99 -3.70 -3.62 -0.83 -0.36 0.00 0.00 0.00 0.00 0.00 0.00 0.00
0 0 0 0 0 0 0 0 0 0 0 0 0 0 0
1.00 -2.78 -2.29 -0.99 -3.74 -3.61 -0.82 -0.37 0.00 0.00 0.00 0.00 0.00 0.00 0.00
0 0 0 0 0 0 0 0 0 0 0 0 0 0 0
1.00 -2.41 -1.84 -0.75 -3.15 -2.80 -0.59 -0.33 0.00 0.00 0.00 0.00 0.00 0.00 0.00
0 0 0 0 0 0 0 0 0 0 0 0 0 0 0
1.00 -1.74 -1.40 -0.49 -2.40 -2.09 -0.38 -0.26 0.00 0.00 0.00 0.00 0.00 0.00 0.00
0 0 0 0 0 0 0 0 0 0 0 0 0 0 0
1.00 -1.18 -0.99 -0.59 -1.48 -1.51 -0.46 -0.19 0.00 0.00 0.00 0.00 0.00 0.00 0.00
0 0 0 0 0 0 0 0 0 0 0 0 0 0 0
1.00 -1.17 -0.77 -0.28 -1.35 -0.99 -0.27 -0.13 0.00 0.00 0.00 0.00 0.00 0.00 0.00
0 0 0 0 0 0 0 0 0 0 0 0 0 0 0
