1.00 2.05 8.63 10.04 -0.22 -0.67 1.90 0.26 0.00 0.00 0.00 0.00 0.00 0.00 0.00
1.00 11.56 10.96 3.84 -0.52 -1.58 0.25 0.42 0.00 0.00 0.00 0.00 0.00 0.00 0.00
1.00 1.29 -3.83 -3.24 -0.52 -0.12 -0.69 -0.15 0.00 0.00 0.00 0.00 0.00 0.00 0.00
0 0 0 0 0 0 0 0 0 0 0 0 0 0 0
1.00 0.60 -3.41 -2.82 -0.37 -0.03 -0.58 -0.13 0.00 0.00 0.00 0.00 0.00 0.00 0.00
0 0 0 0 0 0 0 0 0 0 0 0 0 0 0
1.00 0.60 -3.41 -2.82 -0.37 -0.03 -0.58 -0.13 0.00 0.00 0.00 0.00 0.00 0.00 0.00
0 0 0 0 0 0 0 0 0 0 0 0 0 0 0
1.00 -4.41 -4.08 -3.16 0.11 0.51 -0.64 -0.16 0.00 0.00 0.00 0.00 0.00 0.00 0.00
0 0 0 0 0 0 0 0 0 0 0 0 0 0 0
1.00 -4.08 -3.81 -2.58 0.19 0.34 -0.50 -0.17 0.00 0.00 0.00 0.00 0.00 0.00 0.00
0 0 0 0 0 0 0 0 0 0 0 0 0 0 0
1.00 -3.42 -3.03 -2.07 0.27 0.37 -0.29 -0.06 0.00 0.00 0.00 0.00 0.00 0.00 0.00
0 0 0 0 0 0 0 0 0 0 0 0 0 0 0
1.00 -2.79 -2.47 -1.70 0.23 0.40 -0.27 -0.02 0.00 0.00 0.00 0.00 0.00 0.00 0.00
0 0 0 0 0 0 0 0 0 0 0 0 0 0 0
1.00 -2.33 -1.93 -1.27 0.28 0.11 -0.24 -0.09 0.00 0.00 0.00 0.00 0.00 0.00 0.00
0 0 0 0 0 0 0 0 0 0 0 0 0 0 0
1.00 -1.75 -1.42 -0.91 0.24 0.10 -0.17 -0.07 0.00 0.00 0.00 0.00 0.00 0.00 0.00
0 0 0 0 0 0 0 0 0 0 0 0 0 0 0
1.00 -1.26 -1.20 -0.60 0.09 0.20 -0.01 -0.06 0.00 0.00 0.00 0.00 0.00 0.00 0.00
0 0 0 0 0 0 0 0 0 0 0 0 0 0 0
1.00 -0.82 -0.55 -0.36 0.11 0.17 0.00 -0.01 0.00 0.00 0.00 0.00 0.00 0.00 0.00
0 0 0 0 0 0 0 0 0 0 0 0 0 0 0
