1.00 -1.95 -2.11 -1.37 1.52 2.11 -0.65 -0.30 0.00 0.00 0.00 0.00 0.00 0.00 0.00
1.00 -1.22 -0.94 -0.36 1.87 0.79 -0.08 -0.05 0.00 0.00 0.00 0.00 0.00 0.00 0.00
1.00 -0.19 0.38 0.48 -0.63 -0.73 0.27 0.09 0.00 0.00 0.00 0.00 0.00 0.00 0.00
0 0 0 0 0 0 0 0 0 0 0 0 0 0 0
1.00 0.89 0.81 0.54 -0.89 -0.77 0.22 0.07 0.00 0.00 0.00 0.00 0.00 0.00 0.00
0 0 0 0 0 0 0 0 0 0 0 0 0 0 0
1.00 0.89 0.81 0.54 -0.89 -0.77 0.22 0.07 0.00 0.00 0.00 0.00 0.00 0.00 0.00
0 0 0 0 0 0 0 0 0 0 0 0 0 0 0
1.00 0.78 0.71 0.47 -0.75 -0.64 0.20 0.07 0.00 0.00 0.00 0.00 0.00 0.00 0.00
0 0 0 0 0 0 0 0 0 0 0 0 0 0 0
1.00 0.60 0.59 0.38 -0.76 -0.54 0.17 0.07 0.00 0.00 0.00 0.00 0.00 0.00 0.00
0 0 0 0 0 0 0 0 0 0 0 0 0 0 0
1.00 0.62 0.49 0.42 -0.69 -0.52 0.20 0.03 0.00 0.00 0.00 0.00 0.00 0.00 0.00
0 0 0 0 0 0 0 0 0 0 0 0 0 0 0
1.00 0.67 0.66 0.53 -0.45 -0.31 0.26 0.08 0.00 0.00 0.00 0.00 0.00 0.00 0.00
0 0 0 0 0 0 0 0 0 0 0 0 0 0 0
1.00 0.50 0.51 0.16 -0.40 -0.33 0.08 0.07 0.00 0.00 0.00 0.00 0.00 0.00 0.00
0 0 0 0 0 0 0 0 0 0 0 0 0 0 0
1.00 0.24 0.21 0.10 -0.29 -0.19 0.06 -0.02 0.00 0.00 0.00 0.00 0.00 0.00 0.00
0 0 0 0 0 0 0 0 0 0 0 0 0 0 0
1.00 0.22 0.19 0.10 -0.23 -0.15 0.06 -0.01 0.00 0.00 0.00 0.00 0.00 0.00 0.00
0 0 0 0 0 0 0 0 0 0 0 0 0 0 0
1.00 0.08 0.25 0.24 -0.12 -0.00 0.06 0.02 0.00 0.00 0.00 0.00 0.00 0.00 0.00
0 0 0 0 0 0 0 0 0 0 0 0 0 0 0
