1.00 9.11 5.90 1.46 14.11 11.24 0.89 1.25 0.00 0.00 0.00 0.00 0.00 0.00 0.00
1.00 8.42 5.31 1.16 13.04 10.22 0.62 1.14 0.00 0.00 0.00 0.00 0.00 0.00 0.00
1.00 -1.57 -3.61 -1.98 -5.59 -6.88 -2.00 -0.68 0.00 0.00 0.00 0.00 0.00 0.00 0.00
0 0 0 0 0 0 0 0 0 0 0 0 0 0 0
1.00 -4.74 -3.81 -1.82 -7.19 -6.32 -1.70 -0.68 0.00 0.00 0.00 0.00 0.00 0.00 0.00
0 0 0 0 0 0 0 0 0 0 0 0 0 0 0
1.00 -4.74 -3.81 -1.82 -7.19 -6.32 -1.70 -0.68 0.00 0.00 0.00 0.00 0.00 0.00 0.00
0 0 0 0 0 0 0 0 0 0 0 0 0 0 0
1.00 -4.06 -3.37 -1.89 -5.92 -5.40 -1.64 -0.59 0.00 0.00 0.00 0.00 0.00 0.00 0.00
0 0 0 0 0 0 0 0 0 0 0 0 0 0 0
1.00 -3.98 -3.06 -1.59 -5.33 -4.62 -1.31 -0.56 0.00 0.00 0.00 0.00 0.00 0.00 0.00
0 0 0 0 0 0 0 0 0 0 0 0 0 0 0
1.00 -2.60 -1.85 -0.96 -3.48 -3.02 -0.89 -0.34 0.00 0.00 0.00 0.00 0.00 0.00 0.00
0 0 0 0 0 0 0 0 0 0 0 0 0 0 0
1.00 -2.57 -1.80 -0.92 -3.41 -2.97 -0.86 -0.33 0.00 0.00 0.00 0.00 0.00 0.00 0.00
0 0 0 0 0 0 0 0 0 0 0 0 0 0 0
1.00 -1.88 -1.37 -0.59 -2.52 -2.34 -0.53 -0.26 0.00 0.00 0.00 0.00 0.00 0.00 0.00
0 0 0 0 0 0 0 0 0 0 0 0 0 0 0
1.00 -1.50 -1.25 -0.59 -1.87 -1.75 -0.58 -0.20 0.00 0.00 0.00 0.00 0.00 0.00 0.00
0 0 0 0 0 0 0 0 0 0 0 0 0 0 0
1.00 -0.97 -0.69 -0.33 -1.39 -1.20 -0.38 -0.14 0.00 0.00 0.00 0.00 0.00 0.00 0.00
0 0 0 0 0 0 0 0 0 0 0 0 0 0 0
1.00 -0.52 -0.26 0.02 -0.90 -0.82 -0.09 -0.08 0.00 0.00 0.00 0.00 0.00 0.00 0.00
0 0 0 0 0 0 0 0 0 0 0 0 0 0 0
