1.00 7.97 9.34 6.16 11.18 15.99 6.36 1.57 0.00 0.00 0.00 0.00 0.00 0.00 0.00
1.00 7.00 1.35 -1.23 10.41 -0.78 -1.67 0.33 0.00 0.00 0.00 0.00 0.00 0.00 0.00
1.00 -2.10 -1.60 -1.42 -3.95 -2.90 -1.37 -0.36 0.00 0.00 0.00 0.00 0.00 0.00 0.00
0 0 0 0 0 0 0 0 0 0 0 0 0 0 0
1.00 -2.43 -1.82 -1.56 -4.39 -3.19 -1.49 -0.40 0.00 0.00 0.00 0.00 0.00 0.00 0.00
0 0 0 0 0 0 0 0 0 0 0 0 0 0 0
1.00 -2.43 -1.82 -1.56 -4.39 -3.19 -1.49 -0.40 0.00 0.00 0.00 0.00 0.00 0.00 0.00
0 0 0 0 0 0 0 0 0 0 0 0 0 0 0
1.00 -2.74 -2.04 -1.62 -3.96 -2.94 -1.34 -0.35 0.00 0.00 0.00 0.00 0.00 0.00 0.00
0 0 0 0 0 0 0 0 0 0 0 0 0 0 0
1.00 -2.62 -1.70 -1.17 -3.44 -2.31 -0.99 -0.25 0.00 0.00 0.00 0.00 0.00 0.00 0.00
0 0 0 0 0 0 0 0 0 0 0 0 0 0 0
1.00 -2.20 -1.48 -1.18 -2.87 -1.98 -0.83 -0.23 0.00 0.00 0.00 0.00 0.00 0.00 0.00
0 0 0 0 0 0 0 0 0 0 0 0 0 0 0
1.00 -1.71 -1.18 -0.91 -2.11 -1.63 -0.78 -0.17 0.00 0.00 0.00 0.00 0.00 0.00 0.00
0 0 0 0 0 0 0 0 0 0 0 0 0 0 0
1.00 -1.32 -0.86 -0.67 -1.66 -1.16 -0.63 -0.15 0.00 0.00 0.00 0.00 0.00 0.00 0.00
0 0 0 0 0 0 0 0 0 0 0 0 0 0 0
1.00 -0.99 -0.63 -0.47 -1.24 -0.85 -0.46 -0.11 0.00 0.00 0.00 0.00 0.00 0.00 0.00
0 0 0 0 0 0 0 0 0 0 0 0 0 0 0
1.00 -0.75 -0.59 -0.35 -1.08 -0.75 -0.36 -0.12 0.00 0.00 0.00 0.00 0.00 0.00 0.00
0 0 0 0 0 0 0 0 0 0 0 0 0 0 0
1.00 -0.59 -0.37 -0.21 -0.72 -0.37 -0.15 -0.04 0.00 0.00 0.00 0.00 0.00 0.00 0.00
0 0 0 0 0 0 0 0 0 0 0 0 0 0 0
