1.00 0.49 0.53 0.50 0.67 0.57 0.18 0.03 0.00 0.00 0.00 0.00 0.00 0.00 0.00
1.00 0.66 0.78 0.49 0.35 0.39 0.15 0.01 0.00 0.00 0.00 0.00 0.00 0.00 0.00
1.00 0.66 0.82 0.59 -0.14 0.04 0.05 0.09 0.00 0.00 0.00 0.00 0.00 0.00 0.00
0 0 0 0 0 0 0 0 0 0 0 0 0 0 0
1.00 0.66 0.63 0.38 -0.12 -0.19 0.03 0.06 0.00 0.00 0.00 0.00 0.00 0.00 0.00
0 0 0 0 0 0 0 0 0 0 0 0 0 0 0
1.00 0.66 0.63 0.38 -0.12 -0.19 0.03 0.06 0.00 0.00 0.00 0.00 0.00 0.00 0.00
0 0 0 0 0 0 0 0 0 0 0 0 0 0 0
1.00 0.37 0.23 -0.03 -0.21 -0.28 -0.13 0.04 0.00 0.00 0.00 0.00 0.00 0.00 0.00
0 0 0 0 0 0 0 0 0 0 0 0 0 0 0
1.00 0.46 0.26 0.14 -0.14 -0.17 -0.03 0.00 0.00 0.00 0.00 0.00 0.00 0.00 0.00
0 0 0 0 0 0 0 0 0 0 0 0 0 0 0
1.00 -0.07 -0.11 -0.13 -0.17 -0.18 -0.22 -0.01 0.00 0.00 0.00 0.00 0.00 0.00 0.00
0 0 0 0 0 0 0 0 0 0 0 0 0 0 0
1.00 -0.55 -0.74 -0.48 -0.44 -0.28 -0.09 -0.06 0.00 0.00 0.00 0.00 0.00 0.00 0.00
0 0 0 0 0 0 0 0 0 0 0 0 0 0 0
1.00 -0.89 -0.98 -0.83 -0.12 -0.16 -0.24 0.00 0.00 0.00 0.00 0.00 0.00 0.00 0.00
0 0 0 0 0 0 0 0 0 0 0 0 0 0 0
1.00 -0.02 -0.15 -0.27 0.18 0.06 -0.17 0.05 0.00 0.00 0.00 0.00 0.00 0.00 0.00
0 0 0 0 0 0 0 0 0 0 0 0 0 0 0
1.00 -0.49 -0.50 -0.58 -0.27 -0.10 -0.30 -0.08 0.00 0.00 0.00 0.00 0.00 0.00 0.00
0 0 0 0 0 0 0 0 0 0 0 0 0 0 0
1.00 -0.97 -0.76 -0.69 -0.34 -0.13 -0.38 -0.08 0.00 0.00 0.00 0.00 0.00 0.00 0.00
0 0 0 0 0 0 0 0 0 0 0 0 0 0 0
