1.00 0.50 1.03 1.11 0.41 0.98 0.72 0.15 0.00 0.00 0.00 0.00 0.00 0.00 0.00
1.00 1.24 1.39 0.96 0.78 0.92 0.69 0.08 0.00 0.00 0.00 0.00 0.00 0.00 0.00
1.00 1.10 0.96 0.54 0.82 0.88 0.39 0.06 0.00 0.00 0.00 0.00 0.00 0.00 0.00
0 0 0 0 0 0 0 0 0 0 0 0 0 0 0
1.00 0.20 -0.34 -0.78 0.38 0.14 -0.30 0.04 0.00 0.00 0.00 0.00 0.00 0.00 0.00
0 0 0 0 0 0 0 0 0 0 0 0 0 0 0
1.00 0.20 -0.34 -0.78 0.38 0.14 -0.30 0.04 0.00 0.00 0.00 0.00 0.00 0.00 0.00
0 0 0 0 0 0 0 0 0 0 0 0 0 0 0
1.00 0.30 -0.54 -0.85 1.04 0.38 -0.28 0.04 0.00 0.00 0.00 0.00 0.00 0.00 0.00
0 0 0 0 0 0 0 0 0 0 0 0 0 0 0
1.00 -1.62 -2.16 -1.61 -0.47 -1.35 -0.96 -0.25 0.00 0.00 0.00 0.00 0.00 0.00 0.00
0 0 0 0 0 0 0 0 0 0 0 0 0 0 0
1.00 -1.81 -1.72 -1.18 -1.33 -1.42 -0.92 -0.27 0.00 0.00 0.00 0.00 0.00 0.00 0.00
0 0 0 0 0 0 0 0 0 0 0 0 0 0 0
1.00 -1.62 -1.33 -0.77 -1.35 -1.57 -0.66 -0.16 0.00 0.00 0.00 0.00 0.00 0.00 0.00
0 0 0 0 0 0 0 0 0 0 0 0 0 0 0
1.00 -1.31 -1.00 -0.48 -1.42 -1.46 -0.52 -0.09 0.00 0.00 0.00 0.00 0.00 0.00 0.00
0 0 0 0 0 0 0 0 0 0 0 0 0 0 0
1.00 -0.74 -0.63 -0.37 -0.80 -0.75 -0.40 -0.08 0.00 0.00 0.00 0.00 0.00 0.00 0.00
0 0 0 0 0 0 0 0 0 0 0 0 0 0 0
1.00 -0.63 -0.19 -0.19 -0.58 -0.49 -0.16 -0.02 0.00 0.00 0.00 0.00 0.00 0.00 0.00
0 0 0 0 0 0 0 0 0 0 0 0 0 0 0
1.00 -0.19 -0.09 0.04 -0.46 -0.29 -0.15 -0.08 0.00 0.00 0.00 0.00 0.00 0.00 0.00
0 0 0 0 0 0 0 0 0 0 0 0 0 0 0
