1.00 -0.88 -0.84 -0.53 -0.94 -1.18 -0.64 -0.08 0.00 0.00 0.00 0.00 0.00 0.00 0.00
1.00 -0.81 -0.62 -0.35 -1.05 -1.08 -0.43 -0.13 0.00 0.00 0.00 0.00 0.00 0.00 0.00
1.00 -0.49 -0.13 0.09 -0.46 -0.12 0.20 -0.01 0.00 0.00 0.00 0.00 0.00 0.00 0.00
0 0 0 0 0 0 0 0 0 0 0 0 0 0 0
1.00 0.24 0.52 0.64 0.24 0.72 0.63 0.10 0.00 0.00 0.00 0.00 0.00 0.00 0.00
0 0 0 0 0 0 0 0 0 0 0 0 0 0 0
1.00 0.24 0.52 0.64 0.24 0.72 0.63 0.10 0.00 0.00 0.00 0.00 0.00 0.00 0.00
0 0 0 0 0 0 0 0 0 0 0 0 0 0 0
1.00 0.79 1.13 1.19 0.83 1.11 0.83 0.10 0.00 0.00 0.00 0.00 0.00 0.00 0.00
0 0 0 0 0 0 0 0 0 0 0 0 0 0 0
1.00 1.35 1.83 1.48 0.70 1.27 0.97 0.12 0.00 0.00 0.00 0.00 0.00 0.00 0.00
0 0 0 0 0 0 0 0 0 0 0 0 0 0 0
1.00 1.39 1.65 1.27 0.90 1.43 0.94 0.23 0.00 0.00 0.00 0.00 0.00 0.00 0.00
0 0 0 0 0 0 0 0 0 0 0 0 0 0 0
1.00 0.77 0.27 -0.19 0.83 0.68 0.20 0.12 0.00 0.00 0.00 0.00 0.00 0.00 0.00
0 0 0 0 0 0 0 0 0 0 0 0 0 0 0
1.00 -1.19 -2.10 -2.02 -0.09 -0.91 -1.23 -0.21 0.00 0.00 0.00 0.00 0.00 0.00 0.00
0 0 0 0 0 0 0 0 0 0 0 0 0 0 0
1.00 -0.87 -1.50 -1.14 0.04 -0.72 -0.81 -0.20 0.00 0.00 0.00 0.00 0.00 0.00 0.00
0 0 0 0 0 0 0 0 0 0 0 0 0 0 0
1.00 -1.78 -1.89 -1.18 -1.41 -1.74 -0.89 -0.24 0.00 0.00 0.00 0.00 0.00 0.00 0.00
0 0 0 0 0 0 0 0 0 0 0 0 0 0 0
1.00 -1.78 -1.51 -1.05 -1.50 -1.53 -0.77 -0.18 0.00 0.00 0.00 0.00 0.00 0.00 0.00
0 0 0 0 0 0 0 0 0 0 0 0 0 0 0
