1.00 -0.82 -0.99 -0.83 -0.95 -1.04 -0.37 -0.11 0.00 0.00 0.00 0.00 0.00 0.00 0.00
1.00 -0.56 -0.45 -0.27 -0.40 -0.05 0.06 -0.00 0.00 0.00 0.00 0.00 0.00 0.00 0.00
1.00 0.24 0.43 0.55 0.84 0.99 0.58 0.17 0.00 0.00 0.00 0.00 0.00 0.00 0.00
0 0 0 0 0 0 0 0 0 0 0 0 0 0 0
1.00 1.29 1.33 1.18 1.46 1.54 0.82 0.20 0.00 0.00 0.00 0.00 0.00 0.00 0.00
0 0 0 0 0 0 0 0 0 0 0 0 0 0 0
1.00 1.29 1.33 1.18 1.46 1.54 0.82 0.20 0.00 0.00 0.00 0.00 0.00 0.00 0.00
0 0 0 0 0 0 0 0 0 0 0 0 0 0 0
1.00 2.00 2.09 1.39 1.58 1.98 1.01 0.23 0.00 0.00 0.00 0.00 0.00 0.00 0.00
0 0 0 0 0 0 0 0 0 0 0 0 0 0 0
1.00 1.41 1.52 1.17 1.04 1.31 0.74 0.11 0.00 0.00 0.00 0.00 0.00 0.00 0.00
0 0 0 0 0 0 0 0 0 0 0 0 0 0 0
1.00 1.47 1.42 0.94 0.93 1.25 0.58 0.23 0.00 0.00 0.00 0.00 0.00 0.00 0.00
0 0 0 0 0 0 0 0 0 0 0 0 0 0 0
1.00 0.92 0.64 0.23 0.67 0.59 0.11 0.14 0.00 0.00 0.00 0.00 0.00 0.00 0.00
0 0 0 0 0 0 0 0 0 0 0 0 0 0 0
1.00 -0.51 -0.83 -0.97 -0.23 -0.84 -0.78 -0.13 0.00 0.00 0.00 0.00 0.00 0.00 0.00
0 0 0 0 0 0 0 0 0 0 0 0 0 0 0
1.00 -0.30 -0.44 -0.60 0.08 -0.67 -0.55 0.01 0.00 0.00 0.00 0.00 0.00 0.00 0.00
0 0 0 0 0 0 0 0 0 0 0 0 0 0 0
1.00 -1.16 -1.21 -0.82 -1.08 -1.31 -0.53 -0.16 0.00 0.00 0.00 0.00 0.00 0.00 0.00
0 0 0 0 0 0 0 0 0 0 0 0 0 0 0
1.00 -1.48 -1.53 -1.19 -1.23 -1.63 -0.95 -0.18 0.00 0.00 0.00 0.00 0.00 0.00 0.00
0 0 0 0 0 0 0 0 0 0 0 0 0 0 0
