1.00 0.58 0.75 0.56 0.53 0.31 0.18 0.01 0.00 0.00 0.00 0.00 0.00 0.00 0.00
1.00 0.97 1.14 0.68 0.50 0.52 0.31 0.11 0.00 0.00 0.00 0.00 0.00 0.00 0.00
1.00 0.72 0.52 0.14 0.33 0.29 0.08 0.08 0.00 0.00 0.00 0.00 0.00 0.00 0.00
0 0 0 0 0 0 0 0 0 0 0 0 0 0 0
1.00 0.04 -0.22 -0.16 0.16 0.09 -0.02 0.06 0.00 0.00 0.00 0.00 0.00 0.00 0.00
0 0 0 0 0 0 0 0 0 0 0 0 0 0 0
1.00 0.04 -0.22 -0.16 0.16 0.09 -0.02 0.06 0.00 0.00 0.00 0.00 0.00 0.00 0.00
0 0 0 0 0 0 0 0 0 0 0 0 0 0 0
1.00 -0.56 -0.66 -0.44 -0.18 -0.53 -0.29 -0.12 0.00 0.00 0.00 0.00 0.00 0.00 0.00
0 0 0 0 0 0 0 0 0 0 0 0 0 0 0
1.00 -0.83 -0.97 -0.74 -0.20 -0.35 -0.39 -0.14 0.00 0.00 0.00 0.00 0.00 0.00 0.00
0 0 0 0 0 0 0 0 0 0 0 0 0 0 0
1.00 -0.48 -0.55 -0.29 -0.10 -0.15 -0.15 -0.03 0.00 0.00 0.00 0.00 0.00 0.00 0.00
0 0 0 0 0 0 0 0 0 0 0 0 0 0 0
1.00 -0.57 -0.54 -0.39 -0.14 -0.17 -0.10 -0.05 0.00 0.00 0.00 0.00 0.00 0.00 0.00
0 0 0 0 0 0 0 0 0 0 0 0 0 0 0
1.00 -0.49 -0.49 -0.38 -0.22 -0.18 -0.11 -0.03 0.00 0.00 0.00 0.00 0.00 0.00 0.00
0 0 0 0 0 0 0 0 0 0 0 0 0 0 0
1.00 -0.61 -0.72 -0.47 -0.17 -0.29 -0.23 -0.03 0.00 0.00 0.00 0.00 0.00 0.00 0.00
0 0 0 0 0 0 0 0 0 0 0 0 0 0 0
1.00 -0.41 -0.35 -0.30 -0.07 -0.18 -0.18 -0.08 0.00 0.00 0.00 0.00 0.00 0.00 0.00
0 0 0 0 0 0 0 0 0 0 0 0 0 0 0
1.00 -0.36 -0.41 -0.16 -0.24 -0.10 -0.23 -0.11 0.00 0.00 0.00 0.00 0.00 0.00 0.00
0 0 0 0 0 0 0 0 0 0 0 0 0 0 0
