1.00 -0.37 -0.21 -0.12 -0.75 -0.36 -0.05 -0.09 0.00 0.00 0.00 0.00 0.00 0.00 0.00
1.00 0.12 0.22 0.20 0.37 0.43 0.34 0.05 0.00 0.00 0.00 0.00 0.00 0.00 0.00
1.00 0.65 0.84 0.70 1.03 1.24 0.60 0.16 0.00 0.00 0.00 0.00 0.00 0.00 0.00
0 0 0 0 0 0 0 0 0 0 0 0 0 0 0
1.00 1.38 1.37 0.88 1.46 1.56 0.79 0.23 0.00 0.00 0.00 0.00 0.00 0.00 0.00
0 0 0 0 0 0 0 0 0 0 0 0 0 0 0
1.00 1.38 1.37 0.88 1.46 1.56 0.79 0.23 0.00 0.00 0.00 0.00 0.00 0.00 0.00
0 0 0 0 0 0 0 0 0 0 0 0 0 0 0
1.00 1.63 1.35 0.91 1.85 1.73 0.70 0.26 0.00 0.00 0.00 0.00 0.00 0.00 0.00
0 0 0 0 0 0 0 0 0 0 0 0 0 0 0
1.00 1.18 1.18 0.92 1.10 1.13 0.61 0.10 0.00 0.00 0.00 0.00 0.00 0.00 0.00
0 0 0 0 0 0 0 0 0 0 0 0 0 0 0
1.00 0.97 0.71 0.30 0.87 0.66 0.18 0.06 0.00 0.00 0.00 0.00 0.00 0.00 0.00
0 0 0 0 0 0 0 0 0 0 0 0 0 0 0
1.00 -0.33 -0.91 -1.12 -0.10 -0.85 -0.83 -0.03 0.00 0.00 0.00 0.00 0.00 0.00 0.00
0 0 0 0 0 0 0 0 0 0 0 0 0 0 0
1.00 -1.10 -1.38 -0.95 -0.65 -1.18 -0.71 -0.18 0.00 0.00 0.00 0.00 0.00 0.00 0.00
0 0 0 0 0 0 0 0 0 0 0 0 0 0 0
1.00 -1.00 -1.26 -0.85 -0.59 -1.09 -0.65 -0.17 0.00 0.00 0.00 0.00 0.00 0.00 0.00
0 0 0 0 0 0 0 0 0 0 0 0 0 0 0
1.00 -1.38 -1.36 -1.10 -1.44 -1.64 -0.82 -0.21 0.00 0.00 0.00 0.00 0.00 0.00 0.00
0 0 0 0 0 0 0 0 0 0 0 0 0 0 0
1.00 -1.72 -1.64 -1.17 -1.93 -1.93 -0.96 -0.18 0.00 0.00 0.00 0.00 0.00 0.00 0.00
0 0 0 0 0 0 0 0 0 0 0 0 0 0 0
