1.00 0.81 0.97 0.95 1.60 1.62 0.82 0.14 0.00 0.00 0.00 0.00 0.00 0.00 0.00
1.00 1.82 1.71 1.31 1.73 1.84 1.04 0.23 0.00 0.00 0.00 0.00 0.00 0.00 0.00
1.00 2.02 1.88 1.07 1.91 1.90 0.81 0.33 0.00 0.00 0.00 0.00 0.00 0.00 0.00
0 0 0 0 0 0 0 0 0 0 0 0 0 0 0
1.00 2.22 2.38 1.61 1.90 2.30 1.24 0.37 0.00 0.00 0.00 0.00 0.00 0.00 0.00
0 0 0 0 0 0 0 0 0 0 0 0 0 0 0
1.00 2.22 2.38 1.61 1.90 2.30 1.24 0.37 0.00 0.00 0.00 0.00 0.00 0.00 0.00
0 0 0 0 0 0 0 0 0 0 0 0 0 0 0
1.00 1.59 1.34 0.75 1.66 1.49 0.54 0.26 0.00 0.00 0.00 0.00 0.00 0.00 0.00
0 0 0 0 0 0 0 0 0 0 0 0 0 0 0
1.00 0.06 -0.43 -0.55 0.44 -0.08 -0.33 -0.08 0.00 0.00 0.00 0.00 0.00 0.00 0.00
0 0 0 0 0 0 0 0 0 0 0 0 0 0 0
1.00 -1.46 -1.67 -1.25 -1.09 -1.62 -0.97 -0.28 0.00 0.00 0.00 0.00 0.00 0.00 0.00
0 0 0 0 0 0 0 0 0 0 0 0 0 0 0
1.00 -2.38 -2.43 -1.71 -2.52 -2.77 -1.43 -0.32 0.00 0.00 0.00 0.00 0.00 0.00 0.00
0 0 0 0 0 0 0 0 0 0 0 0 0 0 0
1.00 -1.27 -1.45 -1.00 -1.38 -1.48 -0.62 -0.16 0.00 0.00 0.00 0.00 0.00 0.00 0.00
0 0 0 0 0 0 0 0 0 0 0 0 0 0 0
1.00 -1.45 -1.11 -0.71 -1.72 -1.39 -0.55 -0.19 0.00 0.00 0.00 0.00 0.00 0.00 0.00
0 0 0 0 0 0 0 0 0 0 0 0 0 0 0
1.00 -1.24 -1.10 -0.76 -1.35 -1.19 -0.67 -0.20 0.00 0.00 0.00 0.00 0.00 0.00 0.00
0 0 0 0 0 0 0 0 0 0 0 0 0 0 0
1.00 -1.03 -0.99 -0.56 -1.16 -1.17 -0.33 -0.10 0.00 0.00 0.00 0.00 0.00 0.00 0.00
0 0 0 0 0 0 0 0 0 0 0 0 0 0 0
