1.00 0.08 0.38 0.50 0.15 0.38 0.39 0.10 0.00 0.00 0.00 0.00 0.00 0.00 0.00
1.00 1.16 1.17 0.95 1.29 1.48 0.88 0.24 0.00 0.00 0.00 0.00 0.00 0.00 0.00
1.00 1.87 1.77 1.32 2.02 2.12 1.08 0.23 0.00 0.00 0.00 0.00 0.00 0.00 0.00
0 0 0 0 0 0 0 0 0 0 0 0 0 0 0
1.00 2.45 2.37 1.74 2.27 2.43 1.18 0.27 0.00 0.00 0.00 0.00 0.00 0.00 0.00
0 0 0 0 0 0 0 0 0 0 0 0 0 0 0
1.00 2.45 2.37 1.74 2.27 2.43 1.18 0.27 0.00 0.00 0.00 0.00 0.00 0.00 0.00
0 0 0 0 0 0 0 0 0 0 0 0 0 0 0
1.00 2.04 2.31 1.73 1.47 2.06 1.16 0.35 0.00 0.00 0.00 0.00 0.00 0.00 0.00
0 0 0 0 0 0 0 0 0 0 0 0 0 0 0
1.00 1.98 1.99 1.43 1.42 1.83 0.98 0.27 0.00 0.00 0.00 0.00 0.00 0.00 0.00
0 0 0 0 0 0 0 0 0 0 0 0 0 0 0
1.00 1.18 0.65 -0.18 0.66 0.40 -0.11 0.07 0.00 0.00 0.00 0.00 0.00 0.00 0.00
0 0 0 0 0 0 0 0 0 0 0 0 0 0 0
1.00 -1.60 -2.20 -2.01 -0.88 -1.93 -1.42 -0.24 0.00 0.00 0.00 0.00 0.00 0.00 0.00
0 0 0 0 0 0 0 0 0 0 0 0 0 0 0
1.00 -0.62 -0.94 -0.67 0.15 -0.90 -0.53 -0.03 0.00 0.00 0.00 0.00 0.00 0.00 0.00
0 0 0 0 0 0 0 0 0 0 0 0 0 0 0
1.00 -1.63 -1.55 -1.23 -1.46 -2.03 -0.95 -0.16 0.00 0.00 0.00 0.00 0.00 0.00 0.00
0 0 0 0 0 0 0 0 0 0 0 0 0 0 0
1.00 -2.59 -2.66 -2.01 -2.57 -2.91 -1.76 -0.43 0.00 0.00 0.00 0.00 0.00 0.00 0.00
0 0 0 0 0 0 0 0 0 0 0 0 0 0 0
1.00 -3.71 -3.55 -2.30 -3.67 -3.62 -1.77 -0.54 0.00 0.00 0.00 0.00 0.00 0.00 0.00
0 0 0 0 0 0 0 0 0 0 0 0 0 0 0
