1.00 0.51 0.43 0.37 0.52 0.36 0.13 -0.02 0.00 0.00 0.00 0.00 0.00 0.00 0.00
1.00 0.30 0.19 0.20 0.43 0.28 0.07 -0.04 0.00 0.00 0.00 0.00 0.00 0.00 0.00
1.00 0.37 0.64 0.45 0.38 0.28 0.17 0.09 0.00 0.00 0.00 0.00 0.00 0.00 0.00
0 0 0 0 0 0 0 0 0 0 0 0 0 0 0
1.00 0.72 0.80 0.54 0.01 0.07 0.06 0.09 0.00 0.00 0.00 0.00 0.00 0.00 0.00
0 0 0 0 0 0 0 0 0 0 0 0 0 0 0
1.00 0.72 0.80 0.54 0.01 0.07 0.06 0.09 0.00 0.00 0.00 0.00 0.00 0.00 0.00
0 0 0 0 0 0 0 0 0 0 0 0 0 0 0
1.00 0.77 0.79 0.42 -0.20 -0.11 0.13 0.03 0.00 0.00 0.00 0.00 0.00 0.00 0.00
0 0 0 0 0 0 0 0 0 0 0 0 0 0 0
1.00 0.75 0.86 0.59 0.25 0.11 0.18 0.06 0.00 0.00 0.00 0.00 0.00 0.00 0.00
0 0 0 0 0 0 0 0 0 0 0 0 0 0 0
1.00 0.50 0.42 0.30 -0.09 -0.08 0.20 0.12 0.00 0.00 0.00 0.00 0.00 0.00 0.00
0 0 0 0 0 0 0 0 0 0 0 0 0 0 0
1.00 0.18 -0.02 -0.02 -0.12 -0.09 0.04 0.06 0.00 0.00 0.00 0.00 0.00 0.00 0.00
0 0 0 0 0 0 0 0 0 0 0 0 0 0 0
1.00 -0.19 -0.43 -0.43 -0.25 -0.23 -0.34 -0.09 0.00 0.00 0.00 0.00 0.00 0.00 0.00
0 0 0 0 0 0 0 0 0 0 0 0 0 0 0
1.00 -0.93 -0.92 -0.69 -0.54 -0.48 -0.25 -0.11 0.00 0.00 0.00 0.00 0.00 0.00 0.00
0 0 0 0 0 0 0 0 0 0 0 0 0 0 0
1.00 -0.62 -0.61 -0.39 -0.25 -0.20 -0.08 0.00 0.00 0.00 0.00 0.00 0.00 0.00 0.00
0 0 0 0 0 0 0 0 0 0 0 0 0 0 0
1.00 -0.66 -0.63 -0.40 -0.23 -0.18 -0.07 0.00 0.00 0.00 0.00 0.00 0.00 0.00 0.00
0 0 0 0 0 0 0 0 0 0 0 0 0 0 0
