1.00 0.92 1.09 0.98 1.31 1.18 0.65 0.23 0.00 0.00 0.00 0.00 0.00 0.00 0.00
1.00 2.30 2.16 1.52 2.12 2.00 1.14 0.21 0.00 0.00 0.00 0.00 0.00 0.00 0.00
1.00 2.34 2.45 1.65 1.94 2.44 1.18 0.30 0.00 0.00 0.00 0.00 0.00 0.00 0.00
0 0 0 0 0 0 0 0 0 0 0 0 0 0 0
1.00 1.88 1.42 0.72 1.85 1.75 0.66 0.31 0.00 0.00 0.00 0.00 0.00 0.00 0.00
0 0 0 0 0 0 0 0 0 0 0 0 0 0 0
1.00 1.88 1.42 0.72 1.85 1.75 0.66 0.31 0.00 0.00 0.00 0.00 0.00 0.00 0.00
0 0 0 0 0 0 0 0 0 0 0 0 0 0 0
1.00 1.75 1.34 0.69 1.66 1.61 0.62 0.29 0.00 0.00 0.00 0.00 0.00 0.00 0.00
0 0 0 0 0 0 0 0 0 0 0 0 0 0 0
1.00 -0.11 -0.48 -0.45 0.23 -0.16 -0.41 0.00 0.00 0.00 0.00 0.00 0.00 0.00 0.00
0 0 0 0 0 0 0 0 0 0 0 0 0 0 0
1.00 -1.40 -1.34 -1.08 -1.37 -1.77 -1.06 -0.27 0.00 0.00 0.00 0.00 0.00 0.00 0.00
0 0 0 0 0 0 0 0 0 0 0 0 0 0 0
1.00 -2.29 -2.24 -1.59 -2.73 -3.04 -1.34 -0.37 0.00 0.00 0.00 0.00 0.00 0.00 0.00
0 0 0 0 0 0 0 0 0 0 0 0 0 0 0
1.00 -1.69 -1.71 -1.05 -1.90 -2.01 -0.93 -0.24 0.00 0.00 0.00 0.00 0.00 0.00 0.00
0 0 0 0 0 0 0 0 0 0 0 0 0 0 0
1.00 -1.73 -1.34 -0.82 -2.34 -1.97 -0.82 -0.21 0.00 0.00 0.00 0.00 0.00 0.00 0.00
0 0 0 0 0 0 0 0 0 0 0 0 0 0 0
1.00 -1.51 -1.20 -0.70 -2.03 -1.73 -0.65 -0.18 0.00 0.00 0.00 0.00 0.00 0.00 0.00
0 0 0 0 0 0 0 0 0 0 0 0 0 0 0
1.00 -0.85 -0.65 -0.38 -1.14 -1.08 -0.39 -0.14 0.00 0.00 0.00 0.00 0.00 0.00 0.00
0 0 0 0 0 0 0 0 0 0 0 0 0 0 0
