1.00 -0.61 -0.25 -0.02 -0.74 -0.62 -0.24 -0.14 0.00 0.00 0.00 0.00 0.00 0.00 0.00
1.00 0.08 0.30 0.46 -0.77 -0.52 0.23 -0.05 0.00 0.00 0.00 0.00 0.00 0.00 0.00
1.00 0.45 0.83 0.89 0.14 0.68 0.76 0.10 0.00 0.00 0.00 0.00 0.00 0.00 0.00
0 0 0 0 0 0 0 0 0 0 0 0 0 0 0
1.00 1.68 1.61 0.84 1.40 1.48 0.69 0.18 0.00 0.00 0.00 0.00 0.00 0.00 0.00
0 0 0 0 0 0 0 0 0 0 0 0 0 0 0
1.00 1.68 1.61 0.84 1.40 1.48 0.69 0.18 0.00 0.00 0.00 0.00 0.00 0.00 0.00
0 0 0 0 0 0 0 0 0 0 0 0 0 0 0
1.00 0.36 -0.45 -0.93 0.83 0.40 -0.38 0.02 0.00 0.00 0.00 0.00 0.00 0.00 0.00
0 0 0 0 0 0 0 0 0 0 0 0 0 0 0
1.00 -0.73 -1.40 -0.99 0.20 -0.47 -0.51 -0.08 0.00 0.00 0.00 0.00 0.00 0.00 0.00
0 0 0 0 0 0 0 0 0 0 0 0 0 0 0
1.00 -1.45 -1.28 -0.92 -0.73 -0.75 -0.51 -0.10 0.00 0.00 0.00 0.00 0.00 0.00 0.00
0 0 0 0 0 0 0 0 0 0 0 0 0 0 0
1.00 -1.13 -1.22 -0.59 -0.31 -0.45 -0.31 -0.05 0.00 0.00 0.00 0.00 0.00 0.00 0.00
0 0 0 0 0 0 0 0 0 0 0 0 0 0 0
1.00 -1.20 -1.01 -0.54 -0.38 -0.64 -0.44 -0.15 0.00 0.00 0.00 0.00 0.00 0.00 0.00
0 0 0 0 0 0 0 0 0 0 0 0 0 0 0
1.00 -0.60 -0.42 -0.27 -0.15 -0.11 -0.18 -0.03 0.00 0.00 0.00 0.00 0.00 0.00 0.00
0 0 0 0 0 0 0 0 0 0 0 0 0 0 0
1.00 -0.45 -0.27 -0.17 -0.11 -0.04 -0.12 -0.01 0.00 0.00 0.00 0.00 0.00 0.00 0.00
0 0 0 0 0 0 0 0 0 0 0 0 0 0 0
1.00 -0.16 -0.12 -0.03 -0.00 -0.08 0.08 0.03 0.00 0.00 0.00 0.00 0.00 0.00 0.00
0 0 0 0 0 0 0 0 0 0 0 0 0 0 0
