1.00 -0.22 -0.16 0.01 0.32 0.50 0.19 0.04 0.00 0.00 0.00 0.00 0.00 0.00 0.00
1.00 0.27 0.38 0.33 0.56 0.52 0.22 0.03 0.00 0.00 0.00 0.00 0.00 0.00 0.00
1.00 0.66 0.73 0.67 0.40 0.17 0.22 0.04 0.00 0.00 0.00 0.00 0.00 0.00 0.00
0 0 0 0 0 0 0 0 0 0 0 0 0 0 0
1.00 0.81 0.83 0.62 -0.06 -0.18 0.03 0.02 0.00 0.00 0.00 0.00 0.00 0.00 0.00
0 0 0 0 0 0 0 0 0 0 0 0 0 0 0
1.00 0.81 0.83 0.62 -0.06 -0.18 0.03 0.02 0.00 0.00 0.00 0.00 0.00 0.00 0.00
0 0 0 0 0 0 0 0 0 0 0 0 0 0 0
1.00 0.89 0.96 0.50 -0.36 -0.25 0.07 0.06 0.00 0.00 0.00 0.00 0.00 0.00 0.00
0 0 0 0 0 0 0 0 0 0 0 0 0 0 0
1.00 0.70 0.65 0.30 -0.13 -0.09 -0.07 0.02 0.00 0.00 0.00 0.00 0.00 0.00 0.00
0 0 0 0 0 0 0 0 0 0 0 0 0 0 0
1.00 0.31 0.25 0.11 -0.25 -0.21 -0.11 -0.07 0.00 0.00 0.00 0.00 0.00 0.00 0.00
0 0 0 0 0 0 0 0 0 0 0 0 0 0 0
1.00 0.05 -0.08 -0.25 -0.49 -0.26 -0.16 -0.08 0.00 0.00 0.00 0.00 0.00 0.00 0.00
0 0 0 0 0 0 0 0 0 0 0 0 0 0 0
1.00 -0.32 -0.47 -0.43 -0.22 -0.20 -0.20 0.01 0.00 0.00 0.00 0.00 0.00 0.00 0.00
0 0 0 0 0 0 0 0 0 0 0 0 0 0 0
1.00 0.24 0.36 0.08 -0.19 -0.06 -0.10 0.04 0.00 0.00 0.00 0.00 0.00 0.00 0.00
0 0 0 0 0 0 0 0 0 0 0 0 0 0 0
1.00 -0.19 -0.19 -0.22 -0.32 -0.17 -0.12 -0.00 0.00 0.00 0.00 0.00 0.00 0.00 0.00
0 0 0 0 0 0 0 0 0 0 0 0 0 0 0
1.00 -0.48 -0.55 -0.50 -0.16 -0.13 -0.22 -0.04 0.00 0.00 0.00 0.00 0.00 0.00 0.00
0 0 0 0 0 0 0 0 0 0 0 0 0 0 0
