1.00 0.01 0.15 0.08 0.40 0.47 0.20 0.03 0.00 0.00 0.00 0.00 0.00 0.00 0.00
1.00 0.34 0.37 0.42 0.26 0.23 0.14 -0.02 0.00 0.00 0.00 0.00 0.00 0.00 0.00
1.00 0.65 0.95 0.64 0.19 0.09 0.12 -0.04 0.00 0.00 0.00 0.00 0.00 0.00 0.00
0 0 0 0 0 0 0 0 0 0 0 0 0 0 0
1.00 0.97 1.11 0.65 0.03 -0.03 0.13 0.03 0.00 0.00 0.00 0.00 0.00 0.00 0.00
0 0 0 0 0 0 0 0 0 0 0 0 0 0 0
1.00 0.97 1.11 0.65 0.03 -0.03 0.13 0.03 0.00 0.00 0.00 0.00 0.00 0.00 0.00
0 0 0 0 0 0 0 0 0 0 0 0 0 0 0
1.00 1.07 0.88 0.61 -0.06 -0.10 0.20 0.11 0.00 0.00 0.00 0.00 0.00 0.00 0.00
0 0 0 0 0 0 0 0 0 0 0 0 0 0 0
1.00 0.80 0.78 0.52 0.09 0.02 0.11 0.12 0.00 0.00 0.00 0.00 0.00 0.00 0.00
0 0 0 0 0 0 0 0 0 0 0 0 0 0 0
1.00 0.43 0.37 0.19 0.12 0.07 0.01 0.06 0.00 0.00 0.00 0.00 0.00 0.00 0.00
0 0 0 0 0 0 0 0 0 0 0 0 0 0 0
1.00 0.19 0.14 0.03 0.08 0.03 -0.05 0.04 0.00 0.00 0.00 0.00 0.00 0.00 0.00
0 0 0 0 0 0 0 0 0 0 0 0 0 0 0
1.00 -0.17 -0.28 -0.32 -0.39 -0.30 -0.09 -0.02 0.00 0.00 0.00 0.00 0.00 0.00 0.00
0 0 0 0 0 0 0 0 0 0 0 0 0 0 0
1.00 -0.73 -0.95 -0.78 -0.36 -0.27 -0.33 -0.12 0.00 0.00 0.00 0.00 0.00 0.00 0.00
0 0 0 0 0 0 0 0 0 0 0 0 0 0 0
1.00 -0.25 -0.32 -0.21 -0.22 -0.11 -0.10 0.01 0.00 0.00 0.00 0.00 0.00 0.00 0.00
0 0 0 0 0 0 0 0 0 0 0 0 0 0 0
1.00 -0.52 -0.69 -0.65 -0.17 -0.13 -0.26 -0.06 0.00 0.00 0.00 0.00 0.00 0.00 0.00
0 0 0 0 0 0 0 0 0 0 0 0 0 0 0
