1.00 -0.77 -0.85 -0.49 -0.36 -0.25 -0.09 -0.14 0.00 0.00 0.00 0.00 0.00 0.00 0.00
1.00 -0.36 -0.39 -0.04 0.16 0.22 0.23 -0.04 0.00 0.00 0.00 0.00 0.00 0.00 0.00
1.00 0.16 0.15 0.31 0.41 0.44 0.28 0.08 0.00 0.00 0.00 0.00 0.00 0.00 0.00
0 0 0 0 0 0 0 0 0 0 0 0 0 0 0
1.00 0.50 0.76 0.63 0.57 0.52 0.20 0.05 0.00 0.00 0.00 0.00 0.00 0.00 0.00
0 0 0 0 0 0 0 0 0 0 0 0 0 0 0
1.00 0.50 0.76 0.63 0.57 0.52 0.20 0.05 0.00 0.00 0.00 0.00 0.00 0.00 0.00
0 0 0 0 0 0 0 0 0 0 0 0 0 0 0
1.00 0.96 1.20 0.87 0.37 0.28 0.25 0.09 0.00 0.00 0.00 0.00 0.00 0.00 0.00
0 0 0 0 0 0 0 0 0 0 0 0 0 0 0
1.00 1.41 1.45 0.84 0.11 0.14 0.22 0.19 0.00 0.00 0.00 0.00 0.00 0.00 0.00
0 0 0 0 0 0 0 0 0 0 0 0 0 0 0
1.00 0.71 0.77 0.60 -0.07 -0.00 0.11 0.06 0.00 0.00 0.00 0.00 0.00 0.00 0.00
0 0 0 0 0 0 0 0 0 0 0 0 0 0 0
1.00 0.77 0.60 0.38 0.09 0.04 0.12 0.07 0.00 0.00 0.00 0.00 0.00 0.00 0.00
0 0 0 0 0 0 0 0 0 0 0 0 0 0 0
1.00 0.48 0.30 0.15 0.00 -0.04 0.03 0.04 0.00 0.00 0.00 0.00 0.00 0.00 0.00
0 0 0 0 0 0 0 0 0 0 0 0 0 0 0
1.00 0.64 0.64 0.26 -0.00 0.28 0.16 0.10 0.00 0.00 0.00 0.00 0.00 0.00 0.00
0 0 0 0 0 0 0 0 0 0 0 0 0 0 0
1.00 0.19 0.07 0.01 0.06 -0.14 0.02 0.07 0.00 0.00 0.00 0.00 0.00 0.00 0.00
0 0 0 0 0 0 0 0 0 0 0 0 0 0 0
1.00 -0.25 -0.32 -0.38 -0.02 -0.21 -0.20 -0.09 0.00 0.00 0.00 0.00 0.00 0.00 0.00
0 0 0 0 0 0 0 0 0 0 0 0 0 0 0
