1.00 0.44 0.34 0.16 0.66 0.49 0.18 0.12 0.00 0.00 0.00 0.00 0.00 0.00 0.00
1.00 -0.13 -0.25 -0.19 0.25 0.11 0.02 0.08 0.00 0.00 0.00 0.00 0.00 0.00 0.00
1.00 -0.62 -0.63 -0.57 0.09 -0.24 -0.28 -0.10 0.00 0.00 0.00 0.00 0.00 0.00 0.00
0 0 0 0 0 0 0 0 0 0 0 0 0 0 0
1.00 -0.90 -1.05 -0.81 -0.39 -0.44 -0.39 -0.14 0.00 0.00 0.00 0.00 0.00 0.00 0.00
0 0 0 0 0 0 0 0 0 0 0 0 0 0 0
1.00 -0.90 -1.05 -0.81 -0.39 -0.44 -0.39 -0.14 0.00 0.00 0.00 0.00 0.00 0.00 0.00
0 0 0 0 0 0 0 0 0 0 0 0 0 0 0
1.00 -0.41 -0.51 -0.36 -0.09 -0.10 -0.19 0.01 0.00 0.00 0.00 0.00 0.00 0.00 0.00
0 0 0 0 0 0 0 0 0 0 0 0 0 0 0
1.00 -0.36 -0.48 -0.27 -0.09 -0.32 -0.18 -0.04 0.00 0.00 0.00 0.00 0.00 0.00 0.00
0 0 0 0 0 0 0 0 0 0 0 0 0 0 0
1.00 -0.48 -0.54 -0.48 -0.36 -0.28 -0.32 -0.10 0.00 0.00 0.00 0.00 0.00 0.00 0.00
0 0 0 0 0 0 0 0 0 0 0 0 0 0 0
1.00 -0.72 -0.70 -0.43 -0.46 -0.47 -0.13 -0.00 0.00 0.00 0.00 0.00 0.00 0.00 0.00
0 0 0 0 0 0 0 0 0 0 0 0 0 0 0
1.00 -0.57 -0.41 -0.29 -0.32 -0.16 -0.12 -0.07 0.00 0.00 0.00 0.00 0.00 0.00 0.00
0 0 0 0 0 0 0 0 0 0 0 0 0 0 0
1.00 -0.30 -0.25 -0.22 -0.20 -0.12 -0.11 -0.06 0.00 0.00 0.00 0.00 0.00 0.00 0.00
0 0 0 0 0 0 0 0 0 0 0 0 0 0 0
1.00 -0.23 -0.22 -0.04 -0.19 -0.16 -0.03 0.03 0.00 0.00 0.00 0.00 0.00 0.00 0.00
0 0 0 0 0 0 0 0 0 0 0 0 0 0 0
1.00 -0.03 -0.12 -0.08 0.01 -0.02 -0.15 -0.00 0.00 0.00 0.00 0.00 0.00 0.00 0.00
0 0 0 0 0 0 0 0 0 0 0 0 0 0 0
