1.00 1.31 1.33 1.25 2.81 2.91 1.23 0.18 0.00 0.00 0.00 0.00 0.00 0.00 0.00
1.00 1.12 1.14 0.90 1.69 1.94 0.85 0.13 0.00 0.00 0.00 0.00 0.00 0.00 0.00
1.00 1.57 1.57 1.29 1.67 1.76 0.94 0.28 0.00 0.00 0.00 0.00 0.00 0.00 0.00
0 0 0 0 0 0 0 0 0 0 0 0 0 0 0
1.00 2.06 1.63 0.81 1.19 0.97 0.40 0.20 0.00 0.00 0.00 0.00 0.00 0.00 0.00
0 0 0 0 0 0 0 0 0 0 0 0 0 0 0
1.00 2.06 1.63 0.81 1.19 0.97 0.40 0.20 0.00 0.00 0.00 0.00 0.00 0.00 0.00
0 0 0 0 0 0 0 0 0 0 0 0 0 0 0
1.00 2.46 1.94 0.79 2.22 2.01 0.54 0.27 0.00 0.00 0.00 0.00 0.00 0.00 0.00
0 0 0 0 0 0 0 0 0 0 0 0 0 0 0
1.00 0.28 -0.34 -0.46 0.70 -0.09 -0.26 0.01 0.00 0.00 0.00 0.00 0.00 0.00 0.00
0 0 0 0 0 0 0 0 0 0 0 0 0 0 0
1.00 -1.16 -1.16 -0.87 -1.15 -1.56 -0.86 -0.14 0.00 0.00 0.00 0.00 0.00 0.00 0.00
0 0 0 0 0 0 0 0 0 0 0 0 0 0 0
1.00 -1.10 -1.07 -0.78 -1.12 -1.49 -0.80 -0.13 0.00 0.00 0.00 0.00 0.00 0.00 0.00
0 0 0 0 0 0 0 0 0 0 0 0 0 0 0
1.00 -1.61 -1.53 -1.16 -2.09 -2.36 -1.29 -0.28 0.00 0.00 0.00 0.00 0.00 0.00 0.00
0 0 0 0 0 0 0 0 0 0 0 0 0 0 0
1.00 -2.29 -1.94 -1.31 -2.81 -2.59 -1.02 -0.33 0.00 0.00 0.00 0.00 0.00 0.00 0.00
0 0 0 0 0 0 0 0 0 0 0 0 0 0 0
1.00 -1.10 -1.11 -0.79 -1.43 -1.24 -0.55 -0.15 0.00 0.00 0.00 0.00 0.00 0.00 0.00
0 0 0 0 0 0 0 0 0 0 0 0 0 0 0
1.00 -0.97 -1.02 -0.69 -0.72 -0.73 -0.31 -0.10 0.00 0.00 0.00 0.00 0.00 0.00 0.00
0 0 0 0 0 0 0 0 0 0 0 0 0 0 0
