1.00 0.27 0.47 0.31 0.88 0.99 0.19 -0.01 0.00 0.00 0.00 0.00 0.00 0.00 0.00
1.00 0.72 0.73 0.44 0.81 0.63 0.17 -0.02 0.00 0.00 0.00 0.00 0.00 0.00 0.00
1.00 0.74 0.72 0.44 0.64 0.57 0.31 0.03 0.00 0.00 0.00 0.00 0.00 0.00 0.00
0 0 0 0 0 0 0 0 0 0 0 0 0 0 0
1.00 0.66 0.63 0.42 0.88 0.70 0.18 0.10 0.00 0.00 0.00 0.00 0.00 0.00 0.00
0 0 0 0 0 0 0 0 0 0 0 0 0 0 0
1.00 0.66 0.63 0.42 0.88 0.70 0.18 0.10 0.00 0.00 0.00 0.00 0.00 0.00 0.00
0 0 0 0 0 0 0 0 0 0 0 0 0 0 0
1.00 0.56 0.65 0.47 1.02 0.92 0.21 0.12 0.00 0.00 0.00 0.00 0.00 0.00 0.00
0 0 0 0 0 0 0 0 0 0 0 0 0 0 0
1.00 0.31 0.37 0.16 0.52 0.25 -0.05 0.01 0.00 0.00 0.00 0.00 0.00 0.00 0.00
0 0 0 0 0 0 0 0 0 0 0 0 0 0 0
1.00 -0.11 -0.21 -0.22 -0.53 -0.77 -0.21 -0.02 0.00 0.00 0.00 0.00 0.00 0.00 0.00
0 0 0 0 0 0 0 0 0 0 0 0 0 0 0
1.00 -0.79 -0.97 -0.89 -1.86 -1.75 -0.67 -0.12 0.00 0.00 0.00 0.00 0.00 0.00 0.00
0 0 0 0 0 0 0 0 0 0 0 0 0 0 0
1.00 -0.09 -0.32 -0.35 -0.39 -0.68 -0.23 -0.01 0.00 0.00 0.00 0.00 0.00 0.00 0.00
0 0 0 0 0 0 0 0 0 0 0 0 0 0 0
1.00 -0.76 -0.71 -0.66 -1.25 -1.17 -0.38 -0.08 0.00 0.00 0.00 0.00 0.00 0.00 0.00
0 0 0 0 0 0 0 0 0 0 0 0 0 0 0
1.00 -1.04 -1.23 -0.81 -1.33 -1.04 -0.55 -0.18 0.00 0.00 0.00 0.00 0.00 0.00 0.00
0 0 0 0 0 0 0 0 0 0 0 0 0 0 0
1.00 -1.30 -1.15 -0.76 -1.18 -1.03 -0.48 -0.19 0.00 0.00 0.00 0.00 0.00 0.00 0.00
0 0 0 0 0 0 0 0 0 0 0 0 0 0 0
