1.00 -0.31 -0.21 -0.12 0.03 0.17 0.10 0.05 0.00 0.00 0.00 0.00 0.00 0.00 0.00
1.00 0.21 0.31 0.24 0.28 0.23 0.10 0.05 0.00 0.00 0.00 0.00 0.00 0.00 0.00
1.00 0.74 0.70 0.76 0.15 0.14 0.20 -0.01 0.00 0.00 0.00 0.00 0.00 0.00 0.00
0 0 0 0 0 0 0 0 0 0 0 0 0 0 0
1.00 1.46 1.53 1.15 0.20 0.01 0.30 0.12 0.00 0.00 0.00 0.00 0.00 0.00 0.00
0 0 0 0 0 0 0 0 0 0 0 0 0 0 0
1.00 1.46 1.53 1.15 0.20 0.01 0.30 0.12 0.00 0.00 0.00 0.00 0.00 0.00 0.00
0 0 0 0 0 0 0 0 0 0 0 0 0 0 0
1.00 0.82 1.05 0.68 -0.09 -0.07 0.16 0.08 0.00 0.00 0.00 0.00 0.00 0.00 0.00
0 0 0 0 0 0 0 0 0 0 0 0 0 0 0
1.00 1.00 0.96 0.66 -0.14 -0.08 0.22 0.11 0.00 0.00 0.00 0.00 0.00 0.00 0.00
0 0 0 0 0 0 0 0 0 0 0 0 0 0 0
1.00 0.81 0.65 0.35 -0.16 -0.17 -0.01 0.05 0.00 0.00 0.00 0.00 0.00 0.00 0.00
0 0 0 0 0 0 0 0 0 0 0 0 0 0 0
1.00 0.82 1.00 0.44 0.10 -0.08 0.01 0.06 0.00 0.00 0.00 0.00 0.00 0.00 0.00
0 0 0 0 0 0 0 0 0 0 0 0 0 0 0
1.00 0.53 0.33 0.24 -0.27 -0.25 0.08 0.07 0.00 0.00 0.00 0.00 0.00 0.00 0.00
0 0 0 0 0 0 0 0 0 0 0 0 0 0 0
1.00 0.07 -0.02 -0.24 -0.23 -0.09 0.03 0.08 0.00 0.00 0.00 0.00 0.00 0.00 0.00
0 0 0 0 0 0 0 0 0 0 0 0 0 0 0
1.00 -0.71 -0.83 -0.62 -0.19 -0.13 -0.38 -0.09 0.00 0.00 0.00 0.00 0.00 0.00 0.00
0 0 0 0 0 0 0 0 0 0 0 0 0 0 0
1.00 -1.27 -1.29 -0.94 -0.19 -0.15 -0.21 -0.10 0.00 0.00 0.00 0.00 0.00 0.00 0.00
0 0 0 0 0 0 0 0 0 0 0 0 0 0 0
