1.00 1.44 1.30 1.32 1.94 2.35 1.21 0.25 0.00 0.00 0.00 0.00 0.00 0.00 0.00
1.00 1.56 1.60 1.22 1.71 2.12 1.16 0.31 0.00 0.00 0.00 0.00 0.00 0.00 0.00
1.00 1.71 1.69 1.12 1.68 1.57 0.71 0.19 0.00 0.00 0.00 0.00 0.00 0.00 0.00
0 0 0 0 0 0 0 0 0 0 0 0 0 0 0
1.00 1.60 1.39 0.71 1.10 0.97 0.35 0.11 0.00 0.00 0.00 0.00 0.00 0.00 0.00
0 0 0 0 0 0 0 0 0 0 0 0 0 0 0
1.00 1.60 1.39 0.71 1.10 0.97 0.35 0.11 0.00 0.00 0.00 0.00 0.00 0.00 0.00
0 0 0 0 0 0 0 0 0 0 0 0 0 0 0
1.00 1.95 1.79 1.19 1.62 1.57 0.83 0.25 0.00 0.00 0.00 0.00 0.00 0.00 0.00
0 0 0 0 0 0 0 0 0 0 0 0 0 0 0
1.00 1.91 1.77 1.21 1.55 1.54 0.83 0.24 0.00 0.00 0.00 0.00 0.00 0.00 0.00
0 0 0 0 0 0 0 0 0 0 0 0 0 0 0
1.00 0.88 0.38 -0.07 0.48 0.04 -0.17 0.11 0.00 0.00 0.00 0.00 0.00 0.00 0.00
0 0 0 0 0 0 0 0 0 0 0 0 0 0 0
1.00 -0.88 -1.26 -1.22 -0.98 -1.55 -1.05 -0.22 0.00 0.00 0.00 0.00 0.00 0.00 0.00
0 0 0 0 0 0 0 0 0 0 0 0 0 0 0
1.00 -2.50 -2.33 -1.56 -2.06 -2.48 -1.27 -0.35 0.00 0.00 0.00 0.00 0.00 0.00 0.00
0 0 0 0 0 0 0 0 0 0 0 0 0 0 0
1.00 -2.76 -2.35 -1.55 -2.90 -2.96 -1.44 -0.31 0.00 0.00 0.00 0.00 0.00 0.00 0.00
0 0 0 0 0 0 0 0 0 0 0 0 0 0 0
1.00 -1.29 -1.34 -0.97 -1.63 -1.67 -0.79 -0.16 0.00 0.00 0.00 0.00 0.00 0.00 0.00
0 0 0 0 0 0 0 0 0 0 0 0 0 0 0
1.00 -1.75 -1.57 -0.82 -1.50 -1.51 -0.69 -0.25 0.00 0.00 0.00 0.00 0.00 0.00 0.00
0 0 0 0 0 0 0 0 0 0 0 0 0 0 0
