1.00 -0.08 0.22 0.38 -0.31 -0.23 0.22 0.06 0.00 0.00 0.00 0.00 0.00 0.00 0.00
1.00 0.84 0.85 0.68 -0.15 -0.16 0.18 0.12 0.00 0.00 0.00 0.00 0.00 0.00 0.00
1.00 0.91 1.11 0.85 -0.35 -0.08 0.23 0.07 0.00 0.00 0.00 0.00 0.00 0.00 0.00
0 0 0 0 0 0 0 0 0 0 0 0 0 0 0
1.00 1.09 1.04 0.52 0.11 0.38 0.42 0.02 0.00 0.00 0.00 0.00 0.00 0.00 0.00
0 0 0 0 0 0 0 0 0 0 0 0 0 0 0
1.00 1.09 1.04 0.52 0.11 0.38 0.42 0.02 0.00 0.00 0.00 0.00 0.00 0.00 0.00
0 0 0 0 0 0 0 0 0 0 0 0 0 0 0
1.00 0.80 0.90 0.45 0.14 0.28 0.08 0.05 0.00 0.00 0.00 0.00 0.00 0.00 0.00
0 0 0 0 0 0 0 0 0 0 0 0 0 0 0
1.00 0.58 0.82 0.56 -0.02 0.39 0.31 0.05 0.00 0.00 0.00 0.00 0.00 0.00 0.00
0 0 0 0 0 0 0 0 0 0 0 0 0 0 0
1.00 0.49 0.44 0.40 0.14 0.05 0.17 -0.00 0.00 0.00 0.00 0.00 0.00 0.00 0.00
0 0 0 0 0 0 0 0 0 0 0 0 0 0 0
1.00 -0.01 -0.21 -0.32 0.07 0.01 -0.12 -0.01 0.00 0.00 0.00 0.00 0.00 0.00 0.00
0 0 0 0 0 0 0 0 0 0 0 0 0 0 0
1.00 -0.80 -1.05 -0.73 0.09 -0.25 -0.28 -0.04 0.00 0.00 0.00 0.00 0.00 0.00 0.00
0 0 0 0 0 0 0 0 0 0 0 0 0 0 0
1.00 -0.14 -0.40 -0.14 -0.04 -0.27 -0.16 -0.06 0.00 0.00 0.00 0.00 0.00 0.00 0.00
0 0 0 0 0 0 0 0 0 0 0 0 0 0 0
1.00 -0.39 -0.48 -0.38 -0.27 -0.28 -0.25 -0.05 0.00 0.00 0.00 0.00 0.00 0.00 0.00
0 0 0 0 0 0 0 0 0 0 0 0 0 0 0
1.00 -0.79 -0.93 -0.73 -0.29 -0.29 -0.28 -0.02 0.00 0.00 0.00 0.00 0.00 0.00 0.00
0 0 0 0 0 0 0 0 0 0 0 0 0 0 0
