1.00 1.54 1.59 1.29 1.53 2.00 1.02 0.20 0.00 0.00 0.00 0.00 0.00 0.00 0.00
1.00 1.26 1.52 1.21 0.96 1.60 0.95 0.29 0.00 0.00 0.00 0.00 0.00 0.00 0.00
1.00 1.44 1.32 0.95 1.29 1.27 0.74 0.21 0.00 0.00 0.00 0.00 0.00 0.00 0.00
0 0 0 0 0 0 0 0 0 0 0 0 0 0 0
1.00 1.00 0.90 0.53 0.69 0.75 0.31 0.04 0.00 0.00 0.00 0.00 0.00 0.00 0.00
0 0 0 0 0 0 0 0 0 0 0 0 0 0 0
1.00 1.00 0.90 0.53 0.69 0.75 0.31 0.04 0.00 0.00 0.00 0.00 0.00 0.00 0.00
0 0 0 0 0 0 0 0 0 0 0 0 0 0 0
1.00 0.03 -0.51 -0.90 0.25 -0.24 -0.67 -0.06 0.00 0.00 0.00 0.00 0.00 0.00 0.00
0 0 0 0 0 0 0 0 0 0 0 0 0 0 0
1.00 0.01 -0.44 -0.26 0.79 0.01 -0.29 -0.03 0.00 0.00 0.00 0.00 0.00 0.00 0.00
0 0 0 0 0 0 0 0 0 0 0 0 0 0 0
1.00 -0.58 -0.66 -0.56 -0.52 -1.00 -0.54 -0.08 0.00 0.00 0.00 0.00 0.00 0.00 0.00
0 0 0 0 0 0 0 0 0 0 0 0 0 0 0
1.00 -0.53 -0.58 -0.48 -0.51 -0.96 -0.48 -0.07 0.00 0.00 0.00 0.00 0.00 0.00 0.00
0 0 0 0 0 0 0 0 0 0 0 0 0 0 0
1.00 -1.29 -1.37 -1.26 -1.38 -1.70 -0.99 -0.27 0.00 0.00 0.00 0.00 0.00 0.00 0.00
0 0 0 0 0 0 0 0 0 0 0 0 0 0 0
1.00 -2.59 -2.05 -1.22 -2.76 -2.85 -1.15 -0.33 0.00 0.00 0.00 0.00 0.00 0.00 0.00
0 0 0 0 0 0 0 0 0 0 0 0 0 0 0
1.00 -1.21 -0.81 -0.67 -1.37 -1.25 -0.55 -0.12 0.00 0.00 0.00 0.00 0.00 0.00 0.00
0 0 0 0 0 0 0 0 0 0 0 0 0 0 0
1.00 -0.95 -0.86 -0.42 -0.93 -1.10 -0.47 -0.16 0.00 0.00 0.00 0.00 0.00 0.00 0.00
0 0 0 0 0 0 0 0 0 0 0 0 0 0 0
