1.00 0.48 0.71 0.74 1.31 1.35 0.75 0.17 0.00 0.00 0.00 0.00 0.00 0.00 0.00
1.00 1.29 1.31 0.96 1.50 1.61 0.78 0.22 0.00 0.00 0.00 0.00 0.00 0.00 0.00
1.00 1.64 1.63 1.30 1.38 1.22 0.71 0.17 0.00 0.00 0.00 0.00 0.00 0.00 0.00
0 0 0 0 0 0 0 0 0 0 0 0 0 0 0
1.00 1.97 1.64 1.07 0.81 0.61 0.43 0.15 0.00 0.00 0.00 0.00 0.00 0.00 0.00
0 0 0 0 0 0 0 0 0 0 0 0 0 0 0
1.00 1.97 1.64 1.07 0.81 0.61 0.43 0.15 0.00 0.00 0.00 0.00 0.00 0.00 0.00
0 0 0 0 0 0 0 0 0 0 0 0 0 0 0
1.00 1.84 1.63 0.98 1.38 1.36 0.64 0.25 0.00 0.00 0.00 0.00 0.00 0.00 0.00
0 0 0 0 0 0 0 0 0 0 0 0 0 0 0
1.00 0.53 0.18 -0.08 -0.05 -0.34 -0.33 0.09 0.00 0.00 0.00 0.00 0.00 0.00 0.00
0 0 0 0 0 0 0 0 0 0 0 0 0 0 0
1.00 -1.04 -1.19 -0.94 -1.69 -2.33 -1.08 -0.24 0.00 0.00 0.00 0.00 0.00 0.00 0.00
0 0 0 0 0 0 0 0 0 0 0 0 0 0 0
1.00 -2.36 -2.35 -1.85 -2.90 -3.37 -1.66 -0.35 0.00 0.00 0.00 0.00 0.00 0.00 0.00
0 0 0 0 0 0 0 0 0 0 0 0 0 0 0
1.00 -1.28 -1.23 -0.77 -1.34 -1.48 -0.61 -0.10 0.00 0.00 0.00 0.00 0.00 0.00 0.00
0 0 0 0 0 0 0 0 0 0 0 0 0 0 0
1.00 -1.42 -1.08 -0.68 -1.38 -1.75 -0.72 -0.09 0.00 0.00 0.00 0.00 0.00 0.00 0.00
0 0 0 0 0 0 0 0 0 0 0 0 0 0 0
1.00 -1.11 -1.00 -0.69 -1.61 -1.62 -0.69 -0.22 0.00 0.00 0.00 0.00 0.00 0.00 0.00
0 0 0 0 0 0 0 0 0 0 0 0 0 0 0
1.00 -1.23 -0.99 -0.75 -1.32 -1.32 -0.64 -0.17 0.00 0.00 0.00 0.00 0.00 0.00 0.00
0 0 0 0 0 0 0 0 0 0 0 0 0 0 0
