1.00 -0.89 -0.93 -0.72 -1.04 -1.63 -0.79 -0.15 0.00 0.00 0.00 0.00 0.00 0.00 0.00
1.00 -0.86 -0.93 -0.80 -0.87 -0.76 -0.31 -0.15 0.00 0.00 0.00 0.00 0.00 0.00 0.00
1.00 -0.66 -0.50 -0.28 -0.01 0.46 0.12 0.05 0.00 0.00 0.00 0.00 0.00 0.00 0.00
0 0 0 0 0 0 0 0 0 0 0 0 0 0 0
1.00 0.29 0.45 0.54 0.78 0.98 0.61 0.07 0.00 0.00 0.00 0.00 0.00 0.00 0.00
0 0 0 0 0 0 0 0 0 0 0 0 0 0 0
1.00 0.29 0.45 0.54 0.78 0.98 0.61 0.07 0.00 0.00 0.00 0.00 0.00 0.00 0.00
0 0 0 0 0 0 0 0 0 0 0 0 0 0 0
1.00 1.31 1.44 0.99 1.31 1.52 0.74 0.18 0.00 0.00 0.00 0.00 0.00 0.00 0.00
0 0 0 0 0 0 0 0 0 0 0 0 0 0 0
1.00 1.91 1.78 1.33 1.45 1.88 0.96 0.16 0.00 0.00 0.00 0.00 0.00 0.00 0.00
0 0 0 0 0 0 0 0 0 0 0 0 0 0 0
1.00 1.25 1.28 1.25 1.02 1.25 0.73 0.21 0.00 0.00 0.00 0.00 0.00 0.00 0.00
0 0 0 0 0 0 0 0 0 0 0 0 0 0 0
1.00 1.20 1.32 1.01 0.76 0.92 0.67 0.20 0.00 0.00 0.00 0.00 0.00 0.00 0.00
0 0 0 0 0 0 0 0 0 0 0 0 0 0 0
1.00 1.00 0.84 0.41 0.49 0.42 0.29 0.06 0.00 0.00 0.00 0.00 0.00 0.00 0.00
0 0 0 0 0 0 0 0 0 0 0 0 0 0 0
1.00 -0.16 -0.71 -1.08 -0.17 -0.60 -0.82 -0.08 0.00 0.00 0.00 0.00 0.00 0.00 0.00
0 0 0 0 0 0 0 0 0 0 0 0 0 0 0
1.00 -0.05 -0.68 -0.74 0.47 -0.09 -0.42 0.00 0.00 0.00 0.00 0.00 0.00 0.00 0.00
0 0 0 0 0 0 0 0 0 0 0 0 0 0 0
1.00 -1.40 -1.34 -1.10 -0.71 -1.40 -0.84 -0.13 0.00 0.00 0.00 0.00 0.00 0.00 0.00
0 0 0 0 0 0 0 0 0 0 0 0 0 0 0
