1.00 -0.12 0.03 0.13 0.14 0.34 0.18 -0.03 0.00 0.00 0.00 0.00 0.00 0.00 0.00
1.00 0.47 0.60 0.56 0.36 0.50 0.23 0.07 0.00 0.00 0.00 0.00 0.00 0.00 0.00
1.00 1.04 1.24 0.87 0.27 0.14 0.22 0.08 0.00 0.00 0.00 0.00 0.00 0.00 0.00
0 0 0 0 0 0 0 0 0 0 0 0 0 0 0
1.00 1.49 1.62 1.19 -0.00 -0.05 0.25 0.13 0.00 0.00 0.00 0.00 0.00 0.00 0.00
0 0 0 0 0 0 0 0 0 0 0 0 0 0 0
1.00 1.49 1.62 1.19 -0.00 -0.05 0.25 0.13 0.00 0.00 0.00 0.00 0.00 0.00 0.00
0 0 0 0 0 0 0 0 0 0 0 0 0 0 0
1.00 0.65 0.84 0.73 0.08 0.08 0.16 0.07 0.00 0.00 0.00 0.00 0.00 0.00 0.00
0 0 0 0 0 0 0 0 0 0 0 0 0 0 0
1.00 0.68 0.81 0.68 -0.10 -0.08 0.23 0.04 0.00 0.00 0.00 0.00 0.00 0.00 0.00
0 0 0 0 0 0 0 0 0 0 0 0 0 0 0
1.00 0.57 0.58 0.36 -0.06 -0.11 0.06 -0.01 0.00 0.00 0.00 0.00 0.00 0.00 0.00
0 0 0 0 0 0 0 0 0 0 0 0 0 0 0
1.00 0.35 0.12 0.01 -0.18 -0.11 -0.07 -0.02 0.00 0.00 0.00 0.00 0.00 0.00 0.00
0 0 0 0 0 0 0 0 0 0 0 0 0 0 0
1.00 -0.20 -0.42 -0.63 -0.04 -0.19 -0.16 0.05 0.00 0.00 0.00 0.00 0.00 0.00 0.00
0 0 0 0 0 0 0 0 0 0 0 0 0 0 0
1.00 0.07 -0.10 -0.17 -0.10 -0.16 -0.10 -0.01 0.00 0.00 0.00 0.00 0.00 0.00 0.00
0 0 0 0 0 0 0 0 0 0 0 0 0 0 0
1.00 -0.55 -0.65 -0.58 -0.03 0.11 -0.23 -0.08 0.00 0.00 0.00 0.00 0.00 0.00 0.00
0 0 0 0 0 0 0 0 0 0 0 0 0 0 0
1.00 -0.99 -1.16 -0.84 -0.05 -0.08 -0.23 -0.06 0.00 0.00 0.00 0.00 0.00 0.00 0.00
0 0 0 0 0 0 0 0 0 0 0 0 0 0 0
