1.00 -0.84 -0.78 -0.46 -0.72 -1.01 -0.50 -0.10 0.00 0.00 0.00 0.00 0.00 0.00 0.00
1.00 -1.06 -1.04 -0.69 -0.84 -1.18 -0.63 -0.13 0.00 0.00 0.00 0.00 0.00 0.00 0.00
1.00 0.18 0.68 0.85 -0.17 -0.06 0.44 0.08 0.00 0.00 0.00 0.00 0.00 0.00 0.00
0 0 0 0 0 0 0 0 0 0 0 0 0 0 0
1.00 1.57 1.79 1.52 0.96 1.46 1.12 0.22 0.00 0.00 0.00 0.00 0.00 0.00 0.00
0 0 0 0 0 0 0 0 0 0 0 0 0 0 0
1.00 1.57 1.79 1.52 0.96 1.46 1.12 0.22 0.00 0.00 0.00 0.00 0.00 0.00 0.00
0 0 0 0 0 0 0 0 0 0 0 0 0 0 0
1.00 2.62 2.48 1.72 1.93 2.39 1.20 0.32 0.00 0.00 0.00 0.00 0.00 0.00 0.00
0 0 0 0 0 0 0 0 0 0 0 0 0 0 0
1.00 1.55 1.64 1.16 0.96 1.34 0.76 0.20 0.00 0.00 0.00 0.00 0.00 0.00 0.00
0 0 0 0 0 0 0 0 0 0 0 0 0 0 0
1.00 1.43 1.32 0.81 0.97 1.22 0.55 0.11 0.00 0.00 0.00 0.00 0.00 0.00 0.00
0 0 0 0 0 0 0 0 0 0 0 0 0 0 0
1.00 0.98 0.50 0.13 0.82 0.79 0.12 0.04 0.00 0.00 0.00 0.00 0.00 0.00 0.00
0 0 0 0 0 0 0 0 0 0 0 0 0 0 0
1.00 0.03 -0.20 -0.28 0.36 0.04 -0.12 -0.02 0.00 0.00 0.00 0.00 0.00 0.00 0.00
0 0 0 0 0 0 0 0 0 0 0 0 0 0 0
1.00 0.82 0.83 0.49 0.54 0.47 0.17 0.08 0.00 0.00 0.00 0.00 0.00 0.00 0.00
0 0 0 0 0 0 0 0 0 0 0 0 0 0 0
1.00 -0.19 -0.68 -0.72 0.08 -0.34 -0.41 -0.06 0.00 0.00 0.00 0.00 0.00 0.00 0.00
0 0 0 0 0 0 0 0 0 0 0 0 0 0 0
1.00 -0.32 -0.76 -0.75 -0.03 -0.42 -0.43 -0.08 0.00 0.00 0.00 0.00 0.00 0.00 0.00
0 0 0 0 0 0 0 0 0 0 0 0 0 0 0
