1.00 0.80 0.82 0.55 0.19 0.11 0.30 0.07 0.00 0.00 0.00 0.00 0.00 0.00 0.00
1.00 1.22 1.36 1.14 0.36 0.40 0.37 0.12 0.00 0.00 0.00 0.00 0.00 0.00 0.00
1.00 0.70 0.83 0.83 0.30 0.21 0.41 0.06 0.00 0.00 0.00 0.00 0.00 0.00 0.00
0 0 0 0 0 0 0 0 0 0 0 0 0 0 0
1.00 1.14 1.21 0.83 0.22 0.07 0.12 0.13 0.00 0.00 0.00 0.00 0.00 0.00 0.00
0 0 0 0 0 0 0 0 0 0 0 0 0 0 0
1.00 1.14 1.21 0.83 0.22 0.07 0.12 0.13 0.00 0.00 0.00 0.00 0.00 0.00 0.00
0 0 0 0 0 0 0 0 0 0 0 0 0 0 0
1.00 1.07 1.13 0.68 0.15 0.02 0.12 0.10 0.00 0.00 0.00 0.00 0.00 0.00 0.00
0 0 0 0 0 0 0 0 0 0 0 0 0 0 0
1.00 0.89 0.73 0.40 -0.11 0.04 -0.01 -0.04 0.00 0.00 0.00 0.00 0.00 0.00 0.00
0 0 0 0 0 0 0 0 0 0 0 0 0 0 0
1.00 0.96 0.92 0.71 0.05 0.20 0.20 -0.01 0.00 0.00 0.00 0.00 0.00 0.00 0.00
0 0 0 0 0 0 0 0 0 0 0 0 0 0 0
1.00 0.75 0.85 0.53 0.04 0.08 -0.01 0.02 0.00 0.00 0.00 0.00 0.00 0.00 0.00
0 0 0 0 0 0 0 0 0 0 0 0 0 0 0
1.00 0.35 0.30 0.21 -0.19 -0.19 -0.01 0.04 0.00 0.00 0.00 0.00 0.00 0.00 0.00
0 0 0 0 0 0 0 0 0 0 0 0 0 0 0
1.00 -0.29 -0.29 -0.34 -0.08 -0.09 -0.16 0.01 0.00 0.00 0.00 0.00 0.00 0.00 0.00
0 0 0 0 0 0 0 0 0 0 0 0 0 0 0
1.00 -0.68 -0.98 -0.85 -0.09 -0.18 -0.24 -0.07 0.00 0.00 0.00 0.00 0.00 0.00 0.00
0 0 0 0 0 0 0 0 0 0 0 0 0 0 0
1.00 -1.36 -1.41 -1.15 -0.26 -0.25 -0.38 -0.10 0.00 0.00 0.00 0.00 0.00 0.00 0.00
0 0 0 0 0 0 0 0 0 0 0 0 0 0 0
