1.00 -0.35 -0.41 -0.33 -0.90 -0.74 -0.22 -0.07 0.00 0.00 0.00 0.00 0.00 0.00 0.00
1.00 1.39 1.70 1.44 1.10 1.42 1.11 0.21 0.00 0.00 0.00 0.00 0.00 0.00 0.00
1.00 2.54 2.50 1.86 1.86 2.36 1.24 0.29 0.00 0.00 0.00 0.00 0.00 0.00 0.00
0 0 0 0 0 0 0 0 0 0 0 0 0 0 0
1.00 1.00 1.15 1.11 0.59 0.98 0.64 0.09 0.00 0.00 0.00 0.00 0.00 0.00 0.00
0 0 0 0 0 0 0 0 0 0 0 0 0 0 0
1.00 1.00 1.15 1.11 0.59 0.98 0.64 0.09 0.00 0.00 0.00 0.00 0.00 0.00 0.00
0 0 0 0 0 0 0 0 0 0 0 0 0 0 0
1.00 1.24 1.38 1.05 1.15 1.40 0.80 0.16 0.00 0.00 0.00 0.00 0.00 0.00 0.00
0 0 0 0 0 0 0 0 0 0 0 0 0 0 0
1.00 1.14 1.49 1.23 0.74 1.03 0.84 0.21 0.00 0.00 0.00 0.00 0.00 0.00 0.00
0 0 0 0 0 0 0 0 0 0 0 0 0 0 0
1.00 1.07 0.83 0.29 0.69 0.64 0.28 0.18 0.00 0.00 0.00 0.00 0.00 0.00 0.00
0 0 0 0 0 0 0 0 0 0 0 0 0 0 0
1.00 -0.41 -1.18 -1.47 0.21 -0.31 -0.85 -0.11 0.00 0.00 0.00 0.00 0.00 0.00 0.00
0 0 0 0 0 0 0 0 0 0 0 0 0 0 0
1.00 -0.16 -0.39 -0.21 0.62 -0.08 -0.09 -0.11 0.00 0.00 0.00 0.00 0.00 0.00 0.00
0 0 0 0 0 0 0 0 0 0 0 0 0 0 0
1.00 -0.49 -0.35 -0.46 -0.25 -0.56 -0.29 0.06 0.00 0.00 0.00 0.00 0.00 0.00 0.00
0 0 0 0 0 0 0 0 0 0 0 0 0 0 0
1.00 -1.20 -1.39 -1.11 -0.96 -1.14 -0.73 -0.13 0.00 0.00 0.00 0.00 0.00 0.00 0.00
0 0 0 0 0 0 0 0 0 0 0 0 0 0 0
1.00 -2.11 -2.32 -1.65 -1.27 -1.69 -1.14 -0.28 0.00 0.00 0.00 0.00 0.00 0.00 0.00
0 0 0 0 0 0 0 0 0 0 0 0 0 0 0
