1.00 -0.59 -0.57 -0.29 -0.29 -0.12 -0.05 -0.02 0.00 0.00 0.00 0.00 0.00 0.00 0.00
1.00 -0.19 -0.02 0.16 0.01 -0.12 0.04 -0.00 0.00 0.00 0.00 0.00 0.00 0.00 0.00
1.00 0.67 0.83 0.50 0.26 0.31 0.17 0.01 0.00 0.00 0.00 0.00 0.00 0.00 0.00
0 0 0 0 0 0 0 0 0 0 0 0 0 0 0
1.00 0.91 1.12 0.82 0.23 0.17 0.20 0.02 0.00 0.00 0.00 0.00 0.00 0.00 0.00
0 0 0 0 0 0 0 0 0 0 0 0 0 0 0
1.00 0.91 1.12 0.82 0.23 0.17 0.20 0.02 0.00 0.00 0.00 0.00 0.00 0.00 0.00
0 0 0 0 0 0 0 0 0 0 0 0 0 0 0
1.00 1.27 1.41 1.10 0.14 0.23 0.38 0.13 0.00 0.00 0.00 0.00 0.00 0.00 0.00
0 0 0 0 0 0 0 0 0 0 0 0 0 0 0
1.00 0.85 0.98 0.74 0.20 0.14 0.15 0.11 0.00 0.00 0.00 0.00 0.00 0.00 0.00
0 0 0 0 0 0 0 0 0 0 0 0 0 0 0
1.00 0.86 0.89 0.60 0.12 -0.04 -0.02 0.05 0.00 0.00 0.00 0.00 0.00 0.00 0.00
0 0 0 0 0 0 0 0 0 0 0 0 0 0 0
1.00 0.62 0.50 0.33 -0.07 -0.11 0.17 0.05 0.00 0.00 0.00 0.00 0.00 0.00 0.00
0 0 0 0 0 0 0 0 0 0 0 0 0 0 0
1.00 0.33 0.13 -0.11 -0.09 -0.08 -0.15 -0.03 0.00 0.00 0.00 0.00 0.00 0.00 0.00
0 0 0 0 0 0 0 0 0 0 0 0 0 0 0
1.00 0.76 0.64 0.21 -0.13 -0.23 -0.04 0.03 0.00 0.00 0.00 0.00 0.00 0.00 0.00
0 0 0 0 0 0 0 0 0 0 0 0 0 0 0
1.00 -0.10 -0.54 -0.56 -0.15 -0.00 -0.10 -0.01 0.00 0.00 0.00 0.00 0.00 0.00 0.00
0 0 0 0 0 0 0 0 0 0 0 0 0 0 0
1.00 -1.02 -1.16 -0.75 0.03 -0.03 -0.26 -0.06 0.00 0.00 0.00 0.00 0.00 0.00 0.00
0 0 0 0 0 0 0 0 0 0 0 0 0 0 0
