1.00 0.66 0.99 0.67 0.47 0.30 0.29 0.09 0.00 0.00 0.00 0.00 0.00 0.00 0.00
1.00 0.72 0.77 0.52 0.20 0.20 0.27 0.07 0.00 0.00 0.00 0.00 0.00 0.00 0.00
1.00 0.43 0.44 0.43 -0.27 -0.17 0.12 -0.02 0.00 0.00 0.00 0.00 0.00 0.00 0.00
0 0 0 0 0 0 0 0 0 0 0 0 0 0 0
1.00 0.16 0.55 0.37 -0.22 0.28 0.31 0.01 0.00 0.00 0.00 0.00 0.00 0.00 0.00
0 0 0 0 0 0 0 0 0 0 0 0 0 0 0
1.00 0.16 0.55 0.37 -0.22 0.28 0.31 0.01 0.00 0.00 0.00 0.00 0.00 0.00 0.00
0 0 0 0 0 0 0 0 0 0 0 0 0 0 0
1.00 0.25 0.25 0.07 -0.07 0.00 0.05 0.09 0.00 0.00 0.00 0.00 0.00 0.00 0.00
0 0 0 0 0 0 0 0 0 0 0 0 0 0 0
1.00 -0.15 -0.13 -0.24 -0.28 -0.18 -0.17 0.05 0.00 0.00 0.00 0.00 0.00 0.00 0.00
0 0 0 0 0 0 0 0 0 0 0 0 0 0 0
1.00 -0.41 -0.45 -0.46 -0.42 -0.48 -0.23 -0.11 0.00 0.00 0.00 0.00 0.00 0.00 0.00
0 0 0 0 0 0 0 0 0 0 0 0 0 0 0
1.00 0.21 0.23 0.04 -0.13 -0.23 -0.04 -0.00 0.00 0.00 0.00 0.00 0.00 0.00 0.00
0 0 0 0 0 0 0 0 0 0 0 0 0 0 0
1.00 0.04 -0.17 -0.24 0.00 -0.23 -0.10 0.07 0.00 0.00 0.00 0.00 0.00 0.00 0.00
0 0 0 0 0 0 0 0 0 0 0 0 0 0 0
1.00 -0.54 -0.60 -0.49 -0.35 -0.07 -0.19 0.00 0.00 0.00 0.00 0.00 0.00 0.00 0.00
0 0 0 0 0 0 0 0 0 0 0 0 0 0 0
1.00 -0.97 -0.91 -0.73 -0.34 -0.09 -0.32 -0.09 0.00 0.00 0.00 0.00 0.00 0.00 0.00
0 0 0 0 0 0 0 0 0 0 0 0 0 0 0
1.00 -0.88 -1.18 -0.78 -0.11 -0.28 -0.36 -0.14 0.00 0.00 0.00 0.00 0.00 0.00 0.00
0 0 0 0 0 0 0 0 0 0 0 0 0 0 0
