1.00 0.39 0.45 0.59 0.51 0.88 0.48 0.04 0.00 0.00 0.00 0.00 0.00 0.00 0.00
1.00 1.18 1.12 0.70 1.23 1.65 0.78 0.11 0.00 0.00 0.00 0.00 0.00 0.00 0.00
1.00 1.54 1.49 1.04 1.89 2.09 1.00 0.26 0.00 0.00 0.00 0.00 0.00 0.00 0.00
0 0 0 0 0 0 0 0 0 0 0 0 0 0 0
1.00 1.62 1.70 1.27 1.43 1.98 1.17 0.22 0.00 0.00 0.00 0.00 0.00 0.00 0.00
0 0 0 0 0 0 0 0 0 0 0 0 0 0 0
1.00 1.62 1.70 1.27 1.43 1.98 1.17 0.22 0.00 0.00 0.00 0.00 0.00 0.00 0.00
0 0 0 0 0 0 0 0 0 0 0 0 0 0 0
1.00 1.70 1.54 0.96 1.49 1.85 0.73 0.22 0.00 0.00 0.00 0.00 0.00 0.00 0.00
0 0 0 0 0 0 0 0 0 0 0 0 0 0 0
1.00 0.93 0.50 0.04 0.84 0.60 0.05 0.07 0.00 0.00 0.00 0.00 0.00 0.00 0.00
0 0 0 0 0 0 0 0 0 0 0 0 0 0 0
1.00 -0.64 -0.96 -0.68 -0.51 -1.13 -0.59 -0.07 0.00 0.00 0.00 0.00 0.00 0.00 0.00
0 0 0 0 0 0 0 0 0 0 0 0 0 0 0
1.00 -1.91 -1.99 -1.64 -1.60 -2.47 -1.46 -0.28 0.00 0.00 0.00 0.00 0.00 0.00 0.00
0 0 0 0 0 0 0 0 0 0 0 0 0 0 0
1.00 -1.01 -1.07 -0.90 -0.89 -1.21 -0.86 -0.18 0.00 0.00 0.00 0.00 0.00 0.00 0.00
0 0 0 0 0 0 0 0 0 0 0 0 0 0 0
1.00 -1.66 -1.55 -1.01 -1.24 -1.63 -0.87 -0.22 0.00 0.00 0.00 0.00 0.00 0.00 0.00
0 0 0 0 0 0 0 0 0 0 0 0 0 0 0
1.00 -1.58 -1.51 -1.03 -1.84 -1.97 -0.88 -0.20 0.00 0.00 0.00 0.00 0.00 0.00 0.00
0 0 0 0 0 0 0 0 0 0 0 0 0 0 0
1.00 -1.83 -1.54 -0.93 -1.67 -1.66 -0.81 -0.19 0.00 0.00 0.00 0.00 0.00 0.00 0.00
0 0 0 0 0 0 0 0 0 0 0 0 0 0 0
