1.00 -0.65 -0.68 -0.45 -0.46 -0.31 -0.14 -0.05 0.00 0.00 0.00 0.00 0.00 0.00 0.00
1.00 -0.79 -0.85 -0.71 -0.52 -0.30 -0.19 -0.11 0.00 0.00 0.00 0.00 0.00 0.00 0.00
1.00 -0.99 -0.87 -0.60 -0.69 -0.60 -0.23 -0.08 0.00 0.00 0.00 0.00 0.00 0.00 0.00
0 0 0 0 0 0 0 0 0 0 0 0 0 0 0
1.00 -0.50 -0.64 -0.43 -0.52 -0.33 -0.17 -0.02 0.00 0.00 0.00 0.00 0.00 0.00 0.00
0 0 0 0 0 0 0 0 0 0 0 0 0 0 0
1.00 -0.50 -0.64 -0.43 -0.52 -0.33 -0.17 -0.02 0.00 0.00 0.00 0.00 0.00 0.00 0.00
0 0 0 0 0 0 0 0 0 0 0 0 0 0 0
1.00 -0.34 -0.28 -0.25 -0.26 -0.16 -0.11 0.00 0.00 0.00 0.00 0.00 0.00 0.00 0.00
0 0 0 0 0 0 0 0 0 0 0 0 0 0 0
1.00 -0.14 -0.09 -0.11 -0.11 -0.05 -0.06 0.02 0.00 0.00 0.00 0.00 0.00 0.00 0.00
0 0 0 0 0 0 0 0 0 0 0 0 0 0 0
1.00 0.00 0.06 0.05 -0.13 -0.27 -0.06 -0.07 0.00 0.00 0.00 0.00 0.00 0.00 0.00
0 0 0 0 0 0 0 0 0 0 0 0 0 0 0
1.00 -0.61 -0.58 -0.28 -0.48 -0.32 -0.11 0.01 0.00 0.00 0.00 0.00 0.00 0.00 0.00
0 0 0 0 0 0 0 0 0 0 0 0 0 0 0
1.00 -0.12 -0.01 0.15 -0.33 -0.31 -0.08 0.05 0.00 0.00 0.00 0.00 0.00 0.00 0.00
0 0 0 0 0 0 0 0 0 0 0 0 0 0 0
1.00 0.57 0.86 0.78 0.17 -0.05 0.09 -0.00 0.00 0.00 0.00 0.00 0.00 0.00 0.00
0 0 0 0 0 0 0 0 0 0 0 0 0 0 0
1.00 1.32 1.54 1.18 0.64 0.57 0.42 0.08 0.00 0.00 0.00 0.00 0.00 0.00 0.00
0 0 0 0 0 0 0 0 0 0 0 0 0 0 0
1.00 1.82 1.83 1.21 1.05 1.18 0.70 0.23 0.00 0.00 0.00 0.00 0.00 0.00 0.00
0 0 0 0 0 0 0 0 0 0 0 0 0 0 0
