1.00 0.64 1.01 1.12 0.59 1.10 0.89 0.17 0.00 0.00 0.00 0.00 0.00 0.00 0.00
1.00 1.30 1.25 0.94 1.03 1.38 0.79 0.23 0.00 0.00 0.00 0.00 0.00 0.00 0.00
1.00 1.07 0.86 0.47 1.05 1.21 0.46 0.07 0.00 0.00 0.00 0.00 0.00 0.00 0.00
0 0 0 0 0 0 0 0 0 0 0 0 0 0 0
1.00 0.03 -0.60 -0.91 0.77 0.51 -0.30 -0.04 0.00 0.00 0.00 0.00 0.00 0.00 0.00
0 0 0 0 0 0 0 0 0 0 0 0 0 0 0
1.00 0.03 -0.60 -0.91 0.77 0.51 -0.30 -0.04 0.00 0.00 0.00 0.00 0.00 0.00 0.00
0 0 0 0 0 0 0 0 0 0 0 0 0 0 0
1.00 0.19 -0.02 -0.03 1.05 0.77 0.16 0.03 0.00 0.00 0.00 0.00 0.00 0.00 0.00
0 0 0 0 0 0 0 0 0 0 0 0 0 0 0
1.00 -0.20 -0.50 -0.45 0.08 -0.65 -0.42 -0.01 0.00 0.00 0.00 0.00 0.00 0.00 0.00
0 0 0 0 0 0 0 0 0 0 0 0 0 0 0
1.00 -1.07 -1.19 -1.00 -0.73 -1.20 -0.67 -0.18 0.00 0.00 0.00 0.00 0.00 0.00 0.00
0 0 0 0 0 0 0 0 0 0 0 0 0 0 0
1.00 -1.62 -1.36 -0.95 -1.06 -1.61 -0.97 -0.19 0.00 0.00 0.00 0.00 0.00 0.00 0.00
0 0 0 0 0 0 0 0 0 0 0 0 0 0 0
1.00 -1.69 -1.68 -1.18 -1.75 -1.76 -0.88 -0.18 0.00 0.00 0.00 0.00 0.00 0.00 0.00
0 0 0 0 0 0 0 0 0 0 0 0 0 0 0
1.00 -1.10 -1.08 -0.72 -0.69 -0.93 -0.46 -0.07 0.00 0.00 0.00 0.00 0.00 0.00 0.00
0 0 0 0 0 0 0 0 0 0 0 0 0 0 0
1.00 -1.12 -1.03 -0.53 -1.02 -0.90 -0.35 -0.17 0.00 0.00 0.00 0.00 0.00 0.00 0.00
0 0 0 0 0 0 0 0 0 0 0 0 0 0 0
1.00 -0.56 -0.49 -0.40 -0.57 -0.46 -0.30 -0.10 0.00 0.00 0.00 0.00 0.00 0.00 0.00
0 0 0 0 0 0 0 0 0 0 0 0 0 0 0
