1.00 -0.91 -0.91 -0.50 0.04 -0.35 -0.29 -0.06 0.00 0.00 0.00 0.00 0.00 0.00 0.00
1.00 -0.09 0.45 0.39 -0.26 -0.58 -0.02 0.02 0.00 0.00 0.00 0.00 0.00 0.00 0.00
1.00 0.99 0.88 0.66 -0.56 -0.25 0.19 0.05 0.00 0.00 0.00 0.00 0.00 0.00 0.00
0 0 0 0 0 0 0 0 0 0 0 0 0 0 0
1.00 1.39 1.58 1.27 0.26 0.81 0.66 0.11 0.00 0.00 0.00 0.00 0.00 0.00 0.00
0 0 0 0 0 0 0 0 0 0 0 0 0 0 0
1.00 1.39 1.58 1.27 0.26 0.81 0.66 0.11 0.00 0.00 0.00 0.00 0.00 0.00 0.00
0 0 0 0 0 0 0 0 0 0 0 0 0 0 0
1.00 1.19 1.33 1.06 0.28 0.76 0.58 0.10 0.00 0.00 0.00 0.00 0.00 0.00 0.00
0 0 0 0 0 0 0 0 0 0 0 0 0 0 0
1.00 1.06 1.43 1.09 0.15 0.63 0.50 0.11 0.00 0.00 0.00 0.00 0.00 0.00 0.00
0 0 0 0 0 0 0 0 0 0 0 0 0 0 0
1.00 1.41 1.60 1.16 0.63 1.08 0.82 0.20 0.00 0.00 0.00 0.00 0.00 0.00 0.00
0 0 0 0 0 0 0 0 0 0 0 0 0 0 0
1.00 1.27 1.12 0.66 0.73 0.87 0.36 0.14 0.00 0.00 0.00 0.00 0.00 0.00 0.00
0 0 0 0 0 0 0 0 0 0 0 0 0 0 0
1.00 0.36 -0.08 -0.20 0.42 0.31 -0.02 -0.02 0.00 0.00 0.00 0.00 0.00 0.00 0.00
0 0 0 0 0 0 0 0 0 0 0 0 0 0 0
1.00 -0.92 -1.37 -1.50 0.03 -0.53 -0.68 -0.11 0.00 0.00 0.00 0.00 0.00 0.00 0.00
0 0 0 0 0 0 0 0 0 0 0 0 0 0 0
1.00 -2.30 -2.80 -2.07 -0.47 -0.97 -0.89 -0.17 0.00 0.00 0.00 0.00 0.00 0.00 0.00
0 0 0 0 0 0 0 0 0 0 0 0 0 0 0
1.00 -2.87 -2.88 -1.98 -0.54 -0.98 -0.79 -0.19 0.00 0.00 0.00 0.00 0.00 0.00 0.00
0 0 0 0 0 0 0 0 0 0 0 0 0 0 0
