1.00 0.17 0.42 0.37 0.22 0.17 0.11 0.01 0.00 0.00 0.00 0.00 0.00 0.00 0.00
1.00 0.66 0.88 0.86 0.18 -0.02 0.24 0.01 0.00 0.00 0.00 0.00 0.00 0.00 0.00
1.00 1.10 1.39 1.14 -0.11 0.06 0.22 0.12 0.00 0.00 0.00 0.00 0.00 0.00 0.00
0 0 0 0 0 0 0 0 0 0 0 0 0 0 0
1.00 1.35 1.37 0.84 -0.14 0.11 0.22 0.12 0.00 0.00 0.00 0.00 0.00 0.00 0.00
0 0 0 0 0 0 0 0 0 0 0 0 0 0 0
1.00 1.35 1.37 0.84 -0.14 0.11 0.22 0.12 0.00 0.00 0.00 0.00 0.00 0.00 0.00
0 0 0 0 0 0 0 0 0 0 0 0 0 0 0
1.00 0.96 0.79 0.33 -0.12 0.03 -0.03 -0.03 0.00 0.00 0.00 0.00 0.00 0.00 0.00
0 0 0 0 0 0 0 0 0 0 0 0 0 0 0
1.00 0.83 0.65 0.54 -0.21 -0.01 0.15 -0.06 0.00 0.00 0.00 0.00 0.00 0.00 0.00
0 0 0 0 0 0 0 0 0 0 0 0 0 0 0
1.00 0.34 0.14 0.04 -0.01 -0.04 0.01 0.03 0.00 0.00 0.00 0.00 0.00 0.00 0.00
0 0 0 0 0 0 0 0 0 0 0 0 0 0 0
1.00 -0.37 -0.62 -0.65 -0.09 -0.15 -0.15 0.03 0.00 0.00 0.00 0.00 0.00 0.00 0.00
0 0 0 0 0 0 0 0 0 0 0 0 0 0 0
1.00 -1.08 -1.26 -0.96 -0.04 -0.17 -0.24 -0.09 0.00 0.00 0.00 0.00 0.00 0.00 0.00
0 0 0 0 0 0 0 0 0 0 0 0 0 0 0
1.00 -0.36 -0.19 -0.23 0.05 -0.15 -0.10 -0.07 0.00 0.00 0.00 0.00 0.00 0.00 0.00
0 0 0 0 0 0 0 0 0 0 0 0 0 0 0
1.00 -0.32 -0.28 -0.32 -0.11 0.11 -0.16 0.06 0.00 0.00 0.00 0.00 0.00 0.00 0.00
0 0 0 0 0 0 0 0 0 0 0 0 0 0 0
1.00 -0.62 -1.09 -0.85 -0.05 -0.17 -0.18 -0.01 0.00 0.00 0.00 0.00 0.00 0.00 0.00
0 0 0 0 0 0 0 0 0 0 0 0 0 0 0
