1.00 -1.05 -1.28 -1.12 0.04 -0.27 -0.45 -0.02 0.00 0.00 0.00 0.00 0.00 0.00 0.00
1.00 -1.34 -1.75 -1.40 -0.09 -0.41 -0.69 -0.11 0.00 0.00 0.00 0.00 0.00 0.00 0.00
1.00 -1.45 -1.30 -0.45 -0.15 -0.69 -0.44 -0.17 0.00 0.00 0.00 0.00 0.00 0.00 0.00
0 0 0 0 0 0 0 0 0 0 0 0 0 0 0
1.00 0.52 1.15 0.98 -0.80 -0.71 0.04 -0.01 0.00 0.00 0.00 0.00 0.00 0.00 0.00
0 0 0 0 0 0 0 0 0 0 0 0 0 0 0
1.00 0.52 1.15 0.98 -0.80 -0.71 0.04 -0.01 0.00 0.00 0.00 0.00 0.00 0.00 0.00
0 0 0 0 0 0 0 0 0 0 0 0 0 0 0
1.00 1.92 2.24 1.52 -0.16 0.67 0.80 0.21 0.00 0.00 0.00 0.00 0.00 0.00 0.00
0 0 0 0 0 0 0 0 0 0 0 0 0 0 0
1.00 2.78 2.83 2.13 1.01 1.68 1.21 0.29 0.00 0.00 0.00 0.00 0.00 0.00 0.00
0 0 0 0 0 0 0 0 0 0 0 0 0 0 0
1.00 1.60 1.88 1.40 0.51 1.03 0.74 0.12 0.00 0.00 0.00 0.00 0.00 0.00 0.00
0 0 0 0 0 0 0 0 0 0 0 0 0 0 0
1.00 1.80 1.78 1.40 0.82 1.33 0.77 0.14 0.00 0.00 0.00 0.00 0.00 0.00 0.00
0 0 0 0 0 0 0 0 0 0 0 0 0 0 0
1.00 1.49 1.66 1.21 0.93 1.44 0.77 0.23 0.00 0.00 0.00 0.00 0.00 0.00 0.00
0 0 0 0 0 0 0 0 0 0 0 0 0 0 0
1.00 1.08 0.73 0.35 0.68 0.85 0.28 0.16 0.00 0.00 0.00 0.00 0.00 0.00 0.00
0 0 0 0 0 0 0 0 0 0 0 0 0 0 0
1.00 -0.22 -0.93 -1.19 0.34 -0.21 -0.50 -0.11 0.00 0.00 0.00 0.00 0.00 0.00 0.00
0 0 0 0 0 0 0 0 0 0 0 0 0 0 0
1.00 -0.97 -1.26 -1.18 -0.32 -1.02 -0.57 -0.06 0.00 0.00 0.00 0.00 0.00 0.00 0.00
0 0 0 0 0 0 0 0 0 0 0 0 0 0 0
