1.00 1.19 2.01 1.75 -0.55 -0.46 0.44 0.07 0.00 0.00 0.00 0.00 0.00 0.00 0.00
1.00 0.60 0.64 0.49 -0.78 -0.63 0.08 0.02 0.00 0.00 0.00 0.00 0.00 0.00 0.00
1.00 0.81 1.11 0.92 -0.20 0.11 0.28 0.08 0.00 0.00 0.00 0.00 0.00 0.00 0.00
0 0 0 0 0 0 0 0 0 0 0 0 0 0 0
1.00 1.36 1.51 1.20 0.26 0.56 0.54 0.03 0.00 0.00 0.00 0.00 0.00 0.00 0.00
0 0 0 0 0 0 0 0 0 0 0 0 0 0 0
1.00 1.36 1.51 1.20 0.26 0.56 0.54 0.03 0.00 0.00 0.00 0.00 0.00 0.00 0.00
0 0 0 0 0 0 0 0 0 0 0 0 0 0 0
1.00 1.60 1.59 0.92 0.61 1.05 0.46 0.12 0.00 0.00 0.00 0.00 0.00 0.00 0.00
0 0 0 0 0 0 0 0 0 0 0 0 0 0 0
1.00 1.32 1.15 0.61 0.87 1.15 0.43 0.19 0.00 0.00 0.00 0.00 0.00 0.00 0.00
0 0 0 0 0 0 0 0 0 0 0 0 0 0 0
1.00 1.79 1.67 1.07 0.73 1.05 0.69 0.20 0.00 0.00 0.00 0.00 0.00 0.00 0.00
0 0 0 0 0 0 0 0 0 0 0 0 0 0 0
1.00 0.77 0.24 -0.31 0.68 0.65 -0.08 0.07 0.00 0.00 0.00 0.00 0.00 0.00 0.00
0 0 0 0 0 0 0 0 0 0 0 0 0 0 0
1.00 -0.98 -1.25 -1.02 0.06 -0.61 -0.44 -0.14 0.00 0.00 0.00 0.00 0.00 0.00 0.00
0 0 0 0 0 0 0 0 0 0 0 0 0 0 0
1.00 -1.78 -1.72 -1.12 -0.64 -0.98 -0.53 -0.13 0.00 0.00 0.00 0.00 0.00 0.00 0.00
0 0 0 0 0 0 0 0 0 0 0 0 0 0 0
1.00 -2.08 -2.24 -1.69 -0.75 -1.10 -0.77 -0.21 0.00 0.00 0.00 0.00 0.00 0.00 0.00
0 0 0 0 0 0 0 0 0 0 0 0 0 0 0
1.00 -1.01 -1.22 -0.83 -0.34 -0.62 -0.48 -0.16 0.00 0.00 0.00 0.00 0.00 0.00 0.00
0 0 0 0 0 0 0 0 0 0 0 0 0 0 0
