1.00 -0.80 -1.15 -0.79 -0.12 -0.22 -0.17 -0.08 0.00 0.00 0.00 0.00 0.00 0.00 0.00
1.00 -0.93 -1.18 -0.92 -0.03 0.03 -0.14 -0.04 0.00 0.00 0.00 0.00 0.00 0.00 0.00
1.00 -1.06 -1.39 -1.13 0.12 -0.08 -0.31 -0.04 0.00 0.00 0.00 0.00 0.00 0.00 0.00
0 0 0 0 0 0 0 0 0 0 0 0 0 0 0
1.00 -1.35 -1.39 -0.89 -0.00 0.05 -0.21 -0.04 0.00 0.00 0.00 0.00 0.00 0.00 0.00
0 0 0 0 0 0 0 0 0 0 0 0 0 0 0
1.00 -1.35 -1.39 -0.89 -0.00 0.05 -0.21 -0.04 0.00 0.00 0.00 0.00 0.00 0.00 0.00
0 0 0 0 0 0 0 0 0 0 0 0 0 0 0
1.00 -0.86 -0.16 0.33 0.16 0.01 0.15 -0.03 0.00 0.00 0.00 0.00 0.00 0.00 0.00
0 0 0 0 0 0 0 0 0 0 0 0 0 0 0
1.00 0.58 0.80 0.57 0.21 0.19 0.21 0.06 0.00 0.00 0.00 0.00 0.00 0.00 0.00
0 0 0 0 0 0 0 0 0 0 0 0 0 0 0
1.00 1.56 1.68 1.10 0.09 -0.15 -0.00 0.06 0.00 0.00 0.00 0.00 0.00 0.00 0.00
0 0 0 0 0 0 0 0 0 0 0 0 0 0 0
1.00 1.48 1.51 1.15 -0.23 0.15 0.30 0.02 0.00 0.00 0.00 0.00 0.00 0.00 0.00
0 0 0 0 0 0 0 0 0 0 0 0 0 0 0
1.00 1.43 1.35 0.94 -0.03 0.09 0.26 0.06 0.00 0.00 0.00 0.00 0.00 0.00 0.00
0 0 0 0 0 0 0 0 0 0 0 0 0 0 0
1.00 1.28 1.28 0.91 0.04 0.20 0.23 0.13 0.00 0.00 0.00 0.00 0.00 0.00 0.00
0 0 0 0 0 0 0 0 0 0 0 0 0 0 0
1.00 0.59 0.49 0.30 0.06 0.00 0.08 0.09 0.00 0.00 0.00 0.00 0.00 0.00 0.00
0 0 0 0 0 0 0 0 0 0 0 0 0 0 0
1.00 -0.20 -0.27 -0.40 -0.10 -0.12 -0.14 -0.09 0.00 0.00 0.00 0.00 0.00 0.00 0.00
0 0 0 0 0 0 0 0 0 0 0 0 0 0 0
