1.00 -1.00 -1.18 -1.02 -0.09 -0.32 -0.26 -0.13 0.00 0.00 0.00 0.00 0.00 0.00 0.00
1.00 -1.06 -1.23 -0.79 0.02 -0.28 -0.24 -0.03 0.00 0.00 0.00 0.00 0.00 0.00 0.00
1.00 -0.71 -0.26 0.09 -0.21 -0.36 -0.28 0.04 0.00 0.00 0.00 0.00 0.00 0.00 0.00
0 0 0 0 0 0 0 0 0 0 0 0 0 0 0
1.00 0.53 0.80 0.60 -0.63 -0.65 0.06 -0.07 0.00 0.00 0.00 0.00 0.00 0.00 0.00
0 0 0 0 0 0 0 0 0 0 0 0 0 0 0
1.00 0.53 0.80 0.60 -0.63 -0.65 0.06 -0.07 0.00 0.00 0.00 0.00 0.00 0.00 0.00
0 0 0 0 0 0 0 0 0 0 0 0 0 0 0
1.00 1.21 1.25 1.03 -0.11 0.37 0.58 0.09 0.00 0.00 0.00 0.00 0.00 0.00 0.00
0 0 0 0 0 0 0 0 0 0 0 0 0 0 0
1.00 1.98 2.05 1.56 0.46 0.94 0.69 0.24 0.00 0.00 0.00 0.00 0.00 0.00 0.00
0 0 0 0 0 0 0 0 0 0 0 0 0 0 0
1.00 1.91 2.07 1.65 0.34 0.92 0.72 0.25 0.00 0.00 0.00 0.00 0.00 0.00 0.00
0 0 0 0 0 0 0 0 0 0 0 0 0 0 0
1.00 1.64 1.64 1.16 0.48 0.84 0.59 0.17 0.00 0.00 0.00 0.00 0.00 0.00 0.00
0 0 0 0 0 0 0 0 0 0 0 0 0 0 0
1.00 0.71 0.04 -0.58 0.42 0.22 -0.15 -0.02 0.00 0.00 0.00 0.00 0.00 0.00 0.00
0 0 0 0 0 0 0 0 0 0 0 0 0 0 0
1.00 -1.39 -1.95 -1.69 -0.09 -0.54 -0.59 -0.11 0.00 0.00 0.00 0.00 0.00 0.00 0.00
0 0 0 0 0 0 0 0 0 0 0 0 0 0 0
1.00 -0.63 -0.58 -0.52 -0.24 -0.59 -0.23 -0.02 0.00 0.00 0.00 0.00 0.00 0.00 0.00
0 0 0 0 0 0 0 0 0 0 0 0 0 0 0
1.00 -1.13 -1.43 -1.23 -0.58 -0.73 -0.46 -0.17 0.00 0.00 0.00 0.00 0.00 0.00 0.00
0 0 0 0 0 0 0 0 0 0 0 0 0 0 0
