1.00 0.43 0.70 0.52 -0.21 0.07 0.04 0.02 0.00 0.00 0.00 0.00 0.00 0.00 0.00
1.00 0.77 0.87 0.65 -0.21 -0.11 0.13 0.01 0.00 0.00 0.00 0.00 0.00 0.00 0.00
1.00 0.86 0.83 0.50 -0.30 -0.22 0.08 0.07 0.00 0.00 0.00 0.00 0.00 0.00 0.00
0 0 0 0 0 0 0 0 0 0 0 0 0 0 0
1.00 0.51 0.47 0.37 -0.19 -0.14 0.07 0.04 0.00 0.00 0.00 0.00 0.00 0.00 0.00
0 0 0 0 0 0 0 0 0 0 0 0 0 0 0
1.00 0.51 0.47 0.37 -0.19 -0.14 0.07 0.04 0.00 0.00 0.00 0.00 0.00 0.00 0.00
0 0 0 0 0 0 0 0 0 0 0 0 0 0 0
1.00 0.14 0.26 0.05 -0.51 -0.35 -0.09 -0.09 0.00 0.00 0.00 0.00 0.00 0.00 0.00
0 0 0 0 0 0 0 0 0 0 0 0 0 0 0
1.00 0.11 0.30 0.23 -0.35 -0.12 -0.01 -0.08 0.00 0.00 0.00 0.00 0.00 0.00 0.00
0 0 0 0 0 0 0 0 0 0 0 0 0 0 0
1.00 0.25 0.27 0.17 -0.12 -0.11 0.02 0.05 0.00 0.00 0.00 0.00 0.00 0.00 0.00
0 0 0 0 0 0 0 0 0 0 0 0 0 0 0
1.00 0.06 -0.10 -0.03 -0.01 0.04 0.08 0.02 0.00 0.00 0.00 0.00 0.00 0.00 0.00
0 0 0 0 0 0 0 0 0 0 0 0 0 0 0
1.00 -0.27 -0.38 -0.23 0.18 0.15 0.11 -0.04 0.00 0.00 0.00 0.00 0.00 0.00 0.00
0 0 0 0 0 0 0 0 0 0 0 0 0 0 0
1.00 -0.51 -0.68 -0.57 0.43 0.34 -0.07 0.03 0.00 0.00 0.00 0.00 0.00 0.00 0.00
0 0 0 0 0 0 0 0 0 0 0 0 0 0 0
1.00 -0.31 -0.31 -0.35 0.30 0.30 0.03 0.07 0.00 0.00 0.00 0.00 0.00 0.00 0.00
0 0 0 0 0 0 0 0 0 0 0 0 0 0 0
1.00 -0.72 -0.78 -0.59 0.20 0.27 -0.05 0.07 0.00 0.00 0.00 0.00 0.00 0.00 0.00
0 0 0 0 0 0 0 0 0 0 0 0 0 0 0
