1.00 -0.93 -1.07 -0.83 -0.30 -0.50 -0.34 -0.03 0.00 0.00 0.00 0.00 0.00 0.00 0.00
1.00 -1.04 -1.10 -1.02 -0.41 -0.57 -0.54 -0.01 0.00 0.00 0.00 0.00 0.00 0.00 0.00
1.00 -1.31 -1.40 -1.19 -0.53 -1.03 -0.72 -0.12 0.00 0.00 0.00 0.00 0.00 0.00 0.00
0 0 0 0 0 0 0 0 0 0 0 0 0 0 0
1.00 -1.67 -1.55 -0.99 -0.90 -1.24 -0.59 -0.22 0.00 0.00 0.00 0.00 0.00 0.00 0.00
0 0 0 0 0 0 0 0 0 0 0 0 0 0 0
1.00 -1.67 -1.55 -0.99 -0.90 -1.24 -0.59 -0.22 0.00 0.00 0.00 0.00 0.00 0.00 0.00
0 0 0 0 0 0 0 0 0 0 0 0 0 0 0
1.00 -1.14 -0.57 -0.25 -1.03 -1.01 -0.27 -0.00 0.00 0.00 0.00 0.00 0.00 0.00 0.00
0 0 0 0 0 0 0 0 0 0 0 0 0 0 0
1.00 0.04 0.39 0.40 -0.54 -0.03 0.36 0.03 0.00 0.00 0.00 0.00 0.00 0.00 0.00
0 0 0 0 0 0 0 0 0 0 0 0 0 0 0
1.00 0.64 0.76 0.80 0.43 0.99 0.59 0.04 0.00 0.00 0.00 0.00 0.00 0.00 0.00
0 0 0 0 0 0 0 0 0 0 0 0 0 0 0
1.00 1.13 1.44 1.14 0.79 1.17 0.70 0.07 0.00 0.00 0.00 0.00 0.00 0.00 0.00
0 0 0 0 0 0 0 0 0 0 0 0 0 0 0
1.00 1.67 1.48 1.08 0.80 1.14 0.68 0.18 0.00 0.00 0.00 0.00 0.00 0.00 0.00
0 0 0 0 0 0 0 0 0 0 0 0 0 0 0
1.00 1.18 1.00 0.66 0.75 0.71 0.34 0.13 0.00 0.00 0.00 0.00 0.00 0.00 0.00
0 0 0 0 0 0 0 0 0 0 0 0 0 0 0
1.00 0.63 0.32 -0.04 0.08 -0.08 -0.26 0.00 0.00 0.00 0.00 0.00 0.00 0.00 0.00
0 0 0 0 0 0 0 0 0 0 0 0 0 0 0
1.00 1.81 1.15 0.21 0.58 0.32 0.16 0.13 0.00 0.00 0.00 0.00 0.00 0.00 0.00
0 0 0 0 0 0 0 0 0 0 0 0 0 0 0
