1.00 0.22 0.51 0.56 0.08 -0.24 0.11 -0.02 0.00 0.00 0.00 0.00 0.00 0.00 0.00
1.00 0.45 1.01 0.89 -0.06 -0.09 0.20 0.06 0.00 0.00 0.00 0.00 0.00 0.00 0.00
1.00 1.19 1.44 1.18 -0.07 -0.07 0.19 0.11 0.00 0.00 0.00 0.00 0.00 0.00 0.00
0 0 0 0 0 0 0 0 0 0 0 0 0 0 0
1.00 1.06 1.20 0.85 -0.25 -0.03 0.27 0.02 0.00 0.00 0.00 0.00 0.00 0.00 0.00
0 0 0 0 0 0 0 0 0 0 0 0 0 0 0
1.00 1.06 1.20 0.85 -0.25 -0.03 0.27 0.02 0.00 0.00 0.00 0.00 0.00 0.00 0.00
0 0 0 0 0 0 0 0 0 0 0 0 0 0 0
1.00 0.84 0.79 0.48 0.12 0.22 0.22 0.02 0.00 0.00 0.00 0.00 0.00 0.00 0.00
0 0 0 0 0 0 0 0 0 0 0 0 0 0 0
1.00 0.34 0.15 0.04 -0.05 0.14 0.12 0.09 0.00 0.00 0.00 0.00 0.00 0.00 0.00
0 0 0 0 0 0 0 0 0 0 0 0 0 0 0
1.00 0.85 0.67 0.48 0.17 0.06 0.19 0.06 0.00 0.00 0.00 0.00 0.00 0.00 0.00
0 0 0 0 0 0 0 0 0 0 0 0 0 0 0
1.00 0.26 0.19 0.08 0.06 -0.04 -0.13 -0.06 0.00 0.00 0.00 0.00 0.00 0.00 0.00
0 0 0 0 0 0 0 0 0 0 0 0 0 0 0
1.00 -0.21 -0.01 0.10 -0.16 0.01 -0.09 -0.11 0.00 0.00 0.00 0.00 0.00 0.00 0.00
0 0 0 0 0 0 0 0 0 0 0 0 0 0 0
1.00 -0.04 -0.05 -0.30 0.04 -0.10 -0.11 0.06 0.00 0.00 0.00 0.00 0.00 0.00 0.00
0 0 0 0 0 0 0 0 0 0 0 0 0 0 0
1.00 -0.45 -0.61 -0.49 -0.11 -0.08 -0.09 -0.01 0.00 0.00 0.00 0.00 0.00 0.00 0.00
0 0 0 0 0 0 0 0 0 0 0 0 0 0 0
1.00 -0.92 -1.08 -0.81 -0.32 -0.22 -0.22 -0.14 0.00 0.00 0.00 0.00 0.00 0.00 0.00
0 0 0 0 0 0 0 0 0 0 0 0 0 0 0
