1.00 0.28 0.35 0.28 0.58 0.44 0.17 -0.01 0.00 0.00 0.00 0.00 0.00 0.00 0.00
1.00 0.44 0.48 0.48 0.42 0.28 0.24 -0.00 0.00 0.00 0.00 0.00 0.00 0.00 0.00
1.00 0.58 0.59 0.43 0.62 0.49 0.07 0.05 0.00 0.00 0.00 0.00 0.00 0.00 0.00
0 0 0 0 0 0 0 0 0 0 0 0 0 0 0
1.00 0.71 0.62 0.40 0.31 0.31 0.05 0.00 0.00 0.00 0.00 0.00 0.00 0.00 0.00
0 0 0 0 0 0 0 0 0 0 0 0 0 0 0
1.00 0.71 0.62 0.40 0.31 0.31 0.05 0.00 0.00 0.00 0.00 0.00 0.00 0.00 0.00
0 0 0 0 0 0 0 0 0 0 0 0 0 0 0
1.00 0.55 0.59 0.18 -0.07 -0.06 -0.03 0.02 0.00 0.00 0.00 0.00 0.00 0.00 0.00
0 0 0 0 0 0 0 0 0 0 0 0 0 0 0
1.00 0.74 0.81 0.48 0.43 0.42 0.19 0.05 0.00 0.00 0.00 0.00 0.00 0.00 0.00
0 0 0 0 0 0 0 0 0 0 0 0 0 0 0
1.00 0.28 0.19 -0.08 -0.09 -0.22 -0.19 0.01 0.00 0.00 0.00 0.00 0.00 0.00 0.00
0 0 0 0 0 0 0 0 0 0 0 0 0 0 0
1.00 -0.62 -0.85 -0.81 -0.99 -0.75 -0.42 -0.09 0.00 0.00 0.00 0.00 0.00 0.00 0.00
0 0 0 0 0 0 0 0 0 0 0 0 0 0 0
1.00 -1.55 -1.82 -1.25 -1.24 -1.39 -0.62 -0.22 0.00 0.00 0.00 0.00 0.00 0.00 0.00
0 0 0 0 0 0 0 0 0 0 0 0 0 0 0
1.00 -0.84 -0.90 -0.55 -0.75 -0.71 -0.29 -0.18 0.00 0.00 0.00 0.00 0.00 0.00 0.00
0 0 0 0 0 0 0 0 0 0 0 0 0 0 0
1.00 -0.97 -0.96 -0.75 -0.81 -0.61 -0.34 -0.08 0.00 0.00 0.00 0.00 0.00 0.00 0.00
0 0 0 0 0 0 0 0 0 0 0 0 0 0 0
1.00 -1.03 -1.06 -0.66 -0.84 -0.70 -0.30 -0.12 0.00 0.00 0.00 0.00 0.00 0.00 0.00
0 0 0 0 0 0 0 0 0 0 0 0 0 0 0
