1.00 0.12 0.20 0.25 0.22 0.14 0.03 0.08 0.00 0.00 0.00 0.00 0.00 0.00 0.00
1.00 0.28 0.56 0.55 -0.05 0.09 0.03 -0.03 0.00 0.00 0.00 0.00 0.00 0.00 0.00
1.00 0.70 0.82 0.62 -0.08 0.16 0.16 0.02 0.00 0.00 0.00 0.00 0.00 0.00 0.00
0 0 0 0 0 0 0 0 0 0 0 0 0 0 0
1.00 0.77 0.74 0.57 -0.14 -0.24 0.09 0.03 0.00 0.00 0.00 0.00 0.00 0.00 0.00
0 0 0 0 0 0 0 0 0 0 0 0 0 0 0
1.00 0.77 0.74 0.57 -0.14 -0.24 0.09 0.03 0.00 0.00 0.00 0.00 0.00 0.00 0.00
0 0 0 0 0 0 0 0 0 0 0 0 0 0 0
1.00 0.78 0.82 0.50 -0.27 -0.06 0.15 0.01 0.00 0.00 0.00 0.00 0.00 0.00 0.00
0 0 0 0 0 0 0 0 0 0 0 0 0 0 0
1.00 0.89 0.68 0.50 0.05 0.16 0.14 0.02 0.00 0.00 0.00 0.00 0.00 0.00 0.00
0 0 0 0 0 0 0 0 0 0 0 0 0 0 0
1.00 0.32 0.18 -0.11 -0.02 -0.04 -0.18 -0.02 0.00 0.00 0.00 0.00 0.00 0.00 0.00
0 0 0 0 0 0 0 0 0 0 0 0 0 0 0
1.00 -0.37 -0.22 -0.15 -0.19 -0.12 -0.00 -0.03 0.00 0.00 0.00 0.00 0.00 0.00 0.00
0 0 0 0 0 0 0 0 0 0 0 0 0 0 0
1.00 -0.30 -0.35 -0.37 -0.07 -0.16 -0.15 0.00 0.00 0.00 0.00 0.00 0.00 0.00 0.00
0 0 0 0 0 0 0 0 0 0 0 0 0 0 0
1.00 -0.73 -0.85 -0.70 -0.08 -0.01 -0.13 -0.06 0.00 0.00 0.00 0.00 0.00 0.00 0.00
0 0 0 0 0 0 0 0 0 0 0 0 0 0 0
1.00 -0.19 -0.25 -0.22 -0.06 -0.02 -0.12 -0.07 0.00 0.00 0.00 0.00 0.00 0.00 0.00
0 0 0 0 0 0 0 0 0 0 0 0 0 0 0
1.00 -0.14 -0.37 -0.27 0.02 -0.05 0.01 0.04 0.00 0.00 0.00 0.00 0.00 0.00 0.00
0 0 0 0 0 0 0 0 0 0 0 0 0 0 0
