1.00 -0.57 -0.84 -0.68 0.02 -0.17 -0.17 -0.01 0.00 0.00 0.00 0.00 0.00 0.00 0.00
1.00 -0.53 -0.44 -0.21 -0.01 -0.05 0.01 -0.09 0.00 0.00 0.00 0.00 0.00 0.00 0.00
1.00 0.22 0.49 0.46 -0.02 -0.02 0.07 -0.01 0.00 0.00 0.00 0.00 0.00 0.00 0.00
0 0 0 0 0 0 0 0 0 0 0 0 0 0 0
1.00 0.73 0.84 0.86 -0.08 -0.07 0.29 0.05 0.00 0.00 0.00 0.00 0.00 0.00 0.00
0 0 0 0 0 0 0 0 0 0 0 0 0 0 0
1.00 0.73 0.84 0.86 -0.08 -0.07 0.29 0.05 0.00 0.00 0.00 0.00 0.00 0.00 0.00
0 0 0 0 0 0 0 0 0 0 0 0 0 0 0
1.00 1.28 1.38 1.03 0.14 0.10 0.08 0.08 0.00 0.00 0.00 0.00 0.00 0.00 0.00
0 0 0 0 0 0 0 0 0 0 0 0 0 0 0
1.00 0.96 1.13 0.95 -0.08 0.08 0.25 0.02 0.00 0.00 0.00 0.00 0.00 0.00 0.00
0 0 0 0 0 0 0 0 0 0 0 0 0 0 0
1.00 0.83 0.98 0.66 -0.00 0.12 0.26 0.02 0.00 0.00 0.00 0.00 0.00 0.00 0.00
0 0 0 0 0 0 0 0 0 0 0 0 0 0 0
1.00 0.46 0.53 0.29 0.09 0.19 0.16 0.05 0.00 0.00 0.00 0.00 0.00 0.00 0.00
0 0 0 0 0 0 0 0 0 0 0 0 0 0 0
1.00 0.15 -0.05 -0.12 0.02 0.07 -0.05 0.06 0.00 0.00 0.00 0.00 0.00 0.00 0.00
0 0 0 0 0 0 0 0 0 0 0 0 0 0 0
1.00 -0.40 -0.73 -0.73 -0.04 -0.15 -0.23 -0.08 0.00 0.00 0.00 0.00 0.00 0.00 0.00
0 0 0 0 0 0 0 0 0 0 0 0 0 0 0
1.00 -0.25 -0.30 -0.42 -0.02 -0.02 -0.10 -0.05 0.00 0.00 0.00 0.00 0.00 0.00 0.00
0 0 0 0 0 0 0 0 0 0 0 0 0 0 0
1.00 -0.39 -0.55 -0.54 -0.09 -0.18 -0.22 0.01 0.00 0.00 0.00 0.00 0.00 0.00 0.00
0 0 0 0 0 0 0 0 0 0 0 0 0 0 0
