1.00 0.58 0.71 0.71 0.24 0.47 0.41 0.05 0.00 0.00 0.00 0.00 0.00 0.00 0.00
1.00 0.97 0.90 0.62 0.74 0.74 0.38 0.06 0.00 0.00 0.00 0.00 0.00 0.00 0.00
1.00 0.50 0.64 0.57 0.65 0.65 0.33 0.09 0.00 0.00 0.00 0.00 0.00 0.00 0.00
0 0 0 0 0 0 0 0 0 0 0 0 0 0 0
1.00 0.68 0.41 0.13 0.55 0.26 0.23 0.08 0.00 0.00 0.00 0.00 0.00 0.00 0.00
0 0 0 0 0 0 0 0 0 0 0 0 0 0 0
1.00 0.68 0.41 0.13 0.55 0.26 0.23 0.08 0.00 0.00 0.00 0.00 0.00 0.00 0.00
0 0 0 0 0 0 0 0 0 0 0 0 0 0 0
1.00 0.99 0.68 0.07 0.61 0.46 0.13 0.03 0.00 0.00 0.00 0.00 0.00 0.00 0.00
0 0 0 0 0 0 0 0 0 0 0 0 0 0 0
1.00 0.99 0.71 0.11 0.56 0.43 0.13 0.03 0.00 0.00 0.00 0.00 0.00 0.00 0.00
0 0 0 0 0 0 0 0 0 0 0 0 0 0 0
1.00 -0.54 -1.17 -1.06 0.01 -0.28 -0.53 -0.10 0.00 0.00 0.00 0.00 0.00 0.00 0.00
0 0 0 0 0 0 0 0 0 0 0 0 0 0 0
1.00 -1.76 -1.60 -0.88 -0.80 -1.08 -0.49 -0.13 0.00 0.00 0.00 0.00 0.00 0.00 0.00
0 0 0 0 0 0 0 0 0 0 0 0 0 0 0
1.00 -1.57 -1.49 -0.94 -0.80 -0.66 -0.48 -0.12 0.00 0.00 0.00 0.00 0.00 0.00 0.00
0 0 0 0 0 0 0 0 0 0 0 0 0 0 0
1.00 -0.85 -0.74 -0.46 -0.44 -0.39 -0.27 -0.08 0.00 0.00 0.00 0.00 0.00 0.00 0.00
0 0 0 0 0 0 0 0 0 0 0 0 0 0 0
1.00 -0.80 -0.68 -0.41 -0.58 -0.40 -0.30 -0.10 0.00 0.00 0.00 0.00 0.00 0.00 0.00
0 0 0 0 0 0 0 0 0 0 0 0 0 0 0
1.00 -0.54 -0.42 -0.08 -0.48 -0.53 -0.15 -0.03 0.00 0.00 0.00 0.00 0.00 0.00 0.00
0 0 0 0 0 0 0 0 0 0 0 0 0 0 0
