1.00 1.07 1.04 0.70 0.57 0.71 0.47 0.15 0.00 0.00 0.00 0.00 0.00 0.00 0.00
1.00 0.29 0.69 0.59 0.40 0.42 0.39 0.10 0.00 0.00 0.00 0.00 0.00 0.00 0.00
1.00 0.86 0.91 0.78 0.67 0.76 0.50 0.11 0.00 0.00 0.00 0.00 0.00 0.00 0.00
0 0 0 0 0 0 0 0 0 0 0 0 0 0 0
1.00 1.10 0.82 0.53 0.70 0.76 0.34 0.12 0.00 0.00 0.00 0.00 0.00 0.00 0.00
0 0 0 0 0 0 0 0 0 0 0 0 0 0 0
1.00 1.10 0.82 0.53 0.70 0.76 0.34 0.12 0.00 0.00 0.00 0.00 0.00 0.00 0.00
0 0 0 0 0 0 0 0 0 0 0 0 0 0 0
1.00 0.72 0.59 0.21 0.62 0.63 0.24 0.10 0.00 0.00 0.00 0.00 0.00 0.00 0.00
0 0 0 0 0 0 0 0 0 0 0 0 0 0 0
1.00 0.90 0.57 0.22 0.52 0.50 0.25 0.17 0.00 0.00 0.00 0.00 0.00 0.00 0.00
0 0 0 0 0 0 0 0 0 0 0 0 0 0 0
1.00 -0.22 -0.56 -0.49 0.26 -0.32 -0.40 -0.11 0.00 0.00 0.00 0.00 0.00 0.00 0.00
0 0 0 0 0 0 0 0 0 0 0 0 0 0 0
1.00 -0.98 -0.85 -0.60 -0.75 -0.82 -0.47 -0.14 0.00 0.00 0.00 0.00 0.00 0.00 0.00
0 0 0 0 0 0 0 0 0 0 0 0 0 0 0
1.00 -1.01 -0.96 -0.80 -0.75 -0.84 -0.53 -0.11 0.00 0.00 0.00 0.00 0.00 0.00 0.00
0 0 0 0 0 0 0 0 0 0 0 0 0 0 0
1.00 -0.20 -0.53 -0.58 -0.40 -0.49 -0.37 -0.04 0.00 0.00 0.00 0.00 0.00 0.00 0.00
0 0 0 0 0 0 0 0 0 0 0 0 0 0 0
1.00 -1.12 -1.14 -0.87 -0.72 -0.67 -0.48 -0.19 0.00 0.00 0.00 0.00 0.00 0.00 0.00
0 0 0 0 0 0 0 0 0 0 0 0 0 0 0
1.00 -1.37 -1.24 -0.73 -0.73 -0.64 -0.43 -0.21 0.00 0.00 0.00 0.00 0.00 0.00 0.00
0 0 0 0 0 0 0 0 0 0 0 0 0 0 0
