1.00 0.57 0.71 0.48 0.57 0.56 0.22 0.09 0.00 0.00 0.00 0.00 0.00 0.00 0.00
1.00 0.84 0.78 0.65 0.68 0.81 0.41 0.12 0.00 0.00 0.00 0.00 0.00 0.00 0.00
1.00 0.90 0.84 0.51 0.71 0.73 0.38 0.08 0.00 0.00 0.00 0.00 0.00 0.00 0.00
0 0 0 0 0 0 0 0 0 0 0 0 0 0 0
1.00 0.80 0.68 0.30 0.66 0.49 0.28 0.04 0.00 0.00 0.00 0.00 0.00 0.00 0.00
0 0 0 0 0 0 0 0 0 0 0 0 0 0 0
1.00 0.80 0.68 0.30 0.66 0.49 0.28 0.04 0.00 0.00 0.00 0.00 0.00 0.00 0.00
0 0 0 0 0 0 0 0 0 0 0 0 0 0 0
1.00 0.22 0.04 -0.32 0.19 -0.00 -0.22 0.05 0.00 0.00 0.00 0.00 0.00 0.00 0.00
0 0 0 0 0 0 0 0 0 0 0 0 0 0 0
1.00 -1.04 -1.09 -0.80 -0.72 -0.93 -0.63 -0.13 0.00 0.00 0.00 0.00 0.00 0.00 0.00
0 0 0 0 0 0 0 0 0 0 0 0 0 0 0
1.00 -0.41 -0.41 -0.41 -0.33 -0.47 -0.30 -0.15 0.00 0.00 0.00 0.00 0.00 0.00 0.00
0 0 0 0 0 0 0 0 0 0 0 0 0 0 0
1.00 -0.56 -0.65 -0.34 -0.46 -0.57 -0.45 -0.10 0.00 0.00 0.00 0.00 0.00 0.00 0.00
0 0 0 0 0 0 0 0 0 0 0 0 0 0 0
1.00 -0.70 -0.46 -0.40 -0.68 -0.62 -0.21 -0.01 0.00 0.00 0.00 0.00 0.00 0.00 0.00
0 0 0 0 0 0 0 0 0 0 0 0 0 0 0
1.00 -0.63 -0.73 -0.53 -0.47 -0.57 -0.32 0.00 0.00 0.00 0.00 0.00 0.00 0.00 0.00
0 0 0 0 0 0 0 0 0 0 0 0 0 0 0
1.00 -0.86 -0.89 -0.58 -0.70 -0.69 -0.39 -0.17 0.00 0.00 0.00 0.00 0.00 0.00 0.00
0 0 0 0 0 0 0 0 0 0 0 0 0 0 0
1.00 -0.25 -0.36 -0.22 -0.32 -0.42 -0.16 -0.04 0.00 0.00 0.00 0.00 0.00 0.00 0.00
0 0 0 0 0 0 0 0 0 0 0 0 0 0 0
