1.00 -0.68 -1.00 -0.73 -0.94 -1.11 -0.54 -0.13 0.00 0.00 0.00 0.00 0.00 0.00 0.00
1.00 -0.64 -0.55 -0.32 -0.58 -0.49 -0.17 -0.02 0.00 0.00 0.00 0.00 0.00 0.00 0.00
1.00 0.06 0.35 0.48 0.38 0.65 0.55 0.06 0.00 0.00 0.00 0.00 0.00 0.00 0.00
0 0 0 0 0 0 0 0 0 0 0 0 0 0 0
1.00 1.49 1.70 1.36 1.38 1.73 1.08 0.15 0.00 0.00 0.00 0.00 0.00 0.00 0.00
0 0 0 0 0 0 0 0 0 0 0 0 0 0 0
1.00 1.49 1.70 1.36 1.38 1.73 1.08 0.15 0.00 0.00 0.00 0.00 0.00 0.00 0.00
0 0 0 0 0 0 0 0 0 0 0 0 0 0 0
1.00 2.65 2.88 1.98 2.07 2.61 1.41 0.34 0.00 0.00 0.00 0.00 0.00 0.00 0.00
0 0 0 0 0 0 0 0 0 0 0 0 0 0 0
1.00 4.45 4.86 3.22 3.16 4.07 2.37 0.54 0.00 0.00 0.00 0.00 0.00 0.00 0.00
0 0 0 0 0 0 0 0 0 0 0 0 0 0 0
1.00 3.96 3.22 1.27 3.17 3.39 1.15 0.43 0.00 0.00 0.00 0.00 0.00 0.00 0.00
0 0 0 0 0 0 0 0 0 0 0 0 0 0 0
1.00 0.81 -0.80 -1.38 1.84 0.60 -0.66 -0.01 0.00 0.00 0.00 0.00 0.00 0.00 0.00
0 0 0 0 0 0 0 0 0 0 0 0 0 0 0
1.00 -2.44 -3.02 -2.08 -0.93 -2.10 -1.51 -0.31 0.00 0.00 0.00 0.00 0.00 0.00 0.00
0 0 0 0 0 0 0 0 0 0 0 0 0 0 0
1.00 -2.71 -2.57 -1.47 -2.41 -2.58 -1.17 -0.25 0.00 0.00 0.00 0.00 0.00 0.00 0.00
0 0 0 0 0 0 0 0 0 0 0 0 0 0 0
1.00 -2.43 -1.94 -1.26 -2.22 -2.19 -1.08 -0.30 0.00 0.00 0.00 0.00 0.00 0.00 0.00
0 0 0 0 0 0 0 0 0 0 0 0 0 0 0
1.00 -1.74 -1.57 -0.92 -1.84 -1.92 -0.83 -0.21 0.00 0.00 0.00 0.00 0.00 0.00 0.00
0 0 0 0 0 0 0 0 0 0 0 0 0 0 0
