1.00 -0.65 -0.77 -0.45 -0.80 -1.34 -0.62 -0.17 0.00 0.00 0.00 0.00 0.00 0.00 0.00
1.00 0.08 0.14 0.22 -0.49 0.12 0.37 0.04 0.00 0.00 0.00 0.00 0.00 0.00 0.00
1.00 0.83 1.04 0.85 1.08 1.25 0.71 0.13 0.00 0.00 0.00 0.00 0.00 0.00 0.00
0 0 0 0 0 0 0 0 0 0 0 0 0 0 0
1.00 1.61 1.68 1.22 1.98 2.07 0.96 0.22 0.00 0.00 0.00 0.00 0.00 0.00 0.00
0 0 0 0 0 0 0 0 0 0 0 0 0 0 0
1.00 1.61 1.68 1.22 1.98 2.07 0.96 0.22 0.00 0.00 0.00 0.00 0.00 0.00 0.00
0 0 0 0 0 0 0 0 0 0 0 0 0 0 0
1.00 0.95 0.82 0.70 1.09 1.26 0.51 0.06 0.00 0.00 0.00 0.00 0.00 0.00 0.00
0 0 0 0 0 0 0 0 0 0 0 0 0 0 0
1.00 0.94 1.04 0.87 1.01 1.26 0.58 0.09 0.00 0.00 0.00 0.00 0.00 0.00 0.00
0 0 0 0 0 0 0 0 0 0 0 0 0 0 0
1.00 0.96 0.92 0.62 1.13 0.95 0.50 0.10 0.00 0.00 0.00 0.00 0.00 0.00 0.00
0 0 0 0 0 0 0 0 0 0 0 0 0 0 0
1.00 0.85 0.50 0.09 0.76 0.57 0.19 0.10 0.00 0.00 0.00 0.00 0.00 0.00 0.00
0 0 0 0 0 0 0 0 0 0 0 0 0 0 0
1.00 1.34 1.33 0.87 1.18 1.32 0.67 0.14 0.00 0.00 0.00 0.00 0.00 0.00 0.00
0 0 0 0 0 0 0 0 0 0 0 0 0 0 0
1.00 0.30 -0.18 -0.51 0.29 -0.14 -0.26 -0.06 0.00 0.00 0.00 0.00 0.00 0.00 0.00
0 0 0 0 0 0 0 0 0 0 0 0 0 0 0
1.00 0.23 -0.21 -0.50 0.16 -0.21 -0.27 -0.06 0.00 0.00 0.00 0.00 0.00 0.00 0.00
0 0 0 0 0 0 0 0 0 0 0 0 0 0 0
1.00 -1.67 -1.83 -1.47 -1.11 -1.55 -1.10 -0.12 0.00 0.00 0.00 0.00 0.00 0.00 0.00
0 0 0 0 0 0 0 0 0 0 0 0 0 0 0
