1.00 -0.40 -0.43 -0.27 -0.16 -0.19 -0.08 -0.01 0.00 0.00 0.00 0.00 0.00 0.00 0.00
1.00 -0.63 -0.65 -0.51 -0.22 -0.40 -0.18 0.04 0.00 0.00 0.00 0.00 0.00 0.00 0.00
1.00 -0.09 -0.12 -0.23 -0.23 -0.18 -0.17 0.01 0.00 0.00 0.00 0.00 0.00 0.00 0.00
0 0 0 0 0 0 0 0 0 0 0 0 0 0 0
1.00 -0.41 -0.50 -0.36 -0.06 -0.18 -0.14 -0.02 0.00 0.00 0.00 0.00 0.00 0.00 0.00
0 0 0 0 0 0 0 0 0 0 0 0 0 0 0
1.00 -0.41 -0.50 -0.36 -0.06 -0.18 -0.14 -0.02 0.00 0.00 0.00 0.00 0.00 0.00 0.00
0 0 0 0 0 0 0 0 0 0 0 0 0 0 0
1.00 -0.67 -0.69 -0.48 -0.28 -0.31 -0.23 -0.06 0.00 0.00 0.00 0.00 0.00 0.00 0.00
0 0 0 0 0 0 0 0 0 0 0 0 0 0 0
1.00 -0.45 -0.48 -0.30 -0.37 -0.21 -0.02 -0.04 0.00 0.00 0.00 0.00 0.00 0.00 0.00
0 0 0 0 0 0 0 0 0 0 0 0 0 0 0
1.00 -0.10 -0.28 -0.28 -0.09 -0.14 -0.17 0.00 0.00 0.00 0.00 0.00 0.00 0.00 0.00
0 0 0 0 0 0 0 0 0 0 0 0 0 0 0
1.00 -0.36 -0.40 -0.28 -0.21 -0.10 -0.14 -0.11 0.00 0.00 0.00 0.00 0.00 0.00 0.00
0 0 0 0 0 0 0 0 0 0 0 0 0 0 0
1.00 -0.28 -0.15 -0.11 -0.19 -0.03 -0.09 -0.08 0.00 0.00 0.00 0.00 0.00 0.00 0.00
0 0 0 0 0 0 0 0 0 0 0 0 0 0 0
1.00 -0.13 -0.25 -0.22 -0.04 -0.08 -0.03 -0.03 0.00 0.00 0.00 0.00 0.00 0.00 0.00
0 0 0 0 0 0 0 0 0 0 0 0 0 0 0
1.00 -0.31 -0.25 -0.13 -0.18 -0.14 -0.03 -0.01 0.00 0.00 0.00 0.00 0.00 0.00 0.00
0 0 0 0 0 0 0 0 0 0 0 0 0 0 0
1.00 -0.20 -0.16 -0.18 0.01 0.03 -0.04 0.02 0.00 0.00 0.00 0.00 0.00 0.00 0.00
0 0 0 0 0 0 0 0 0 0 0 0 0 0 0
