1.00 0.21 0.55 0.67 0.08 0.11 0.21 0.04 0.00 0.00 0.00 0.00 0.00 0.00 0.00
1.00 1.19 1.51 1.08 0.17 0.13 0.30 0.12 0.00 0.00 0.00 0.00 0.00 0.00 0.00
1.00 1.48 1.72 1.24 0.25 0.31 0.45 0.09 0.00 0.00 0.00 0.00 0.00 0.00 0.00
0 0 0 0 0 0 0 0 0 0 0 0 0 0 0
1.00 1.74 1.55 1.00 0.17 0.38 0.31 0.12 0.00 0.00 0.00 0.00 0.00 0.00 0.00
0 0 0 0 0 0 0 0 0 0 0 0 0 0 0
1.00 1.74 1.55 1.00 0.17 0.38 0.31 0.12 0.00 0.00 0.00 0.00 0.00 0.00 0.00
0 0 0 0 0 0 0 0 0 0 0 0 0 0 0
1.00 1.39 1.50 0.89 0.31 0.21 0.31 0.06 0.00 0.00 0.00 0.00 0.00 0.00 0.00
0 0 0 0 0 0 0 0 0 0 0 0 0 0 0
1.00 0.87 0.59 0.26 -0.07 -0.12 0.05 0.02 0.00 0.00 0.00 0.00 0.00 0.00 0.00
0 0 0 0 0 0 0 0 0 0 0 0 0 0 0
1.00 -0.10 -0.52 -0.59 -0.03 -0.01 -0.21 0.02 0.00 0.00 0.00 0.00 0.00 0.00 0.00
0 0 0 0 0 0 0 0 0 0 0 0 0 0 0
1.00 -1.13 -1.34 -0.97 0.07 -0.07 -0.22 -0.03 0.00 0.00 0.00 0.00 0.00 0.00 0.00
0 0 0 0 0 0 0 0 0 0 0 0 0 0 0
1.00 -0.40 -0.27 -0.31 -0.17 -0.21 -0.07 -0.02 0.00 0.00 0.00 0.00 0.00 0.00 0.00
0 0 0 0 0 0 0 0 0 0 0 0 0 0 0
1.00 -0.69 -0.80 -0.63 -0.20 -0.21 -0.36 -0.03 0.00 0.00 0.00 0.00 0.00 0.00 0.00
0 0 0 0 0 0 0 0 0 0 0 0 0 0 0
1.00 -1.24 -1.50 -1.03 -0.41 -0.28 -0.31 -0.10 0.00 0.00 0.00 0.00 0.00 0.00 0.00
0 0 0 0 0 0 0 0 0 0 0 0 0 0 0
1.00 -1.60 -1.80 -1.38 -0.35 -0.40 -0.40 -0.07 0.00 0.00 0.00 0.00 0.00 0.00 0.00
0 0 0 0 0 0 0 0 0 0 0 0 0 0 0
