1.00 0.56 0.57 0.37 0.26 0.30 0.23 0.09 0.00 0.00 0.00 0.00 0.00 0.00 0.00
1.00 0.07 0.11 0.16 0.23 0.19 0.11 0.03 0.00 0.00 0.00 0.00 0.00 0.00 0.00
1.00 -0.10 -0.25 -0.06 0.20 -0.05 0.01 -0.01 0.00 0.00 0.00 0.00 0.00 0.00 0.00
0 0 0 0 0 0 0 0 0 0 0 0 0 0 0
1.00 -0.32 -0.42 -0.54 0.05 0.02 -0.28 -0.04 0.00 0.00 0.00 0.00 0.00 0.00 0.00
0 0 0 0 0 0 0 0 0 0 0 0 0 0 0
1.00 -0.32 -0.42 -0.54 0.05 0.02 -0.28 -0.04 0.00 0.00 0.00 0.00 0.00 0.00 0.00
0 0 0 0 0 0 0 0 0 0 0 0 0 0 0
1.00 -0.95 -1.08 -0.80 -0.31 -0.33 -0.31 -0.06 0.00 0.00 0.00 0.00 0.00 0.00 0.00
0 0 0 0 0 0 0 0 0 0 0 0 0 0 0
1.00 -0.39 -0.30 -0.37 -0.02 -0.10 -0.23 0.01 0.00 0.00 0.00 0.00 0.00 0.00 0.00
0 0 0 0 0 0 0 0 0 0 0 0 0 0 0
1.00 -0.28 -0.40 -0.33 -0.28 -0.11 -0.12 -0.01 0.00 0.00 0.00 0.00 0.00 0.00 0.00
0 0 0 0 0 0 0 0 0 0 0 0 0 0 0
1.00 -0.49 -0.70 -0.37 -0.24 -0.34 -0.21 -0.07 0.00 0.00 0.00 0.00 0.00 0.00 0.00
0 0 0 0 0 0 0 0 0 0 0 0 0 0 0
1.00 -0.48 -0.50 -0.36 -0.14 -0.25 -0.15 -0.01 0.00 0.00 0.00 0.00 0.00 0.00 0.00
0 0 0 0 0 0 0 0 0 0 0 0 0 0 0
1.00 -0.39 -0.28 -0.16 -0.24 -0.20 -0.08 -0.02 0.00 0.00 0.00 0.00 0.00 0.00 0.00
0 0 0 0 0 0 0 0 0 0 0 0 0 0 0
1.00 -0.23 -0.23 -0.17 -0.32 -0.13 -0.04 -0.03 0.00 0.00 0.00 0.00 0.00 0.00 0.00
0 0 0 0 0 0 0 0 0 0 0 0 0 0 0
1.00 -0.28 -0.30 -0.16 -0.15 -0.16 -0.02 -0.01 0.00 0.00 0.00 0.00 0.00 0.00 0.00
0 0 0 0 0 0 0 0 0 0 0 0 0 0 0
