1.00 1.07 1.32 0.85 0.56 0.79 0.48 0.16 0.00 0.00 0.00 0.00 0.00 0.00 0.00
1.00 0.49 0.73 0.72 0.34 0.46 0.45 0.08 0.00 0.00 0.00 0.00 0.00 0.00 0.00
1.00 1.09 1.19 0.84 0.62 0.84 0.54 0.09 0.00 0.00 0.00 0.00 0.00 0.00 0.00
0 0 0 0 0 0 0 0 0 0 0 0 0 0 0
1.00 0.84 0.92 0.64 0.50 0.69 0.44 0.06 0.00 0.00 0.00 0.00 0.00 0.00 0.00
0 0 0 0 0 0 0 0 0 0 0 0 0 0 0
1.00 0.84 0.92 0.64 0.50 0.69 0.44 0.06 0.00 0.00 0.00 0.00 0.00 0.00 0.00
0 0 0 0 0 0 0 0 0 0 0 0 0 0 0
1.00 0.84 0.45 0.16 0.75 0.53 0.05 0.15 0.00 0.00 0.00 0.00 0.00 0.00 0.00
0 0 0 0 0 0 0 0 0 0 0 0 0 0 0
1.00 1.33 1.14 0.47 0.85 0.86 0.32 0.19 0.00 0.00 0.00 0.00 0.00 0.00 0.00
0 0 0 0 0 0 0 0 0 0 0 0 0 0 0
1.00 0.02 -0.46 -0.52 0.28 -0.05 -0.17 -0.01 0.00 0.00 0.00 0.00 0.00 0.00 0.00
0 0 0 0 0 0 0 0 0 0 0 0 0 0 0
1.00 -0.95 -1.13 -0.77 -0.18 -0.58 -0.42 -0.08 0.00 0.00 0.00 0.00 0.00 0.00 0.00
0 0 0 0 0 0 0 0 0 0 0 0 0 0 0
1.00 -1.34 -1.35 -0.87 -0.61 -0.80 -0.50 -0.15 0.00 0.00 0.00 0.00 0.00 0.00 0.00
0 0 0 0 0 0 0 0 0 0 0 0 0 0 0
1.00 -1.60 -1.73 -1.33 -0.96 -0.98 -0.58 -0.22 0.00 0.00 0.00 0.00 0.00 0.00 0.00
0 0 0 0 0 0 0 0 0 0 0 0 0 0 0
1.00 -1.10 -1.19 -0.90 -0.46 -0.67 -0.47 -0.12 0.00 0.00 0.00 0.00 0.00 0.00 0.00
0 0 0 0 0 0 0 0 0 0 0 0 0 0 0
1.00 -1.13 -1.08 -0.67 -0.61 -0.42 -0.30 -0.13 0.00 0.00 0.00 0.00 0.00 0.00 0.00
0 0 0 0 0 0 0 0 0 0 0 0 0 0 0
