1.00 0.80 0.85 0.72 0.04 0.33 0.33 0.09 0.00 0.00 0.00 0.00 0.00 0.00 0.00
1.00 0.33 0.22 0.23 0.04 0.15 0.23 0.03 0.00 0.00 0.00 0.00 0.00 0.00 0.00
1.00 0.48 0.42 0.39 0.29 0.27 0.24 0.04 0.00 0.00 0.00 0.00 0.00 0.00 0.00
0 0 0 0 0 0 0 0 0 0 0 0 0 0 0
1.00 0.57 0.63 0.61 0.64 0.68 0.42 0.09 0.00 0.00 0.00 0.00 0.00 0.00 0.00
0 0 0 0 0 0 0 0 0 0 0 0 0 0 0
1.00 0.57 0.63 0.61 0.64 0.68 0.42 0.09 0.00 0.00 0.00 0.00 0.00 0.00 0.00
0 0 0 0 0 0 0 0 0 0 0 0 0 0 0
1.00 0.89 1.05 0.56 0.80 0.66 0.27 0.17 0.00 0.00 0.00 0.00 0.00 0.00 0.00
0 0 0 0 0 0 0 0 0 0 0 0 0 0 0
1.00 0.46 0.62 0.33 0.50 0.49 0.23 0.11 0.00 0.00 0.00 0.00 0.00 0.00 0.00
0 0 0 0 0 0 0 0 0 0 0 0 0 0 0
1.00 0.64 0.69 0.56 0.46 0.41 0.29 0.09 0.00 0.00 0.00 0.00 0.00 0.00 0.00
0 0 0 0 0 0 0 0 0 0 0 0 0 0 0
1.00 0.50 0.54 0.26 0.40 0.27 0.05 0.08 0.00 0.00 0.00 0.00 0.00 0.00 0.00
0 0 0 0 0 0 0 0 0 0 0 0 0 0 0
1.00 -0.07 -0.09 -0.12 -0.10 -0.25 -0.18 -0.06 0.00 0.00 0.00 0.00 0.00 0.00 0.00
0 0 0 0 0 0 0 0 0 0 0 0 0 0 0
1.00 -0.42 -0.62 -0.45 -0.26 -0.33 -0.24 -0.04 0.00 0.00 0.00 0.00 0.00 0.00 0.00
0 0 0 0 0 0 0 0 0 0 0 0 0 0 0
1.00 -0.03 -0.20 -0.34 0.01 -0.06 -0.10 0.01 0.00 0.00 0.00 0.00 0.00 0.00 0.00
0 0 0 0 0 0 0 0 0 0 0 0 0 0 0
1.00 -0.57 -0.69 -0.47 -0.21 -0.25 -0.19 -0.05 0.00 0.00 0.00 0.00 0.00 0.00 0.00
0 0 0 0 0 0 0 0 0 0 0 0 0 0 0
