1.00 -0.72 -0.63 -0.39 -0.56 -0.45 -0.29 -0.05 0.00 0.00 0.00 0.00 0.00 0.00 0.00
1.00 -0.33 -0.33 -0.16 -0.56 -0.42 -0.08 -0.04 0.00 0.00 0.00 0.00 0.00 0.00 0.00
1.00 0.09 0.38 0.38 -0.27 0.05 0.20 0.03 0.00 0.00 0.00 0.00 0.00 0.00 0.00
0 0 0 0 0 0 0 0 0 0 0 0 0 0 0
1.00 0.90 1.21 0.94 0.60 0.75 0.50 0.13 0.00 0.00 0.00 0.00 0.00 0.00 0.00
0 0 0 0 0 0 0 0 0 0 0 0 0 0 0
1.00 0.90 1.21 0.94 0.60 0.75 0.50 0.13 0.00 0.00 0.00 0.00 0.00 0.00 0.00
0 0 0 0 0 0 0 0 0 0 0 0 0 0 0
1.00 1.70 1.62 1.13 1.44 1.37 0.67 0.19 0.00 0.00 0.00 0.00 0.00 0.00 0.00
0 0 0 0 0 0 0 0 0 0 0 0 0 0 0
1.00 1.36 1.35 1.17 0.96 1.12 0.72 0.15 0.00 0.00 0.00 0.00 0.00 0.00 0.00
0 0 0 0 0 0 0 0 0 0 0 0 0 0 0
1.00 1.25 1.17 0.67 1.08 0.98 0.55 0.16 0.00 0.00 0.00 0.00 0.00 0.00 0.00
0 0 0 0 0 0 0 0 0 0 0 0 0 0 0
1.00 0.47 0.13 -0.18 0.72 0.64 0.15 0.09 0.00 0.00 0.00 0.00 0.00 0.00 0.00
0 0 0 0 0 0 0 0 0 0 0 0 0 0 0
1.00 -0.72 -1.17 -1.07 0.05 -0.55 -0.66 -0.12 0.00 0.00 0.00 0.00 0.00 0.00 0.00
0 0 0 0 0 0 0 0 0 0 0 0 0 0 0
1.00 0.12 0.22 0.13 0.06 0.02 0.02 -0.03 0.00 0.00 0.00 0.00 0.00 0.00 0.00
0 0 0 0 0 0 0 0 0 0 0 0 0 0 0
1.00 -0.10 -0.32 -0.29 -0.13 -0.32 -0.17 -0.02 0.00 0.00 0.00 0.00 0.00 0.00 0.00
0 0 0 0 0 0 0 0 0 0 0 0 0 0 0
1.00 -0.91 -1.29 -1.09 -0.49 -0.73 -0.60 -0.11 0.00 0.00 0.00 0.00 0.00 0.00 0.00
0 0 0 0 0 0 0 0 0 0 0 0 0 0 0
