1.00 1.10 1.35 1.09 0.07 -0.15 0.09 0.09 0.00 0.00 0.00 0.00 0.00 0.00 0.00
1.00 0.60 0.82 0.57 -0.01 -0.13 0.16 0.01 0.00 0.00 0.00 0.00 0.00 0.00 0.00
1.00 1.13 1.34 0.96 -0.22 -0.02 0.31 0.10 0.00 0.00 0.00 0.00 0.00 0.00 0.00
0 0 0 0 0 0 0 0 0 0 0 0 0 0 0
1.00 1.12 1.12 0.80 -0.02 0.18 0.23 0.08 0.00 0.00 0.00 0.00 0.00 0.00 0.00
0 0 0 0 0 0 0 0 0 0 0 0 0 0 0
1.00 1.12 1.12 0.80 -0.02 0.18 0.23 0.08 0.00 0.00 0.00 0.00 0.00 0.00 0.00
0 0 0 0 0 0 0 0 0 0 0 0 0 0 0
1.00 1.05 1.14 0.92 0.04 0.13 0.25 0.10 0.00 0.00 0.00 0.00 0.00 0.00 0.00
0 0 0 0 0 0 0 0 0 0 0 0 0 0 0
1.00 0.85 0.93 0.79 0.04 0.12 0.22 0.08 0.00 0.00 0.00 0.00 0.00 0.00 0.00
0 0 0 0 0 0 0 0 0 0 0 0 0 0 0
1.00 0.68 0.65 0.25 0.08 0.15 0.13 0.08 0.00 0.00 0.00 0.00 0.00 0.00 0.00
0 0 0 0 0 0 0 0 0 0 0 0 0 0 0
1.00 0.16 -0.01 -0.29 0.09 0.08 -0.21 0.02 0.00 0.00 0.00 0.00 0.00 0.00 0.00
0 0 0 0 0 0 0 0 0 0 0 0 0 0 0
1.00 -0.66 -0.96 -0.68 -0.11 -0.24 -0.18 -0.11 0.00 0.00 0.00 0.00 0.00 0.00 0.00
0 0 0 0 0 0 0 0 0 0 0 0 0 0 0
1.00 -1.23 -1.28 -1.10 -0.17 -0.21 -0.30 -0.09 0.00 0.00 0.00 0.00 0.00 0.00 0.00
0 0 0 0 0 0 0 0 0 0 0 0 0 0 0
1.00 -0.39 -0.52 -0.48 -0.09 -0.13 -0.13 -0.03 0.00 0.00 0.00 0.00 0.00 0.00 0.00
0 0 0 0 0 0 0 0 0 0 0 0 0 0 0
1.00 -0.90 -1.14 -0.78 -0.06 -0.04 -0.22 -0.06 0.00 0.00 0.00 0.00 0.00 0.00 0.00
0 0 0 0 0 0 0 0 0 0 0 0 0 0 0
