1.00 0.89 0.90 0.55 0.91 0.97 0.33 0.01 0.00 0.00 0.00 0.00 0.00 0.00 0.00
1.00 0.74 0.90 0.65 0.88 1.05 0.48 0.10 0.00 0.00 0.00 0.00 0.00 0.00 0.00
1.00 0.64 0.26 -0.07 0.66 0.49 0.15 0.09 0.00 0.00 0.00 0.00 0.00 0.00 0.00
0 0 0 0 0 0 0 0 0 0 0 0 0 0 0
1.00 0.43 -0.27 -0.49 0.51 0.29 -0.05 -0.00 0.00 0.00 0.00 0.00 0.00 0.00 0.00
0 0 0 0 0 0 0 0 0 0 0 0 0 0 0
1.00 0.43 -0.27 -0.49 0.51 0.29 -0.05 -0.00 0.00 0.00 0.00 0.00 0.00 0.00 0.00
0 0 0 0 0 0 0 0 0 0 0 0 0 0 0
1.00 -1.20 -1.33 -1.01 -0.36 -0.97 -0.63 -0.14 0.00 0.00 0.00 0.00 0.00 0.00 0.00
0 0 0 0 0 0 0 0 0 0 0 0 0 0 0
1.00 -1.97 -1.95 -1.47 -1.49 -1.72 -1.01 -0.26 0.00 0.00 0.00 0.00 0.00 0.00 0.00
0 0 0 0 0 0 0 0 0 0 0 0 0 0 0
1.00 -0.22 -0.21 -0.24 -0.20 -0.36 -0.30 -0.07 0.00 0.00 0.00 0.00 0.00 0.00 0.00
0 0 0 0 0 0 0 0 0 0 0 0 0 0 0
1.00 -0.54 -0.51 -0.48 -0.37 -0.58 -0.42 -0.14 0.00 0.00 0.00 0.00 0.00 0.00 0.00
0 0 0 0 0 0 0 0 0 0 0 0 0 0 0
1.00 -0.73 -0.94 -0.73 -0.62 -0.81 -0.41 -0.12 0.00 0.00 0.00 0.00 0.00 0.00 0.00
0 0 0 0 0 0 0 0 0 0 0 0 0 0 0
1.00 -1.13 -1.24 -0.72 -0.85 -0.86 -0.42 -0.14 0.00 0.00 0.00 0.00 0.00 0.00 0.00
0 0 0 0 0 0 0 0 0 0 0 0 0 0 0
1.00 -1.07 -1.02 -0.65 -0.86 -0.77 -0.24 -0.08 0.00 0.00 0.00 0.00 0.00 0.00 0.00
0 0 0 0 0 0 0 0 0 0 0 0 0 0 0
1.00 -0.97 -0.71 -0.47 -0.66 -0.47 -0.26 -0.04 0.00 0.00 0.00 0.00 0.00 0.00 0.00
0 0 0 0 0 0 0 0 0 0 0 0 0 0 0
