1.00 -0.36 -0.44 -0.49 -0.06 0.06 -0.17 -0.13 0.00 0.00 0.00 0.00 0.00 0.00 0.00
1.00 -0.62 -0.56 -0.44 -0.39 -0.29 -0.11 -0.10 0.00 0.00 0.00 0.00 0.00 0.00 0.00
1.00 -0.86 -0.74 -0.40 -0.88 -0.51 -0.05 -0.07 0.00 0.00 0.00 0.00 0.00 0.00 0.00
0 0 0 0 0 0 0 0 0 0 0 0 0 0 0
1.00 -0.72 -0.61 -0.31 -0.97 -0.70 -0.31 -0.07 0.00 0.00 0.00 0.00 0.00 0.00 0.00
0 0 0 0 0 0 0 0 0 0 0 0 0 0 0
1.00 -0.72 -0.61 -0.31 -0.97 -0.70 -0.31 -0.07 0.00 0.00 0.00 0.00 0.00 0.00 0.00
0 0 0 0 0 0 0 0 0 0 0 0 0 0 0
1.00 -0.72 -0.52 -0.24 -0.59 -0.51 -0.22 -0.07 0.00 0.00 0.00 0.00 0.00 0.00 0.00
0 0 0 0 0 0 0 0 0 0 0 0 0 0 0
1.00 -0.26 -0.09 -0.12 -0.61 -0.29 -0.17 -0.04 0.00 0.00 0.00 0.00 0.00 0.00 0.00
0 0 0 0 0 0 0 0 0 0 0 0 0 0 0
1.00 -0.16 -0.02 -0.07 -0.42 -0.18 -0.13 -0.02 0.00 0.00 0.00 0.00 0.00 0.00 0.00
0 0 0 0 0 0 0 0 0 0 0 0 0 0 0
1.00 0.31 0.44 0.34 -0.11 -0.10 0.12 0.02 0.00 0.00 0.00 0.00 0.00 0.00 0.00
0 0 0 0 0 0 0 0 0 0 0 0 0 0 0
1.00 0.75 0.85 0.67 0.14 0.17 0.26 0.10 0.00 0.00 0.00 0.00 0.00 0.00 0.00
0 0 0 0 0 0 0 0 0 0 0 0 0 0 0
1.00 0.32 0.23 0.15 -0.10 -0.38 -0.14 -0.06 0.00 0.00 0.00 0.00 0.00 0.00 0.00
0 0 0 0 0 0 0 0 0 0 0 0 0 0 0
1.00 0.54 0.64 0.48 0.11 0.22 0.13 0.02 0.00 0.00 0.00 0.00 0.00 0.00 0.00
0 0 0 0 0 0 0 0 0 0 0 0 0 0 0
1.00 0.69 0.80 0.64 0.48 0.47 0.19 0.14 0.00 0.00 0.00 0.00 0.00 0.00 0.00
0 0 0 0 0 0 0 0 0 0 0 0 0 0 0
