1.00 -0.51 -0.60 -0.41 0.01 0.05 -0.03 -0.04 0.00 0.00 0.00 0.00 0.00 0.00 0.00
1.00 -0.39 -0.24 0.01 -0.06 0.09 -0.01 -0.03 0.00 0.00 0.00 0.00 0.00 0.00 0.00
1.00 0.39 0.53 0.55 0.03 0.12 0.05 0.01 0.00 0.00 0.00 0.00 0.00 0.00 0.00
0 0 0 0 0 0 0 0 0 0 0 0 0 0 0
1.00 0.98 1.06 0.70 0.12 -0.06 0.04 0.05 0.00 0.00 0.00 0.00 0.00 0.00 0.00
0 0 0 0 0 0 0 0 0 0 0 0 0 0 0
1.00 0.98 1.06 0.70 0.12 -0.06 0.04 0.05 0.00 0.00 0.00 0.00 0.00 0.00 0.00
0 0 0 0 0 0 0 0 0 0 0 0 0 0 0
1.00 0.96 1.22 0.84 -0.03 0.08 0.29 0.05 0.00 0.00 0.00 0.00 0.00 0.00 0.00
0 0 0 0 0 0 0 0 0 0 0 0 0 0 0
1.00 0.61 0.74 0.55 -0.10 0.07 0.22 0.08 0.00 0.00 0.00 0.00 0.00 0.00 0.00
0 0 0 0 0 0 0 0 0 0 0 0 0 0 0
1.00 0.45 0.53 0.40 -0.05 0.08 0.19 0.07 0.00 0.00 0.00 0.00 0.00 0.00 0.00
0 0 0 0 0 0 0 0 0 0 0 0 0 0 0
1.00 0.37 0.35 0.30 0.11 0.09 0.12 0.02 0.00 0.00 0.00 0.00 0.00 0.00 0.00
0 0 0 0 0 0 0 0 0 0 0 0 0 0 0
1.00 0.20 -0.03 -0.27 -0.11 -0.14 -0.24 -0.08 0.00 0.00 0.00 0.00 0.00 0.00 0.00
0 0 0 0 0 0 0 0 0 0 0 0 0 0 0
1.00 0.51 0.29 0.10 -0.04 -0.16 -0.10 -0.02 0.00 0.00 0.00 0.00 0.00 0.00 0.00
0 0 0 0 0 0 0 0 0 0 0 0 0 0 0
1.00 -0.32 -0.56 -0.51 -0.08 -0.04 -0.11 -0.03 0.00 0.00 0.00 0.00 0.00 0.00 0.00
0 0 0 0 0 0 0 0 0 0 0 0 0 0 0
1.00 -0.90 -1.10 -0.81 0.02 -0.14 -0.20 -0.01 0.00 0.00 0.00 0.00 0.00 0.00 0.00
0 0 0 0 0 0 0 0 0 0 0 0 0 0 0
