1.00 0.53 0.55 0.34 -0.30 -0.42 -0.20 -0.08 0.00 0.00 0.00 0.00 0.00 0.00 0.00
1.00 0.63 0.63 0.44 -0.47 0.11 0.05 0.04 0.00 0.00 0.00 0.00 0.00 0.00 0.00
1.00 0.38 0.43 0.36 -0.22 0.07 0.27 0.06 0.00 0.00 0.00 0.00 0.00 0.00 0.00
0 0 0 0 0 0 0 0 0 0 0 0 0 0 0
1.00 0.33 0.62 0.57 -0.42 -0.10 0.27 0.03 0.00 0.00 0.00 0.00 0.00 0.00 0.00
0 0 0 0 0 0 0 0 0 0 0 0 0 0 0
1.00 0.33 0.62 0.57 -0.42 -0.10 0.27 0.03 0.00 0.00 0.00 0.00 0.00 0.00 0.00
0 0 0 0 0 0 0 0 0 0 0 0 0 0 0
1.00 0.50 0.61 0.65 -0.07 0.17 0.19 0.07 0.00 0.00 0.00 0.00 0.00 0.00 0.00
0 0 0 0 0 0 0 0 0 0 0 0 0 0 0
1.00 0.43 0.36 0.45 -0.24 -0.15 -0.02 -0.06 0.00 0.00 0.00 0.00 0.00 0.00 0.00
0 0 0 0 0 0 0 0 0 0 0 0 0 0 0
1.00 0.04 0.15 -0.06 -0.16 -0.10 -0.05 -0.02 0.00 0.00 0.00 0.00 0.00 0.00 0.00
0 0 0 0 0 0 0 0 0 0 0 0 0 0 0
1.00 -0.56 -0.92 -1.13 -0.11 0.08 -0.07 -0.03 0.00 0.00 0.00 0.00 0.00 0.00 0.00
0 0 0 0 0 0 0 0 0 0 0 0 0 0 0
1.00 -0.38 -0.85 -0.48 0.33 0.11 -0.13 0.02 0.00 0.00 0.00 0.00 0.00 0.00 0.00
0 0 0 0 0 0 0 0 0 0 0 0 0 0 0
1.00 -1.16 -0.92 -0.76 -0.22 -0.45 -0.39 -0.09 0.00 0.00 0.00 0.00 0.00 0.00 0.00
0 0 0 0 0 0 0 0 0 0 0 0 0 0 0
1.00 -1.30 -1.37 -1.15 -0.26 -0.42 -0.28 -0.13 0.00 0.00 0.00 0.00 0.00 0.00 0.00
0 0 0 0 0 0 0 0 0 0 0 0 0 0 0
1.00 -1.83 -2.21 -1.66 -0.25 -0.39 -0.54 -0.14 0.00 0.00 0.00 0.00 0.00 0.00 0.00
0 0 0 0 0 0 0 0 0 0 0 0 0 0 0
