1.00 1.06 0.91 0.60 0.82 0.95 0.53 0.12 0.00 0.00 0.00 0.00 0.00 0.00 0.00
1.00 1.27 1.22 0.74 0.80 1.14 0.56 0.18 0.00 0.00 0.00 0.00 0.00 0.00 0.00
1.00 0.49 0.28 -0.10 0.44 0.37 0.10 0.06 0.00 0.00 0.00 0.00 0.00 0.00 0.00
0 0 0 0 0 0 0 0 0 0 0 0 0 0 0
1.00 -0.72 -0.87 -0.71 -0.02 -0.29 -0.40 -0.11 0.00 0.00 0.00 0.00 0.00 0.00 0.00
0 0 0 0 0 0 0 0 0 0 0 0 0 0 0
1.00 -0.72 -0.87 -0.71 -0.02 -0.29 -0.40 -0.11 0.00 0.00 0.00 0.00 0.00 0.00 0.00
0 0 0 0 0 0 0 0 0 0 0 0 0 0 0
1.00 -1.40 -1.69 -1.31 -0.54 -0.98 -0.55 -0.17 0.00 0.00 0.00 0.00 0.00 0.00 0.00
0 0 0 0 0 0 0 0 0 0 0 0 0 0 0
1.00 0.22 0.04 -0.10 0.10 -0.29 -0.09 -0.03 0.00 0.00 0.00 0.00 0.00 0.00 0.00
0 0 0 0 0 0 0 0 0 0 0 0 0 0 0
1.00 -1.00 -1.11 -0.88 -0.48 -0.51 -0.38 -0.11 0.00 0.00 0.00 0.00 0.00 0.00 0.00
0 0 0 0 0 0 0 0 0 0 0 0 0 0 0
1.00 -1.27 -1.17 -0.68 -0.75 -0.38 -0.10 -0.08 0.00 0.00 0.00 0.00 0.00 0.00 0.00
0 0 0 0 0 0 0 0 0 0 0 0 0 0 0
1.00 -1.19 -1.32 -0.89 -0.32 -0.45 -0.48 -0.12 0.00 0.00 0.00 0.00 0.00 0.00 0.00
0 0 0 0 0 0 0 0 0 0 0 0 0 0 0
1.00 -1.38 -1.35 -0.88 -0.49 -0.50 -0.31 -0.08 0.00 0.00 0.00 0.00 0.00 0.00 0.00
0 0 0 0 0 0 0 0 0 0 0 0 0 0 0
1.00 -0.64 -0.61 -0.53 -0.20 -0.10 -0.12 0.01 0.00 0.00 0.00 0.00 0.00 0.00 0.00
0 0 0 0 0 0 0 0 0 0 0 0 0 0 0
1.00 -0.63 -0.64 -0.41 -0.15 -0.35 -0.29 -0.14 0.00 0.00 0.00 0.00 0.00 0.00 0.00
0 0 0 0 0 0 0 0 0 0 0 0 0 0 0
