1.00 0.51 0.80 0.56 -0.40 -0.10 0.07 -0.05 0.00 0.00 0.00 0.00 0.00 0.00 0.00
1.00 0.40 0.59 0.35 -0.11 0.13 0.10 -0.02 0.00 0.00 0.00 0.00 0.00 0.00 0.00
1.00 0.37 0.16 -0.18 0.01 0.02 0.01 0.05 0.00 0.00 0.00 0.00 0.00 0.00 0.00
0 0 0 0 0 0 0 0 0 0 0 0 0 0 0
1.00 -0.52 -0.75 -0.66 -0.09 0.03 -0.15 -0.01 0.00 0.00 0.00 0.00 0.00 0.00 0.00
0 0 0 0 0 0 0 0 0 0 0 0 0 0 0
1.00 -0.52 -0.75 -0.66 -0.09 0.03 -0.15 -0.01 0.00 0.00 0.00 0.00 0.00 0.00 0.00
0 0 0 0 0 0 0 0 0 0 0 0 0 0 0
1.00 -0.87 -1.11 -0.80 0.19 -0.02 -0.13 -0.01 0.00 0.00 0.00 0.00 0.00 0.00 0.00
0 0 0 0 0 0 0 0 0 0 0 0 0 0 0
1.00 -0.11 -0.21 -0.24 -0.03 -0.00 -0.12 0.04 0.00 0.00 0.00 0.00 0.00 0.00 0.00
0 0 0 0 0 0 0 0 0 0 0 0 0 0 0
1.00 -0.29 -0.51 -0.42 0.26 0.08 0.04 0.06 0.00 0.00 0.00 0.00 0.00 0.00 0.00
0 0 0 0 0 0 0 0 0 0 0 0 0 0 0
1.00 -0.63 -0.86 -0.63 0.15 -0.00 -0.28 0.01 0.00 0.00 0.00 0.00 0.00 0.00 0.00
0 0 0 0 0 0 0 0 0 0 0 0 0 0 0
1.00 -0.76 -0.97 -0.69 -0.16 -0.15 -0.18 -0.11 0.00 0.00 0.00 0.00 0.00 0.00 0.00
0 0 0 0 0 0 0 0 0 0 0 0 0 0 0
1.00 -0.88 -0.88 -0.60 -0.05 -0.23 -0.13 -0.13 0.00 0.00 0.00 0.00 0.00 0.00 0.00
0 0 0 0 0 0 0 0 0 0 0 0 0 0 0
1.00 -0.45 -0.48 -0.34 0.01 -0.08 -0.14 -0.01 0.00 0.00 0.00 0.00 0.00 0.00 0.00
0 0 0 0 0 0 0 0 0 0 0 0 0 0 0
1.00 -0.48 -0.58 -0.47 0.02 -0.13 -0.14 -0.04 0.00 0.00 0.00 0.00 0.00 0.00 0.00
0 0 0 0 0 0 0 0 0 0 0 0 0 0 0
