1.00 -0.65 -0.44 -0.35 -0.28 -0.35 -0.22 -0.05 0.00 0.00 0.00 0.00 0.00 0.00 0.00
1.00 -0.16 -0.31 -0.24 -0.29 -0.36 -0.26 -0.10 0.00 0.00 0.00 0.00 0.00 0.00 0.00
1.00 0.20 0.08 0.15 -0.18 -0.13 0.02 0.04 0.00 0.00 0.00 0.00 0.00 0.00 0.00
0 0 0 0 0 0 0 0 0 0 0 0 0 0 0
1.00 0.61 0.83 0.71 0.07 -0.08 0.15 0.05 0.00 0.00 0.00 0.00 0.00 0.00 0.00
0 0 0 0 0 0 0 0 0 0 0 0 0 0 0
1.00 0.61 0.83 0.71 0.07 -0.08 0.15 0.05 0.00 0.00 0.00 0.00 0.00 0.00 0.00
0 0 0 0 0 0 0 0 0 0 0 0 0 0 0
1.00 1.26 1.50 1.12 -0.14 0.18 0.32 0.09 0.00 0.00 0.00 0.00 0.00 0.00 0.00
0 0 0 0 0 0 0 0 0 0 0 0 0 0 0
1.00 0.57 0.49 0.36 -0.31 -0.23 0.04 -0.05 0.00 0.00 0.00 0.00 0.00 0.00 0.00
0 0 0 0 0 0 0 0 0 0 0 0 0 0 0
1.00 0.64 0.59 0.37 0.16 0.31 0.12 -0.03 0.00 0.00 0.00 0.00 0.00 0.00 0.00
0 0 0 0 0 0 0 0 0 0 0 0 0 0 0
1.00 0.72 0.76 0.61 0.61 0.65 0.48 0.11 0.00 0.00 0.00 0.00 0.00 0.00 0.00
0 0 0 0 0 0 0 0 0 0 0 0 0 0 0
1.00 1.08 1.12 0.82 1.20 1.10 0.45 0.15 0.00 0.00 0.00 0.00 0.00 0.00 0.00
0 0 0 0 0 0 0 0 0 0 0 0 0 0 0
1.00 0.53 0.50 0.40 0.55 0.54 0.24 0.08 0.00 0.00 0.00 0.00 0.00 0.00 0.00
0 0 0 0 0 0 0 0 0 0 0 0 0 0 0
1.00 0.50 0.64 0.50 0.47 0.48 0.34 0.12 0.00 0.00 0.00 0.00 0.00 0.00 0.00
0 0 0 0 0 0 0 0 0 0 0 0 0 0 0
1.00 0.75 0.74 0.45 0.59 0.33 0.07 0.10 0.00 0.00 0.00 0.00 0.00 0.00 0.00
0 0 0 0 0 0 0 0 0 0 0 0 0 0 0
