1.00 0.50 0.85 0.74 -0.03 -0.03 0.04 0.01 0.00 0.00 0.00 0.00 0.00 0.00 0.00
1.00 0.84 1.16 0.86 0.15 0.20 0.26 0.07 0.00 0.00 0.00 0.00 0.00 0.00 0.00
1.00 1.21 1.35 0.92 0.30 0.31 0.31 0.11 0.00 0.00 0.00 0.00 0.00 0.00 0.00
0 0 0 0 0 0 0 0 0 0 0 0 0 0 0
1.00 1.17 1.09 0.74 0.33 0.34 0.34 0.12 0.00 0.00 0.00 0.00 0.00 0.00 0.00
0 0 0 0 0 0 0 0 0 0 0 0 0 0 0
1.00 1.17 1.09 0.74 0.33 0.34 0.34 0.12 0.00 0.00 0.00 0.00 0.00 0.00 0.00
0 0 0 0 0 0 0 0 0 0 0 0 0 0 0
1.00 0.94 0.83 0.35 0.41 0.43 0.16 0.12 0.00 0.00 0.00 0.00 0.00 0.00 0.00
0 0 0 0 0 0 0 0 0 0 0 0 0 0 0
1.00 0.65 0.58 0.30 0.33 0.22 0.11 0.00 0.00 0.00 0.00 0.00 0.00 0.00 0.00
0 0 0 0 0 0 0 0 0 0 0 0 0 0 0
1.00 0.32 0.27 0.13 0.25 0.20 0.06 0.02 0.00 0.00 0.00 0.00 0.00 0.00 0.00
0 0 0 0 0 0 0 0 0 0 0 0 0 0 0
1.00 -0.04 -0.27 -0.20 0.09 0.05 0.03 0.06 0.00 0.00 0.00 0.00 0.00 0.00 0.00
0 0 0 0 0 0 0 0 0 0 0 0 0 0 0
1.00 -0.89 -1.23 -1.07 -0.10 -0.20 -0.31 -0.06 0.00 0.00 0.00 0.00 0.00 0.00 0.00
0 0 0 0 0 0 0 0 0 0 0 0 0 0 0
1.00 0.05 -0.08 -0.02 0.14 -0.07 -0.00 -0.01 0.00 0.00 0.00 0.00 0.00 0.00 0.00
0 0 0 0 0 0 0 0 0 0 0 0 0 0 0
1.00 -0.06 -0.29 -0.25 0.20 0.04 -0.20 0.00 0.00 0.00 0.00 0.00 0.00 0.00 0.00
0 0 0 0 0 0 0 0 0 0 0 0 0 0 0
1.00 -0.51 -0.77 -0.69 0.08 -0.05 -0.10 -0.03 0.00 0.00 0.00 0.00 0.00 0.00 0.00
0 0 0 0 0 0 0 0 0 0 0 0 0 0 0
