1.00 -0.87 -1.15 -0.86 -0.47 -0.42 -0.46 -0.06 0.00 0.00 0.00 0.00 0.00 0.00 0.00
1.00 -0.45 -0.27 -0.06 -0.90 -1.02 -0.28 -0.06 0.00 0.00 0.00 0.00 0.00 0.00 0.00
1.00 0.29 0.50 0.44 -0.29 -0.07 0.15 0.06 0.00 0.00 0.00 0.00 0.00 0.00 0.00
0 0 0 0 0 0 0 0 0 0 0 0 0 0 0
1.00 0.03 0.20 0.21 -0.42 -0.24 0.04 0.03 0.00 0.00 0.00 0.00 0.00 0.00 0.00
0 0 0 0 0 0 0 0 0 0 0 0 0 0 0
1.00 0.03 0.20 0.21 -0.42 -0.24 0.04 0.03 0.00 0.00 0.00 0.00 0.00 0.00 0.00
0 0 0 0 0 0 0 0 0 0 0 0 0 0 0
1.00 0.42 0.60 0.53 0.38 0.39 0.21 0.02 0.00 0.00 0.00 0.00 0.00 0.00 0.00
0 0 0 0 0 0 0 0 0 0 0 0 0 0 0
1.00 0.94 1.08 0.75 0.89 0.85 0.45 0.06 0.00 0.00 0.00 0.00 0.00 0.00 0.00
0 0 0 0 0 0 0 0 0 0 0 0 0 0 0
1.00 1.30 1.21 0.76 1.03 1.20 0.53 0.13 0.00 0.00 0.00 0.00 0.00 0.00 0.00
0 0 0 0 0 0 0 0 0 0 0 0 0 0 0
1.00 1.35 1.23 0.71 0.80 1.03 0.48 0.11 0.00 0.00 0.00 0.00 0.00 0.00 0.00
0 0 0 0 0 0 0 0 0 0 0 0 0 0 0
1.00 0.67 0.58 0.29 0.69 0.72 0.24 0.05 0.00 0.00 0.00 0.00 0.00 0.00 0.00
0 0 0 0 0 0 0 0 0 0 0 0 0 0 0
1.00 -0.27 -0.78 -0.73 0.09 -0.21 -0.23 -0.02 0.00 0.00 0.00 0.00 0.00 0.00 0.00
0 0 0 0 0 0 0 0 0 0 0 0 0 0 0
1.00 -1.69 -1.97 -1.49 -0.58 -1.05 -0.68 -0.15 0.00 0.00 0.00 0.00 0.00 0.00 0.00
0 0 0 0 0 0 0 0 0 0 0 0 0 0 0
1.00 -0.67 -0.73 -0.69 -0.33 -0.31 -0.34 -0.01 0.00 0.00 0.00 0.00 0.00 0.00 0.00
0 0 0 0 0 0 0 0 0 0 0 0 0 0 0
