1.00 1.13 1.31 0.83 0.79 1.04 0.49 0.11 0.00 0.00 0.00 0.00 0.00 0.00 0.00
1.00 0.94 1.03 0.77 0.85 0.74 0.32 0.09 0.00 0.00 0.00 0.00 0.00 0.00 0.00
1.00 0.66 0.76 0.58 0.50 0.71 0.41 0.13 0.00 0.00 0.00 0.00 0.00 0.00 0.00
0 0 0 0 0 0 0 0 0 0 0 0 0 0 0
1.00 0.41 0.33 0.09 0.67 0.36 0.13 0.08 0.00 0.00 0.00 0.00 0.00 0.00 0.00
0 0 0 0 0 0 0 0 0 0 0 0 0 0 0
1.00 0.41 0.33 0.09 0.67 0.36 0.13 0.08 0.00 0.00 0.00 0.00 0.00 0.00 0.00
0 0 0 0 0 0 0 0 0 0 0 0 0 0 0
1.00 -0.45 -0.86 -0.95 -0.18 -0.44 -0.33 -0.08 0.00 0.00 0.00 0.00 0.00 0.00 0.00
0 0 0 0 0 0 0 0 0 0 0 0 0 0 0
1.00 0.33 -0.32 -0.73 0.30 0.30 -0.30 0.01 0.00 0.00 0.00 0.00 0.00 0.00 0.00
0 0 0 0 0 0 0 0 0 0 0 0 0 0 0
1.00 -1.34 -1.85 -1.33 -0.25 -0.76 -0.53 -0.20 0.00 0.00 0.00 0.00 0.00 0.00 0.00
0 0 0 0 0 0 0 0 0 0 0 0 0 0 0
1.00 -1.82 -1.86 -1.27 -0.91 -0.89 -0.52 -0.13 0.00 0.00 0.00 0.00 0.00 0.00 0.00
0 0 0 0 0 0 0 0 0 0 0 0 0 0 0
1.00 -1.65 -1.69 -1.07 -0.74 -0.68 -0.52 -0.23 0.00 0.00 0.00 0.00 0.00 0.00 0.00
0 0 0 0 0 0 0 0 0 0 0 0 0 0 0
1.00 -1.59 -1.50 -0.96 -0.83 -0.77 -0.42 -0.17 0.00 0.00 0.00 0.00 0.00 0.00 0.00
0 0 0 0 0 0 0 0 0 0 0 0 0 0 0
1.00 -0.70 -0.86 -0.45 -0.24 -0.47 -0.27 -0.09 0.00 0.00 0.00 0.00 0.00 0.00 0.00
0 0 0 0 0 0 0 0 0 0 0 0 0 0 0
1.00 -0.69 -0.68 -0.48 -0.28 -0.32 -0.05 -0.06 0.00 0.00 0.00 0.00 0.00 0.00 0.00
0 0 0 0 0 0 0 0 0 0 0 0 0 0 0
