1.00 -0.19 -0.28 -0.34 -0.14 0.01 -0.19 0.01 0.00 0.00 0.00 0.00 0.00 0.00 0.00
1.00 -0.16 -0.26 -0.32 -0.09 0.07 -0.16 0.00 0.00 0.00 0.00 0.00 0.00 0.00 0.00
1.00 -0.37 -0.39 -0.20 -0.16 -0.24 -0.03 -0.05 0.00 0.00 0.00 0.00 0.00 0.00 0.00
0 0 0 0 0 0 0 0 0 0 0 0 0 0 0
1.00 -0.37 -0.39 -0.25 -0.23 -0.23 -0.00 -0.02 0.00 0.00 0.00 0.00 0.00 0.00 0.00
0 0 0 0 0 0 0 0 0 0 0 0 0 0 0
1.00 -0.37 -0.39 -0.25 -0.23 -0.23 -0.00 -0.02 0.00 0.00 0.00 0.00 0.00 0.00 0.00
0 0 0 0 0 0 0 0 0 0 0 0 0 0 0
1.00 -0.51 -0.58 -0.43 -0.22 -0.30 -0.28 -0.07 0.00 0.00 0.00 0.00 0.00 0.00 0.00
0 0 0 0 0 0 0 0 0 0 0 0 0 0 0
1.00 -0.47 -0.29 -0.20 -0.40 -0.33 -0.12 -0.02 0.00 0.00 0.00 0.00 0.00 0.00 0.00
0 0 0 0 0 0 0 0 0 0 0 0 0 0 0
1.00 -0.06 -0.15 -0.02 -0.15 -0.23 0.03 0.01 0.00 0.00 0.00 0.00 0.00 0.00 0.00
0 0 0 0 0 0 0 0 0 0 0 0 0 0 0
1.00 -0.24 -0.24 -0.12 -0.13 -0.11 0.05 -0.01 0.00 0.00 0.00 0.00 0.00 0.00 0.00
0 0 0 0 0 0 0 0 0 0 0 0 0 0 0
1.00 -0.19 -0.13 -0.10 -0.03 0.00 -0.08 0.00 0.00 0.00 0.00 0.00 0.00 0.00 0.00
0 0 0 0 0 0 0 0 0 0 0 0 0 0 0
1.00 -0.04 -0.13 -0.17 -0.10 0.05 -0.13 -0.11 0.00 0.00 0.00 0.00 0.00 0.00 0.00
0 0 0 0 0 0 0 0 0 0 0 0 0 0 0
1.00 0.04 -0.08 -0.11 0.05 -0.12 -0.07 -0.06 0.00 0.00 0.00 0.00 0.00 0.00 0.00
0 0 0 0 0 0 0 0 0 0 0 0 0 0 0
1.00 0.11 -0.09 -0.08 0.01 -0.15 0.03 -0.02 0.00 0.00 0.00 0.00 0.00 0.00 0.00
0 0 0 0 0 0 0 0 0 0 0 0 0 0 0
