1.00 -0.84 -1.26 -1.03 -0.01 0.04 -0.30 -0.13 0.00 0.00 0.00 0.00 0.00 0.00 0.00
1.00 -1.37 -1.73 -1.40 -0.14 -0.33 -0.43 -0.13 0.00 0.00 0.00 0.00 0.00 0.00 0.00
1.00 -1.41 -1.26 -0.79 -0.21 -0.01 -0.31 -0.10 0.00 0.00 0.00 0.00 0.00 0.00 0.00
0 0 0 0 0 0 0 0 0 0 0 0 0 0 0
1.00 -0.48 0.05 0.21 -0.03 -0.02 0.04 0.03 0.00 0.00 0.00 0.00 0.00 0.00 0.00
0 0 0 0 0 0 0 0 0 0 0 0 0 0 0
1.00 -0.48 0.05 0.21 -0.03 -0.02 0.04 0.03 0.00 0.00 0.00 0.00 0.00 0.00 0.00
0 0 0 0 0 0 0 0 0 0 0 0 0 0 0
1.00 0.26 0.41 0.40 0.19 0.06 0.13 0.04 0.00 0.00 0.00 0.00 0.00 0.00 0.00
0 0 0 0 0 0 0 0 0 0 0 0 0 0 0
1.00 0.65 0.94 0.91 -0.02 0.07 0.15 0.03 0.00 0.00 0.00 0.00 0.00 0.00 0.00
0 0 0 0 0 0 0 0 0 0 0 0 0 0 0
1.00 1.20 1.32 0.96 -0.01 -0.03 0.11 0.04 0.00 0.00 0.00 0.00 0.00 0.00 0.00
0 0 0 0 0 0 0 0 0 0 0 0 0 0 0
1.00 1.26 1.32 0.90 -0.00 0.10 0.21 0.08 0.00 0.00 0.00 0.00 0.00 0.00 0.00
0 0 0 0 0 0 0 0 0 0 0 0 0 0 0
1.00 1.05 0.92 0.58 0.07 0.05 0.32 0.08 0.00 0.00 0.00 0.00 0.00 0.00 0.00
0 0 0 0 0 0 0 0 0 0 0 0 0 0 0
1.00 0.68 0.74 0.59 0.14 0.12 0.30 0.08 0.00 0.00 0.00 0.00 0.00 0.00 0.00
0 0 0 0 0 0 0 0 0 0 0 0 0 0 0
1.00 0.48 0.41 0.19 0.04 0.07 0.10 -0.05 0.00 0.00 0.00 0.00 0.00 0.00 0.00
0 0 0 0 0 0 0 0 0 0 0 0 0 0 0
1.00 0.07 -0.23 -0.25 -0.06 -0.22 -0.18 -0.03 0.00 0.00 0.00 0.00 0.00 0.00 0.00
0 0 0 0 0 0 0 0 0 0 0 0 0 0 0
