1.00 0.61 0.70 0.59 0.49 0.34 0.20 0.04 0.00 0.00 0.00 0.00 0.00 0.00 0.00
1.00 0.86 1.02 0.76 0.36 0.41 0.20 0.12 0.00 0.00 0.00 0.00 0.00 0.00 0.00
1.00 0.65 0.75 0.59 0.45 0.32 0.19 0.10 0.00 0.00 0.00 0.00 0.00 0.00 0.00
0 0 0 0 0 0 0 0 0 0 0 0 0 0 0
1.00 0.73 0.73 0.49 0.48 0.21 0.20 0.09 0.00 0.00 0.00 0.00 0.00 0.00 0.00
0 0 0 0 0 0 0 0 0 0 0 0 0 0 0
1.00 0.73 0.73 0.49 0.48 0.21 0.20 0.09 0.00 0.00 0.00 0.00 0.00 0.00 0.00
0 0 0 0 0 0 0 0 0 0 0 0 0 0 0
1.00 0.34 0.45 0.29 -0.01 -0.16 0.00 0.04 0.00 0.00 0.00 0.00 0.00 0.00 0.00
0 0 0 0 0 0 0 0 0 0 0 0 0 0 0
1.00 0.15 0.03 0.09 -0.45 -0.62 -0.16 0.01 0.00 0.00 0.00 0.00 0.00 0.00 0.00
0 0 0 0 0 0 0 0 0 0 0 0 0 0 0
1.00 0.30 0.34 0.13 -0.15 -0.06 -0.06 -0.01 0.00 0.00 0.00 0.00 0.00 0.00 0.00
0 0 0 0 0 0 0 0 0 0 0 0 0 0 0
1.00 -0.05 -0.07 -0.23 -0.43 -0.43 -0.10 -0.06 0.00 0.00 0.00 0.00 0.00 0.00 0.00
0 0 0 0 0 0 0 0 0 0 0 0 0 0 0
1.00 -0.40 -0.46 -0.26 -0.47 -0.70 -0.29 -0.00 0.00 0.00 0.00 0.00 0.00 0.00 0.00
0 0 0 0 0 0 0 0 0 0 0 0 0 0 0
1.00 -0.57 -0.69 -0.47 -0.69 -0.76 -0.35 -0.09 0.00 0.00 0.00 0.00 0.00 0.00 0.00
0 0 0 0 0 0 0 0 0 0 0 0 0 0 0
1.00 -0.18 -0.28 -0.13 -0.30 -0.42 -0.17 -0.09 0.00 0.00 0.00 0.00 0.00 0.00 0.00
0 0 0 0 0 0 0 0 0 0 0 0 0 0 0
1.00 -0.26 -0.31 -0.31 -0.27 -0.31 -0.21 -0.07 0.00 0.00 0.00 0.00 0.00 0.00 0.00
0 0 0 0 0 0 0 0 0 0 0 0 0 0 0
