1.00 -0.62 -0.39 -0.18 -1.11 -1.00 -0.19 -0.04 0.00 0.00 0.00 0.00 0.00 0.00 0.00
1.00 -0.05 0.01 0.12 -0.43 -0.26 0.04 0.02 0.00 0.00 0.00 0.00 0.00 0.00 0.00
1.00 0.46 0.64 0.57 0.45 0.63 0.47 0.09 0.00 0.00 0.00 0.00 0.00 0.00 0.00
0 0 0 0 0 0 0 0 0 0 0 0 0 0 0
1.00 1.21 1.22 0.87 1.32 1.50 0.61 0.16 0.00 0.00 0.00 0.00 0.00 0.00 0.00
0 0 0 0 0 0 0 0 0 0 0 0 0 0 0
1.00 1.21 1.22 0.87 1.32 1.50 0.61 0.16 0.00 0.00 0.00 0.00 0.00 0.00 0.00
0 0 0 0 0 0 0 0 0 0 0 0 0 0 0
1.00 1.66 1.51 0.76 1.89 1.60 0.48 0.15 0.00 0.00 0.00 0.00 0.00 0.00 0.00
0 0 0 0 0 0 0 0 0 0 0 0 0 0 0
1.00 1.28 0.97 0.44 1.59 1.36 0.41 0.09 0.00 0.00 0.00 0.00 0.00 0.00 0.00
0 0 0 0 0 0 0 0 0 0 0 0 0 0 0
1.00 0.26 -0.09 -0.00 0.74 0.33 -0.14 0.00 0.00 0.00 0.00 0.00 0.00 0.00 0.00
0 0 0 0 0 0 0 0 0 0 0 0 0 0 0
1.00 -0.31 -0.42 -0.29 -0.34 -0.62 -0.27 -0.13 0.00 0.00 0.00 0.00 0.00 0.00 0.00
0 0 0 0 0 0 0 0 0 0 0 0 0 0 0
1.00 -1.09 -1.26 -1.07 -0.84 -1.01 -0.57 -0.07 0.00 0.00 0.00 0.00 0.00 0.00 0.00
0 0 0 0 0 0 0 0 0 0 0 0 0 0 0
1.00 -0.39 -0.65 -0.42 -0.24 -0.38 -0.28 -0.00 0.00 0.00 0.00 0.00 0.00 0.00 0.00
0 0 0 0 0 0 0 0 0 0 0 0 0 0 0
1.00 -0.76 -0.80 -0.45 -0.68 -0.68 -0.30 -0.09 0.00 0.00 0.00 0.00 0.00 0.00 0.00
0 0 0 0 0 0 0 0 0 0 0 0 0 0 0
1.00 -0.72 -0.73 -0.39 -0.65 -0.63 -0.26 -0.09 0.00 0.00 0.00 0.00 0.00 0.00 0.00
0 0 0 0 0 0 0 0 0 0 0 0 0 0 0
