1.00 0.63 0.99 0.96 0.34 0.15 0.30 0.06 0.00 0.00 0.00 0.00 0.00 0.00 0.00
1.00 1.70 2.15 1.69 0.01 0.16 0.47 0.15 0.00 0.00 0.00 0.00 0.00 0.00 0.00
1.00 1.07 1.30 1.15 0.18 0.19 0.29 0.12 0.00 0.00 0.00 0.00 0.00 0.00 0.00
0 0 0 0 0 0 0 0 0 0 0 0 0 0 0
1.00 1.35 1.42 1.00 0.27 0.04 0.15 0.10 0.00 0.00 0.00 0.00 0.00 0.00 0.00
0 0 0 0 0 0 0 0 0 0 0 0 0 0 0
1.00 1.35 1.42 1.00 0.27 0.04 0.15 0.10 0.00 0.00 0.00 0.00 0.00 0.00 0.00
0 0 0 0 0 0 0 0 0 0 0 0 0 0 0
1.00 1.14 1.19 0.73 0.19 0.41 0.21 0.06 0.00 0.00 0.00 0.00 0.00 0.00 0.00
0 0 0 0 0 0 0 0 0 0 0 0 0 0 0
1.00 1.03 0.82 0.38 0.28 0.35 0.26 0.10 0.00 0.00 0.00 0.00 0.00 0.00 0.00
0 0 0 0 0 0 0 0 0 0 0 0 0 0 0
1.00 1.14 1.07 0.65 0.28 0.46 0.34 0.14 0.00 0.00 0.00 0.00 0.00 0.00 0.00
0 0 0 0 0 0 0 0 0 0 0 0 0 0 0
1.00 0.48 0.29 -0.03 0.16 0.19 -0.08 0.06 0.00 0.00 0.00 0.00 0.00 0.00 0.00
0 0 0 0 0 0 0 0 0 0 0 0 0 0 0
1.00 -0.29 -0.55 -0.51 0.03 -0.04 -0.21 -0.07 0.00 0.00 0.00 0.00 0.00 0.00 0.00
0 0 0 0 0 0 0 0 0 0 0 0 0 0 0
1.00 -0.93 -1.02 -0.71 -0.06 -0.06 -0.22 -0.09 0.00 0.00 0.00 0.00 0.00 0.00 0.00
0 0 0 0 0 0 0 0 0 0 0 0 0 0 0
1.00 -1.48 -1.58 -1.31 -0.27 -0.26 -0.41 -0.08 0.00 0.00 0.00 0.00 0.00 0.00 0.00
0 0 0 0 0 0 0 0 0 0 0 0 0 0 0
1.00 -0.71 -0.82 -0.58 -0.01 -0.02 0.00 -0.00 0.00 0.00 0.00 0.00 0.00 0.00 0.00
0 0 0 0 0 0 0 0 0 0 0 0 0 0 0
