1.00 -0.49 -0.37 -0.06 -0.62 -0.72 -0.17 -0.05 0.00 0.00 0.00 0.00 0.00 0.00 0.00
1.00 0.09 0.34 0.37 -0.46 -0.24 0.16 0.03 0.00 0.00 0.00 0.00 0.00 0.00 0.00
1.00 0.87 1.05 0.77 0.59 0.90 0.55 0.13 0.00 0.00 0.00 0.00 0.00 0.00 0.00
0 0 0 0 0 0 0 0 0 0 0 0 0 0 0
1.00 1.49 1.57 1.16 1.84 1.72 0.83 0.20 0.00 0.00 0.00 0.00 0.00 0.00 0.00
0 0 0 0 0 0 0 0 0 0 0 0 0 0 0
1.00 1.49 1.57 1.16 1.84 1.72 0.83 0.20 0.00 0.00 0.00 0.00 0.00 0.00 0.00
0 0 0 0 0 0 0 0 0 0 0 0 0 0 0
1.00 1.09 1.30 0.98 1.31 1.31 0.68 0.14 0.00 0.00 0.00 0.00 0.00 0.00 0.00
0 0 0 0 0 0 0 0 0 0 0 0 0 0 0
1.00 1.16 1.13 0.78 1.14 1.19 0.58 0.18 0.00 0.00 0.00 0.00 0.00 0.00 0.00
0 0 0 0 0 0 0 0 0 0 0 0 0 0 0
1.00 0.81 0.51 0.29 0.93 0.61 0.20 0.07 0.00 0.00 0.00 0.00 0.00 0.00 0.00
0 0 0 0 0 0 0 0 0 0 0 0 0 0 0
1.00 -0.14 -0.51 -0.83 0.06 -0.27 -0.57 -0.05 0.00 0.00 0.00 0.00 0.00 0.00 0.00
0 0 0 0 0 0 0 0 0 0 0 0 0 0 0
1.00 0.18 -0.15 -0.29 0.38 -0.14 -0.26 -0.04 0.00 0.00 0.00 0.00 0.00 0.00 0.00
0 0 0 0 0 0 0 0 0 0 0 0 0 0 0
1.00 -0.58 -0.58 -0.38 -0.54 -0.71 -0.39 -0.15 0.00 0.00 0.00 0.00 0.00 0.00 0.00
0 0 0 0 0 0 0 0 0 0 0 0 0 0 0
1.00 -0.84 -0.76 -0.75 -1.10 -0.90 -0.44 -0.05 0.00 0.00 0.00 0.00 0.00 0.00 0.00
0 0 0 0 0 0 0 0 0 0 0 0 0 0 0
1.00 -1.36 -1.60 -1.23 -1.09 -1.08 -0.61 -0.13 0.00 0.00 0.00 0.00 0.00 0.00 0.00
0 0 0 0 0 0 0 0 0 0 0 0 0 0 0
