1.00 0.57 0.89 0.78 -0.15 0.04 0.36 0.11 0.00 0.00 0.00 0.00 0.00 0.00 0.00
1.00 1.59 2.02 1.70 1.00 1.49 0.95 0.25 0.00 0.00 0.00 0.00 0.00 0.00 0.00
1.00 0.96 1.32 1.05 0.77 1.09 0.65 0.15 0.00 0.00 0.00 0.00 0.00 0.00 0.00
0 0 0 0 0 0 0 0 0 0 0 0 0 0 0
1.00 1.50 1.51 1.36 1.50 1.36 0.80 0.22 0.00 0.00 0.00 0.00 0.00 0.00 0.00
0 0 0 0 0 0 0 0 0 0 0 0 0 0 0
1.00 1.50 1.51 1.36 1.50 1.36 0.80 0.22 0.00 0.00 0.00 0.00 0.00 0.00 0.00
0 0 0 0 0 0 0 0 0 0 0 0 0 0 0
1.00 1.73 1.65 1.04 1.58 1.39 0.62 0.23 0.00 0.00 0.00 0.00 0.00 0.00 0.00
0 0 0 0 0 0 0 0 0 0 0 0 0 0 0
1.00 1.28 0.83 0.18 1.30 0.92 0.26 0.08 0.00 0.00 0.00 0.00 0.00 0.00 0.00
0 0 0 0 0 0 0 0 0 0 0 0 0 0 0
1.00 1.32 0.99 0.65 1.25 0.79 0.32 0.08 0.00 0.00 0.00 0.00 0.00 0.00 0.00
0 0 0 0 0 0 0 0 0 0 0 0 0 0 0
1.00 0.17 -0.10 -0.19 0.11 -0.22 -0.20 0.01 0.00 0.00 0.00 0.00 0.00 0.00 0.00
0 0 0 0 0 0 0 0 0 0 0 0 0 0 0
1.00 -1.21 -1.60 -1.42 -0.91 -1.03 -0.69 -0.13 0.00 0.00 0.00 0.00 0.00 0.00 0.00
0 0 0 0 0 0 0 0 0 0 0 0 0 0 0
1.00 -2.68 -3.01 -2.33 -1.73 -1.84 -1.17 -0.30 0.00 0.00 0.00 0.00 0.00 0.00 0.00
0 0 0 0 0 0 0 0 0 0 0 0 0 0 0
1.00 -1.49 -1.58 -1.21 -0.78 -0.95 -0.57 -0.15 0.00 0.00 0.00 0.00 0.00 0.00 0.00
0 0 0 0 0 0 0 0 0 0 0 0 0 0 0
1.00 -1.59 -1.67 -1.05 -1.03 -1.06 -0.58 -0.16 0.00 0.00 0.00 0.00 0.00 0.00 0.00
0 0 0 0 0 0 0 0 0 0 0 0 0 0 0
