1.00 0.08 -0.04 -0.12 0.05 -0.07 0.05 -0.00 0.00 0.00 0.00 0.00 0.00 0.00 0.00
1.00 -0.22 -0.33 -0.22 0.02 -0.21 -0.11 0.02 0.00 0.00 0.00 0.00 0.00 0.00 0.00
1.00 -0.55 -0.67 -0.51 -0.30 -0.47 -0.30 -0.08 0.00 0.00 0.00 0.00 0.00 0.00 0.00
0 0 0 0 0 0 0 0 0 0 0 0 0 0 0
1.00 -0.73 -0.70 -0.55 -0.52 -0.57 -0.19 -0.06 0.00 0.00 0.00 0.00 0.00 0.00 0.00
0 0 0 0 0 0 0 0 0 0 0 0 0 0 0
1.00 -0.73 -0.70 -0.55 -0.52 -0.57 -0.19 -0.06 0.00 0.00 0.00 0.00 0.00 0.00 0.00
0 0 0 0 0 0 0 0 0 0 0 0 0 0 0
1.00 -0.24 -0.20 -0.15 -0.08 -0.31 -0.06 0.00 0.00 0.00 0.00 0.00 0.00 0.00 0.00
0 0 0 0 0 0 0 0 0 0 0 0 0 0 0
1.00 -0.34 -0.35 -0.37 -0.25 -0.26 -0.12 -0.04 0.00 0.00 0.00 0.00 0.00 0.00 0.00
0 0 0 0 0 0 0 0 0 0 0 0 0 0 0
1.00 -0.30 -0.29 -0.23 -0.22 -0.30 -0.10 -0.02 0.00 0.00 0.00 0.00 0.00 0.00 0.00
0 0 0 0 0 0 0 0 0 0 0 0 0 0 0
1.00 -0.34 -0.29 -0.29 -0.35 -0.15 -0.19 -0.06 0.00 0.00 0.00 0.00 0.00 0.00 0.00
0 0 0 0 0 0 0 0 0 0 0 0 0 0 0
1.00 -0.40 -0.41 -0.24 -0.29 -0.22 -0.19 -0.04 0.00 0.00 0.00 0.00 0.00 0.00 0.00
0 0 0 0 0 0 0 0 0 0 0 0 0 0 0
1.00 -0.22 -0.33 -0.11 -0.24 -0.25 -0.08 -0.04 0.00 0.00 0.00 0.00 0.00 0.00 0.00
0 0 0 0 0 0 0 0 0 0 0 0 0 0 0
1.00 -0.22 -0.12 -0.17 -0.16 -0.10 -0.09 -0.02 0.00 0.00 0.00 0.00 0.00 0.00 0.00
0 0 0 0 0 0 0 0 0 0 0 0 0 0 0
1.00 -0.13 -0.19 -0.03 -0.14 -0.09 -0.01 -0.02 0.00 0.00 0.00 0.00 0.00 0.00 0.00
0 0 0 0 0 0 0 0 0 0 0 0 0 0 0
