1.00 0.88 1.08 0.99 0.77 1.26 0.63 0.05 0.00 0.00 0.00 0.00 0.00 0.00 0.00
1.00 0.32 0.63 0.49 0.44 0.62 0.36 0.07 0.00 0.00 0.00 0.00 0.00 0.00 0.00
1.00 0.94 1.07 0.72 1.36 1.45 0.67 0.18 0.00 0.00 0.00 0.00 0.00 0.00 0.00
0 0 0 0 0 0 0 0 0 0 0 0 0 0 0
1.00 1.35 1.29 0.91 1.79 1.50 0.54 0.17 0.00 0.00 0.00 0.00 0.00 0.00 0.00
0 0 0 0 0 0 0 0 0 0 0 0 0 0 0
1.00 1.35 1.29 0.91 1.79 1.50 0.54 0.17 0.00 0.00 0.00 0.00 0.00 0.00 0.00
0 0 0 0 0 0 0 0 0 0 0 0 0 0 0
1.00 1.50 1.34 0.88 1.66 1.53 0.69 0.15 0.00 0.00 0.00 0.00 0.00 0.00 0.00
0 0 0 0 0 0 0 0 0 0 0 0 0 0 0
1.00 1.88 2.03 1.38 1.83 1.87 1.01 0.23 0.00 0.00 0.00 0.00 0.00 0.00 0.00
0 0 0 0 0 0 0 0 0 0 0 0 0 0 0
1.00 1.56 1.50 1.00 1.43 1.58 0.65 0.24 0.00 0.00 0.00 0.00 0.00 0.00 0.00
0 0 0 0 0 0 0 0 0 0 0 0 0 0 0
1.00 0.71 0.47 -0.04 0.63 0.39 -0.01 0.09 0.00 0.00 0.00 0.00 0.00 0.00 0.00
0 0 0 0 0 0 0 0 0 0 0 0 0 0 0
1.00 -0.81 -1.45 -1.36 -0.61 -1.12 -0.75 -0.10 0.00 0.00 0.00 0.00 0.00 0.00 0.00
0 0 0 0 0 0 0 0 0 0 0 0 0 0 0
1.00 -2.52 -2.66 -1.85 -2.04 -2.53 -1.36 -0.35 0.00 0.00 0.00 0.00 0.00 0.00 0.00
0 0 0 0 0 0 0 0 0 0 0 0 0 0 0
1.00 -0.76 -0.82 -0.55 -0.80 -1.01 -0.53 -0.19 0.00 0.00 0.00 0.00 0.00 0.00 0.00
0 0 0 0 0 0 0 0 0 0 0 0 0 0 0
1.00 -0.94 -0.98 -0.90 -1.09 -1.31 -0.66 -0.10 0.00 0.00 0.00 0.00 0.00 0.00 0.00
0 0 0 0 0 0 0 0 0 0 0 0 0 0 0
