1.00 -0.57 -0.50 -0.30 -0.44 -0.47 -0.37 -0.15 0.00 0.00 0.00 0.00 0.00 0.00 0.00
1.00 -0.34 -0.16 -0.01 -0.42 -0.43 -0.17 -0.13 0.00 0.00 0.00 0.00 0.00 0.00 0.00
1.00 0.10 0.34 0.56 -0.36 -0.11 0.21 0.01 0.00 0.00 0.00 0.00 0.00 0.00 0.00
0 0 0 0 0 0 0 0 0 0 0 0 0 0 0
1.00 0.94 1.15 0.75 0.32 0.50 0.49 0.14 0.00 0.00 0.00 0.00 0.00 0.00 0.00
0 0 0 0 0 0 0 0 0 0 0 0 0 0 0
1.00 0.94 1.15 0.75 0.32 0.50 0.49 0.14 0.00 0.00 0.00 0.00 0.00 0.00 0.00
0 0 0 0 0 0 0 0 0 0 0 0 0 0 0
1.00 1.16 1.11 0.53 0.81 0.64 0.38 0.18 0.00 0.00 0.00 0.00 0.00 0.00 0.00
0 0 0 0 0 0 0 0 0 0 0 0 0 0 0
1.00 0.79 0.65 0.41 0.58 0.79 0.43 0.17 0.00 0.00 0.00 0.00 0.00 0.00 0.00
0 0 0 0 0 0 0 0 0 0 0 0 0 0 0
1.00 0.34 0.24 0.05 0.64 0.44 0.20 0.12 0.00 0.00 0.00 0.00 0.00 0.00 0.00
0 0 0 0 0 0 0 0 0 0 0 0 0 0 0
1.00 -0.05 -0.27 -0.26 0.08 -0.18 0.13 0.06 0.00 0.00 0.00 0.00 0.00 0.00 0.00
0 0 0 0 0 0 0 0 0 0 0 0 0 0 0
1.00 0.22 0.10 0.04 0.42 0.08 0.11 0.08 0.00 0.00 0.00 0.00 0.00 0.00 0.00
0 0 0 0 0 0 0 0 0 0 0 0 0 0 0
1.00 -0.11 -0.08 -0.08 -0.32 -0.22 -0.11 -0.04 0.00 0.00 0.00 0.00 0.00 0.00 0.00
0 0 0 0 0 0 0 0 0 0 0 0 0 0 0
1.00 -0.15 -0.12 -0.10 -0.31 -0.22 -0.12 -0.04 0.00 0.00 0.00 0.00 0.00 0.00 0.00
0 0 0 0 0 0 0 0 0 0 0 0 0 0 0
1.00 -0.40 -0.41 -0.55 -0.14 -0.20 -0.32 -0.03 0.00 0.00 0.00 0.00 0.00 0.00 0.00
0 0 0 0 0 0 0 0 0 0 0 0 0 0 0
