1.00 -0.56 -0.60 -0.58 -0.01 -0.06 -0.17 -0.04 0.00 0.00 0.00 0.00 0.00 0.00 0.00
1.00 -0.37 -0.51 -0.34 0.02 -0.22 -0.12 -0.05 0.00 0.00 0.00 0.00 0.00 0.00 0.00
1.00 -0.19 -0.15 0.12 -0.37 -0.28 -0.01 -0.08 0.00 0.00 0.00 0.00 0.00 0.00 0.00
0 0 0 0 0 0 0 0 0 0 0 0 0 0 0
1.00 0.28 0.34 0.40 -0.26 -0.04 0.05 0.00 0.00 0.00 0.00 0.00 0.00 0.00 0.00
0 0 0 0 0 0 0 0 0 0 0 0 0 0 0
1.00 0.28 0.34 0.40 -0.26 -0.04 0.05 0.00 0.00 0.00 0.00 0.00 0.00 0.00 0.00
0 0 0 0 0 0 0 0 0 0 0 0 0 0 0
1.00 0.56 0.71 0.36 -0.08 -0.17 0.08 0.06 0.00 0.00 0.00 0.00 0.00 0.00 0.00
0 0 0 0 0 0 0 0 0 0 0 0 0 0 0
1.00 0.85 0.99 0.81 0.11 0.16 0.32 0.09 0.00 0.00 0.00 0.00 0.00 0.00 0.00
0 0 0 0 0 0 0 0 0 0 0 0 0 0 0
1.00 0.44 0.47 0.30 0.34 0.32 0.07 0.02 0.00 0.00 0.00 0.00 0.00 0.00 0.00
0 0 0 0 0 0 0 0 0 0 0 0 0 0 0
1.00 0.69 0.68 0.59 0.30 0.51 0.40 0.04 0.00 0.00 0.00 0.00 0.00 0.00 0.00
0 0 0 0 0 0 0 0 0 0 0 0 0 0 0
1.00 0.93 0.87 0.61 0.60 0.62 0.28 0.09 0.00 0.00 0.00 0.00 0.00 0.00 0.00
0 0 0 0 0 0 0 0 0 0 0 0 0 0 0
1.00 0.51 0.20 0.30 0.25 0.02 0.08 -0.03 0.00 0.00 0.00 0.00 0.00 0.00 0.00
0 0 0 0 0 0 0 0 0 0 0 0 0 0 0
1.00 0.21 0.31 0.23 0.36 0.36 0.17 0.11 0.00 0.00 0.00 0.00 0.00 0.00 0.00
0 0 0 0 0 0 0 0 0 0 0 0 0 0 0
1.00 0.08 0.16 0.13 0.29 0.29 0.12 0.09 0.00 0.00 0.00 0.00 0.00 0.00 0.00
0 0 0 0 0 0 0 0 0 0 0 0 0 0 0
