1.00 1.17 1.26 0.94 0.05 0.05 0.22 0.08 0.00 0.00 0.00 0.00 0.00 0.00 0.00
1.00 0.60 0.68 0.53 -0.30 -0.32 0.14 -0.00 0.00 0.00 0.00 0.00 0.00 0.00 0.00
1.00 0.70 0.72 0.50 0.02 0.22 0.28 0.06 0.00 0.00 0.00 0.00 0.00 0.00 0.00
0 0 0 0 0 0 0 0 0 0 0 0 0 0 0
1.00 0.49 0.47 0.29 -0.01 0.17 0.21 0.04 0.00 0.00 0.00 0.00 0.00 0.00 0.00
0 0 0 0 0 0 0 0 0 0 0 0 0 0 0
1.00 0.49 0.47 0.29 -0.01 0.17 0.21 0.04 0.00 0.00 0.00 0.00 0.00 0.00 0.00
0 0 0 0 0 0 0 0 0 0 0 0 0 0 0
1.00 0.78 0.77 0.59 0.47 0.57 0.28 0.01 0.00 0.00 0.00 0.00 0.00 0.00 0.00
0 0 0 0 0 0 0 0 0 0 0 0 0 0 0
1.00 0.56 0.60 0.30 0.44 0.46 0.16 0.12 0.00 0.00 0.00 0.00 0.00 0.00 0.00
0 0 0 0 0 0 0 0 0 0 0 0 0 0 0
1.00 0.11 -0.15 -0.17 0.05 0.01 0.01 -0.05 0.00 0.00 0.00 0.00 0.00 0.00 0.00
0 0 0 0 0 0 0 0 0 0 0 0 0 0 0
1.00 -0.43 -0.64 -0.64 -0.15 -0.31 -0.21 -0.08 0.00 0.00 0.00 0.00 0.00 0.00 0.00
0 0 0 0 0 0 0 0 0 0 0 0 0 0 0
1.00 -1.03 -1.19 -1.05 -0.23 -0.34 -0.52 -0.10 0.00 0.00 0.00 0.00 0.00 0.00 0.00
0 0 0 0 0 0 0 0 0 0 0 0 0 0 0
1.00 -0.23 -0.26 -0.45 -0.30 -0.11 -0.34 0.00 0.00 0.00 0.00 0.00 0.00 0.00 0.00
0 0 0 0 0 0 0 0 0 0 0 0 0 0 0
1.00 -0.76 -1.15 -0.92 -0.26 -0.19 -0.17 -0.09 0.00 0.00 0.00 0.00 0.00 0.00 0.00
0 0 0 0 0 0 0 0 0 0 0 0 0 0 0
1.00 -1.31 -1.26 -0.78 -0.08 0.09 -0.13 -0.06 0.00 0.00 0.00 0.00 0.00 0.00 0.00
0 0 0 0 0 0 0 0 0 0 0 0 0 0 0
