1.00 -0.50 -0.48 -0.30 -0.87 -0.94 -0.34 -0.13 0.00 0.00 0.00 0.00 0.00 0.00 0.00
1.00 -0.62 -0.62 -0.42 -0.97 -1.08 -0.43 -0.13 0.00 0.00 0.00 0.00 0.00 0.00 0.00
1.00 1.00 1.15 0.94 0.99 1.50 0.88 0.19 0.00 0.00 0.00 0.00 0.00 0.00 0.00
0 0 0 0 0 0 0 0 0 0 0 0 0 0 0
1.00 2.07 2.27 1.60 1.97 2.55 1.40 0.30 0.00 0.00 0.00 0.00 0.00 0.00 0.00
0 0 0 0 0 0 0 0 0 0 0 0 0 0 0
1.00 2.07 2.27 1.60 1.97 2.55 1.40 0.30 0.00 0.00 0.00 0.00 0.00 0.00 0.00
0 0 0 0 0 0 0 0 0 0 0 0 0 0 0
1.00 0.95 1.19 1.06 1.10 1.33 0.91 0.16 0.00 0.00 0.00 0.00 0.00 0.00 0.00
0 0 0 0 0 0 0 0 0 0 0 0 0 0 0
1.00 1.46 1.74 1.48 1.00 1.25 0.96 0.20 0.00 0.00 0.00 0.00 0.00 0.00 0.00
0 0 0 0 0 0 0 0 0 0 0 0 0 0 0
1.00 2.12 2.15 1.38 1.26 1.47 0.88 0.32 0.00 0.00 0.00 0.00 0.00 0.00 0.00
0 0 0 0 0 0 0 0 0 0 0 0 0 0 0
1.00 1.36 0.87 0.00 1.07 0.87 0.10 0.26 0.00 0.00 0.00 0.00 0.00 0.00 0.00
0 0 0 0 0 0 0 0 0 0 0 0 0 0 0
1.00 1.51 0.78 0.04 1.55 1.23 0.18 0.24 0.00 0.00 0.00 0.00 0.00 0.00 0.00
0 0 0 0 0 0 0 0 0 0 0 0 0 0 0
1.00 -0.72 -1.28 -1.27 -0.21 -1.01 -0.91 -0.13 0.00 0.00 0.00 0.00 0.00 0.00 0.00
0 0 0 0 0 0 0 0 0 0 0 0 0 0 0
1.00 -2.61 -2.82 -1.96 -2.00 -2.42 -1.35 -0.31 0.00 0.00 0.00 0.00 0.00 0.00 0.00
0 0 0 0 0 0 0 0 0 0 0 0 0 0 0
1.00 -3.59 -3.74 -2.39 -2.66 -3.15 -1.74 -0.36 0.00 0.00 0.00 0.00 0.00 0.00 0.00
0 0 0 0 0 0 0 0 0 0 0 0 0 0 0
