1.00 -0.44 -0.20 -0.09 -0.58 -0.68 -0.32 -0.05 0.00 0.00 0.00 0.00 0.00 0.00 0.00
1.00 0.30 0.33 0.30 -0.43 -0.25 0.04 -0.00 0.00 0.00 0.00 0.00 0.00 0.00 0.00
1.00 0.89 1.05 0.89 0.79 1.10 0.63 0.13 0.00 0.00 0.00 0.00 0.00 0.00 0.00
0 0 0 0 0 0 0 0 0 0 0 0 0 0 0
1.00 1.73 1.88 1.41 1.66 1.97 1.17 0.28 0.00 0.00 0.00 0.00 0.00 0.00 0.00
0 0 0 0 0 0 0 0 0 0 0 0 0 0 0
1.00 1.73 1.88 1.41 1.66 1.97 1.17 0.28 0.00 0.00 0.00 0.00 0.00 0.00 0.00
0 0 0 0 0 0 0 0 0 0 0 0 0 0 0
1.00 0.89 1.23 1.04 0.89 1.34 0.82 0.13 0.00 0.00 0.00 0.00 0.00 0.00 0.00
0 0 0 0 0 0 0 0 0 0 0 0 0 0 0
1.00 1.46 1.73 1.29 1.18 1.36 0.82 0.12 0.00 0.00 0.00 0.00 0.00 0.00 0.00
0 0 0 0 0 0 0 0 0 0 0 0 0 0 0
1.00 1.60 1.47 0.80 1.07 1.08 0.58 0.22 0.00 0.00 0.00 0.00 0.00 0.00 0.00
0 0 0 0 0 0 0 0 0 0 0 0 0 0 0
1.00 0.73 0.09 -0.38 0.66 0.25 -0.24 0.06 0.00 0.00 0.00 0.00 0.00 0.00 0.00
0 0 0 0 0 0 0 0 0 0 0 0 0 0 0
1.00 1.43 0.96 0.33 1.21 0.91 0.24 0.12 0.00 0.00 0.00 0.00 0.00 0.00 0.00
0 0 0 0 0 0 0 0 0 0 0 0 0 0 0
1.00 -0.31 -0.82 -1.00 0.13 -0.32 -0.57 -0.09 0.00 0.00 0.00 0.00 0.00 0.00 0.00
0 0 0 0 0 0 0 0 0 0 0 0 0 0 0
1.00 -1.85 -2.18 -1.56 -0.86 -1.53 -1.05 -0.21 0.00 0.00 0.00 0.00 0.00 0.00 0.00
0 0 0 0 0 0 0 0 0 0 0 0 0 0 0
1.00 -2.56 -2.39 -1.56 -2.00 -2.25 -1.16 -0.33 0.00 0.00 0.00 0.00 0.00 0.00 0.00
0 0 0 0 0 0 0 0 0 0 0 0 0 0 0
