1.00 -0.50 -0.10 0.20 -0.54 -0.18 0.27 -0.00 0.00 0.00 0.00 0.00 0.00 0.00 0.00
1.00 0.50 0.79 0.87 0.58 1.24 0.80 0.11 0.00 0.00 0.00 0.00 0.00 0.00 0.00
1.00 1.28 1.73 1.46 1.31 1.50 1.10 0.20 0.00 0.00 0.00 0.00 0.00 0.00 0.00
0 0 0 0 0 0 0 0 0 0 0 0 0 0 0
1.00 1.67 1.74 0.98 1.24 1.31 0.75 0.21 0.00 0.00 0.00 0.00 0.00 0.00 0.00
0 0 0 0 0 0 0 0 0 0 0 0 0 0 0
1.00 1.67 1.74 0.98 1.24 1.31 0.75 0.21 0.00 0.00 0.00 0.00 0.00 0.00 0.00
0 0 0 0 0 0 0 0 0 0 0 0 0 0 0
1.00 0.82 -0.10 -0.70 0.77 0.17 -0.48 0.04 0.00 0.00 0.00 0.00 0.00 0.00 0.00
0 0 0 0 0 0 0 0 0 0 0 0 0 0 0
1.00 -0.24 -1.19 -1.18 0.46 -0.51 -0.71 -0.04 0.00 0.00 0.00 0.00 0.00 0.00 0.00
0 0 0 0 0 0 0 0 0 0 0 0 0 0 0
1.00 -1.79 -1.69 -1.07 -1.40 -1.66 -0.81 -0.28 0.00 0.00 0.00 0.00 0.00 0.00 0.00
0 0 0 0 0 0 0 0 0 0 0 0 0 0 0
1.00 -1.61 -1.39 -0.82 -1.51 -1.44 -0.68 -0.22 0.00 0.00 0.00 0.00 0.00 0.00 0.00
0 0 0 0 0 0 0 0 0 0 0 0 0 0 0
1.00 -1.37 -1.29 -0.75 -1.32 -1.42 -0.62 -0.17 0.00 0.00 0.00 0.00 0.00 0.00 0.00
0 0 0 0 0 0 0 0 0 0 0 0 0 0 0
1.00 -0.60 -0.46 -0.42 -0.72 -0.55 -0.31 -0.02 0.00 0.00 0.00 0.00 0.00 0.00 0.00
0 0 0 0 0 0 0 0 0 0 0 0 0 0 0
1.00 -0.51 -0.60 -0.25 -0.61 -0.71 -0.12 -0.07 0.00 0.00 0.00 0.00 0.00 0.00 0.00
0 0 0 0 0 0 0 0 0 0 0 0 0 0 0
1.00 -0.53 -0.39 -0.21 -0.65 -0.60 -0.28 -0.04 0.00 0.00 0.00 0.00 0.00 0.00 0.00
0 0 0 0 0 0 0 0 0 0 0 0 0 0 0
