1.00 1.32 1.94 1.70 1.34 1.76 1.16 0.22 0.00 0.00 0.00 0.00 0.00 0.00 0.00
1.00 2.00 2.19 1.54 1.59 1.84 1.07 0.26 0.00 0.00 0.00 0.00 0.00 0.00 0.00
1.00 1.50 1.22 0.40 1.51 1.40 0.49 0.17 0.00 0.00 0.00 0.00 0.00 0.00 0.00
0 0 0 0 0 0 0 0 0 0 0 0 0 0 0
1.00 -0.36 -1.26 -1.40 0.38 -0.34 -0.80 -0.08 0.00 0.00 0.00 0.00 0.00 0.00 0.00
0 0 0 0 0 0 0 0 0 0 0 0 0 0 0
1.00 -0.36 -1.26 -1.40 0.38 -0.34 -0.80 -0.08 0.00 0.00 0.00 0.00 0.00 0.00 0.00
0 0 0 0 0 0 0 0 0 0 0 0 0 0 0
1.00 -0.78 -1.61 -1.23 0.23 -0.88 -0.81 -0.10 0.00 0.00 0.00 0.00 0.00 0.00 0.00
0 0 0 0 0 0 0 0 0 0 0 0 0 0 0
1.00 -1.90 -1.79 -1.14 -1.72 -1.91 -0.92 -0.32 0.00 0.00 0.00 0.00 0.00 0.00 0.00
0 0 0 0 0 0 0 0 0 0 0 0 0 0 0
1.00 -1.84 -1.71 -1.07 -1.70 -1.86 -0.88 -0.31 0.00 0.00 0.00 0.00 0.00 0.00 0.00
0 0 0 0 0 0 0 0 0 0 0 0 0 0 0
1.00 -1.44 -1.14 -0.69 -1.85 -1.41 -0.62 -0.17 0.00 0.00 0.00 0.00 0.00 0.00 0.00
0 0 0 0 0 0 0 0 0 0 0 0 0 0 0
1.00 -0.69 -0.57 -0.22 -0.76 -0.69 -0.17 -0.04 0.00 0.00 0.00 0.00 0.00 0.00 0.00
0 0 0 0 0 0 0 0 0 0 0 0 0 0 0
1.00 -0.34 -0.31 -0.22 -0.77 -0.58 -0.22 -0.03 0.00 0.00 0.00 0.00 0.00 0.00 0.00
0 0 0 0 0 0 0 0 0 0 0 0 0 0 0
1.00 -0.26 -0.17 -0.03 -0.43 -0.32 -0.12 -0.06 0.00 0.00 0.00 0.00 0.00 0.00 0.00
0 0 0 0 0 0 0 0 0 0 0 0 0 0 0
1.00 -0.13 -0.09 -0.06 -0.23 -0.16 -0.08 -0.00 0.00 0.00 0.00 0.00 0.00 0.00 0.00
0 0 0 0 0 0 0 0 0 0 0 0 0 0 0
