1.00 0.44 0.39 0.31 0.66 0.62 0.11 -0.04 0.00 0.00 0.00 0.00 0.00 0.00 0.00
1.00 0.64 0.78 0.47 0.59 0.48 0.21 0.05 0.00 0.00 0.00 0.00 0.00 0.00 0.00
1.00 0.60 0.62 0.57 0.51 0.45 0.30 0.08 0.00 0.00 0.00 0.00 0.00 0.00 0.00
0 0 0 0 0 0 0 0 0 0 0 0 0 0 0
1.00 0.64 0.68 0.26 0.43 0.26 0.09 0.07 0.00 0.00 0.00 0.00 0.00 0.00 0.00
0 0 0 0 0 0 0 0 0 0 0 0 0 0 0
1.00 0.64 0.68 0.26 0.43 0.26 0.09 0.07 0.00 0.00 0.00 0.00 0.00 0.00 0.00
0 0 0 0 0 0 0 0 0 0 0 0 0 0 0
1.00 0.67 0.58 0.42 0.47 0.33 0.21 0.06 0.00 0.00 0.00 0.00 0.00 0.00 0.00
0 0 0 0 0 0 0 0 0 0 0 0 0 0 0
1.00 0.41 0.33 0.17 0.31 0.20 0.01 0.04 0.00 0.00 0.00 0.00 0.00 0.00 0.00
0 0 0 0 0 0 0 0 0 0 0 0 0 0 0
1.00 -0.02 0.07 -0.11 -0.06 -0.00 -0.04 0.05 0.00 0.00 0.00 0.00 0.00 0.00 0.00
0 0 0 0 0 0 0 0 0 0 0 0 0 0 0
1.00 -0.25 -0.36 -0.16 -0.36 -0.38 -0.17 -0.06 0.00 0.00 0.00 0.00 0.00 0.00 0.00
0 0 0 0 0 0 0 0 0 0 0 0 0 0 0
1.00 -0.65 -0.90 -0.75 -0.91 -0.81 -0.47 -0.09 0.00 0.00 0.00 0.00 0.00 0.00 0.00
0 0 0 0 0 0 0 0 0 0 0 0 0 0 0
1.00 -0.26 -0.44 -0.38 -0.44 -0.29 -0.26 -0.00 0.00 0.00 0.00 0.00 0.00 0.00 0.00
0 0 0 0 0 0 0 0 0 0 0 0 0 0 0
1.00 -0.65 -0.74 -0.67 -0.68 -0.48 -0.46 -0.16 0.00 0.00 0.00 0.00 0.00 0.00 0.00
0 0 0 0 0 0 0 0 0 0 0 0 0 0 0
1.00 -1.24 -1.04 -0.73 -0.78 -0.70 -0.28 -0.14 0.00 0.00 0.00 0.00 0.00 0.00 0.00
0 0 0 0 0 0 0 0 0 0 0 0 0 0 0
