1.00 -0.82 -0.86 -0.49 0.05 -0.06 -0.14 -0.05 0.00 0.00 0.00 0.00 0.00 0.00 0.00
1.00 -0.14 -0.26 0.03 0.14 0.07 0.05 0.10 0.00 0.00 0.00 0.00 0.00 0.00 0.00
1.00 0.44 0.67 0.61 -0.09 0.08 0.08 0.02 0.00 0.00 0.00 0.00 0.00 0.00 0.00
0 0 0 0 0 0 0 0 0 0 0 0 0 0 0
1.00 0.85 1.07 0.90 -0.36 -0.06 0.27 -0.03 0.00 0.00 0.00 0.00 0.00 0.00 0.00
0 0 0 0 0 0 0 0 0 0 0 0 0 0 0
1.00 0.85 1.07 0.90 -0.36 -0.06 0.27 -0.03 0.00 0.00 0.00 0.00 0.00 0.00 0.00
0 0 0 0 0 0 0 0 0 0 0 0 0 0 0
1.00 1.26 1.44 0.90 -0.12 0.16 0.38 0.12 0.00 0.00 0.00 0.00 0.00 0.00 0.00
0 0 0 0 0 0 0 0 0 0 0 0 0 0 0
1.00 0.74 0.84 0.60 -0.11 0.05 0.25 0.09 0.00 0.00 0.00 0.00 0.00 0.00 0.00
0 0 0 0 0 0 0 0 0 0 0 0 0 0 0
1.00 0.56 0.48 0.38 0.12 0.09 0.17 0.03 0.00 0.00 0.00 0.00 0.00 0.00 0.00
0 0 0 0 0 0 0 0 0 0 0 0 0 0 0
1.00 0.31 0.32 0.00 0.05 0.06 -0.05 0.04 0.00 0.00 0.00 0.00 0.00 0.00 0.00
0 0 0 0 0 0 0 0 0 0 0 0 0 0 0
1.00 -0.21 -0.29 -0.29 -0.00 -0.14 -0.05 -0.03 0.00 0.00 0.00 0.00 0.00 0.00 0.00
0 0 0 0 0 0 0 0 0 0 0 0 0 0 0
1.00 0.39 0.49 0.29 0.17 0.15 0.18 0.03 0.00 0.00 0.00 0.00 0.00 0.00 0.00
0 0 0 0 0 0 0 0 0 0 0 0 0 0 0
1.00 0.28 0.27 0.19 0.09 0.28 0.14 0.11 0.00 0.00 0.00 0.00 0.00 0.00 0.00
0 0 0 0 0 0 0 0 0 0 0 0 0 0 0
1.00 -0.14 -0.20 -0.16 0.05 -0.01 -0.16 0.06 0.00 0.00 0.00 0.00 0.00 0.00 0.00
0 0 0 0 0 0 0 0 0 0 0 0 0 0 0
