1.00 1.06 1.13 0.96 1.13 1.43 0.70 0.11 0.00 0.00 0.00 0.00 0.00 0.00 0.00
1.00 0.23 0.77 0.90 0.59 0.82 0.73 0.04 0.00 0.00 0.00 0.00 0.00 0.00 0.00
1.00 1.20 1.54 1.30 1.02 1.26 0.80 0.18 0.00 0.00 0.00 0.00 0.00 0.00 0.00
0 0 0 0 0 0 0 0 0 0 0 0 0 0 0
1.00 1.58 1.75 1.39 1.30 1.52 0.96 0.26 0.00 0.00 0.00 0.00 0.00 0.00 0.00
0 0 0 0 0 0 0 0 0 0 0 0 0 0 0
1.00 1.58 1.75 1.39 1.30 1.52 0.96 0.26 0.00 0.00 0.00 0.00 0.00 0.00 0.00
0 0 0 0 0 0 0 0 0 0 0 0 0 0 0
1.00 1.51 1.17 0.64 1.19 0.97 0.34 0.14 0.00 0.00 0.00 0.00 0.00 0.00 0.00
0 0 0 0 0 0 0 0 0 0 0 0 0 0 0
1.00 0.14 -0.51 -1.08 0.28 -0.22 -0.57 -0.00 0.00 0.00 0.00 0.00 0.00 0.00 0.00
0 0 0 0 0 0 0 0 0 0 0 0 0 0 0
1.00 0.13 -0.91 -1.25 0.78 -0.29 -0.72 -0.04 0.00 0.00 0.00 0.00 0.00 0.00 0.00
0 0 0 0 0 0 0 0 0 0 0 0 0 0 0
1.00 -2.29 -2.68 -1.77 -1.65 -2.40 -1.31 -0.31 0.00 0.00 0.00 0.00 0.00 0.00 0.00
0 0 0 0 0 0 0 0 0 0 0 0 0 0 0
1.00 -2.70 -2.21 -1.44 -2.62 -2.39 -1.06 -0.30 0.00 0.00 0.00 0.00 0.00 0.00 0.00
0 0 0 0 0 0 0 0 0 0 0 0 0 0 0
1.00 -1.96 -1.61 -0.98 -2.13 -1.87 -0.82 -0.25 0.00 0.00 0.00 0.00 0.00 0.00 0.00
0 0 0 0 0 0 0 0 0 0 0 0 0 0 0
1.00 -0.93 -0.93 -0.60 -1.17 -1.03 -0.57 -0.22 0.00 0.00 0.00 0.00 0.00 0.00 0.00
0 0 0 0 0 0 0 0 0 0 0 0 0 0 0
1.00 -0.79 -0.56 -0.29 -0.86 -0.69 -0.12 -0.07 0.00 0.00 0.00 0.00 0.00 0.00 0.00
0 0 0 0 0 0 0 0 0 0 0 0 0 0 0
