1.00 0.12 0.13 0.26 0.22 0.38 0.20 0.01 0.00 0.00 0.00 0.00 0.00 0.00 0.00
1.00 0.49 0.52 0.41 0.69 0.44 0.22 0.06 0.00 0.00 0.00 0.00 0.00 0.00 0.00
1.00 0.88 0.93 0.64 0.76 0.62 0.30 0.10 0.00 0.00 0.00 0.00 0.00 0.00 0.00
0 0 0 0 0 0 0 0 0 0 0 0 0 0 0
1.00 1.07 1.10 0.62 0.75 0.63 0.31 0.10 0.00 0.00 0.00 0.00 0.00 0.00 0.00
0 0 0 0 0 0 0 0 0 0 0 0 0 0 0
1.00 1.07 1.10 0.62 0.75 0.63 0.31 0.10 0.00 0.00 0.00 0.00 0.00 0.00 0.00
0 0 0 0 0 0 0 0 0 0 0 0 0 0 0
1.00 0.69 0.69 0.41 0.45 0.44 0.15 0.06 0.00 0.00 0.00 0.00 0.00 0.00 0.00
0 0 0 0 0 0 0 0 0 0 0 0 0 0 0
1.00 0.48 0.49 0.32 0.28 0.22 0.15 0.04 0.00 0.00 0.00 0.00 0.00 0.00 0.00
0 0 0 0 0 0 0 0 0 0 0 0 0 0 0
1.00 0.45 0.38 0.11 0.21 -0.08 0.03 0.04 0.00 0.00 0.00 0.00 0.00 0.00 0.00
0 0 0 0 0 0 0 0 0 0 0 0 0 0 0
1.00 0.01 0.05 0.03 -0.41 -0.18 -0.10 0.05 0.00 0.00 0.00 0.00 0.00 0.00 0.00
0 0 0 0 0 0 0 0 0 0 0 0 0 0 0
1.00 0.51 0.54 0.29 0.20 0.13 0.11 0.02 0.00 0.00 0.00 0.00 0.00 0.00 0.00
0 0 0 0 0 0 0 0 0 0 0 0 0 0 0
1.00 0.15 0.11 -0.08 -0.16 -0.15 -0.04 -0.02 0.00 0.00 0.00 0.00 0.00 0.00 0.00
0 0 0 0 0 0 0 0 0 0 0 0 0 0 0
1.00 -0.36 -0.53 -0.33 -0.22 -0.32 -0.15 0.01 0.00 0.00 0.00 0.00 0.00 0.00 0.00
0 0 0 0 0 0 0 0 0 0 0 0 0 0 0
1.00 -0.65 -0.76 -0.53 -0.65 -0.47 -0.24 -0.05 0.00 0.00 0.00 0.00 0.00 0.00 0.00
0 0 0 0 0 0 0 0 0 0 0 0 0 0 0
