1.00 1.34 1.70 1.44 1.63 1.82 1.16 0.18 0.00 0.00 0.00 0.00 0.00 0.00 0.00
1.00 0.67 1.14 1.06 1.04 1.15 0.75 0.17 0.00 0.00 0.00 0.00 0.00 0.00 0.00
1.00 1.50 1.75 1.57 1.26 1.28 0.84 0.12 0.00 0.00 0.00 0.00 0.00 0.00 0.00
0 0 0 0 0 0 0 0 0 0 0 0 0 0 0
1.00 1.91 1.85 1.27 1.45 1.40 0.77 0.18 0.00 0.00 0.00 0.00 0.00 0.00 0.00
0 0 0 0 0 0 0 0 0 0 0 0 0 0 0
1.00 1.91 1.85 1.27 1.45 1.40 0.77 0.18 0.00 0.00 0.00 0.00 0.00 0.00 0.00
0 0 0 0 0 0 0 0 0 0 0 0 0 0 0
1.00 1.53 1.00 -0.02 1.12 1.08 0.15 0.12 0.00 0.00 0.00 0.00 0.00 0.00 0.00
0 0 0 0 0 0 0 0 0 0 0 0 0 0 0
1.00 2.00 0.97 -0.21 2.44 1.84 0.17 0.23 0.00 0.00 0.00 0.00 0.00 0.00 0.00
0 0 0 0 0 0 0 0 0 0 0 0 0 0 0
1.00 -0.84 -1.76 -1.66 0.27 -1.05 -1.15 -0.17 0.00 0.00 0.00 0.00 0.00 0.00 0.00
0 0 0 0 0 0 0 0 0 0 0 0 0 0 0
1.00 -2.75 -2.81 -1.64 -1.95 -2.46 -1.25 -0.31 0.00 0.00 0.00 0.00 0.00 0.00 0.00
0 0 0 0 0 0 0 0 0 0 0 0 0 0 0
1.00 -2.68 -2.31 -1.56 -2.64 -2.58 -1.20 -0.31 0.00 0.00 0.00 0.00 0.00 0.00 0.00
0 0 0 0 0 0 0 0 0 0 0 0 0 0 0
1.00 -2.27 -2.05 -1.30 -2.57 -2.31 -1.02 -0.27 0.00 0.00 0.00 0.00 0.00 0.00 0.00
0 0 0 0 0 0 0 0 0 0 0 0 0 0 0
1.00 -1.07 -0.95 -0.84 -1.34 -1.21 -0.61 -0.10 0.00 0.00 0.00 0.00 0.00 0.00 0.00
0 0 0 0 0 0 0 0 0 0 0 0 0 0 0
1.00 -0.85 -0.75 -0.43 -1.06 -0.85 -0.42 -0.10 0.00 0.00 0.00 0.00 0.00 0.00 0.00
0 0 0 0 0 0 0 0 0 0 0 0 0 0 0
