1.00 0.64 0.83 0.75 -0.05 0.28 0.16 0.05 0.00 0.00 0.00 0.00 0.00 0.00 0.00
1.00 1.27 1.50 1.10 0.08 0.26 0.37 0.08 0.00 0.00 0.00 0.00 0.00 0.00 0.00
1.00 0.81 0.89 0.66 -0.07 0.36 0.29 0.12 0.00 0.00 0.00 0.00 0.00 0.00 0.00
0 0 0 0 0 0 0 0 0 0 0 0 0 0 0
1.00 0.75 0.75 0.62 0.26 0.22 0.43 0.07 0.00 0.00 0.00 0.00 0.00 0.00 0.00
0 0 0 0 0 0 0 0 0 0 0 0 0 0 0
1.00 0.75 0.75 0.62 0.26 0.22 0.43 0.07 0.00 0.00 0.00 0.00 0.00 0.00 0.00
0 0 0 0 0 0 0 0 0 0 0 0 0 0 0
1.00 0.78 0.82 0.45 0.19 0.21 0.23 0.15 0.00 0.00 0.00 0.00 0.00 0.00 0.00
0 0 0 0 0 0 0 0 0 0 0 0 0 0 0
1.00 0.56 0.42 0.13 0.24 0.15 0.15 0.05 0.00 0.00 0.00 0.00 0.00 0.00 0.00
0 0 0 0 0 0 0 0 0 0 0 0 0 0 0
1.00 0.38 0.38 0.30 0.07 0.23 0.19 0.07 0.00 0.00 0.00 0.00 0.00 0.00 0.00
0 0 0 0 0 0 0 0 0 0 0 0 0 0 0
1.00 0.07 -0.22 -0.16 0.31 0.24 0.12 0.01 0.00 0.00 0.00 0.00 0.00 0.00 0.00
0 0 0 0 0 0 0 0 0 0 0 0 0 0 0
1.00 -0.56 -0.55 -0.56 -0.03 -0.15 -0.26 -0.04 0.00 0.00 0.00 0.00 0.00 0.00 0.00
0 0 0 0 0 0 0 0 0 0 0 0 0 0 0
1.00 -0.97 -1.12 -0.83 -0.31 -0.60 -0.49 -0.14 0.00 0.00 0.00 0.00 0.00 0.00 0.00
0 0 0 0 0 0 0 0 0 0 0 0 0 0 0
1.00 -0.21 -0.34 -0.34 -0.06 -0.26 -0.29 -0.07 0.00 0.00 0.00 0.00 0.00 0.00 0.00
0 0 0 0 0 0 0 0 0 0 0 0 0 0 0
1.00 -0.16 -0.28 -0.29 -0.04 -0.22 -0.26 -0.07 0.00 0.00 0.00 0.00 0.00 0.00 0.00
0 0 0 0 0 0 0 0 0 0 0 0 0 0 0
