1.00 1.40 1.44 1.07 1.81 1.79 1.00 0.25 0.00 0.00 0.00 0.00 0.00 0.00 0.00
1.00 1.32 1.57 1.29 1.35 1.72 0.95 0.25 0.00 0.00 0.00 0.00 0.00 0.00 0.00
1.00 1.42 1.58 1.16 1.28 1.49 0.99 0.13 0.00 0.00 0.00 0.00 0.00 0.00 0.00
0 0 0 0 0 0 0 0 0 0 0 0 0 0 0
1.00 1.01 0.46 -0.06 1.08 0.87 0.05 0.06 0.00 0.00 0.00 0.00 0.00 0.00 0.00
0 0 0 0 0 0 0 0 0 0 0 0 0 0 0
1.00 1.01 0.46 -0.06 1.08 0.87 0.05 0.06 0.00 0.00 0.00 0.00 0.00 0.00 0.00
0 0 0 0 0 0 0 0 0 0 0 0 0 0 0
1.00 -1.08 -1.87 -1.67 -0.41 -1.48 -1.27 -0.23 0.00 0.00 0.00 0.00 0.00 0.00 0.00
0 0 0 0 0 0 0 0 0 0 0 0 0 0 0
1.00 -1.42 -1.85 -1.20 -0.65 -1.55 -1.06 -0.25 0.00 0.00 0.00 0.00 0.00 0.00 0.00
0 0 0 0 0 0 0 0 0 0 0 0 0 0 0
1.00 -1.67 -1.35 -0.95 -1.80 -1.73 -0.86 -0.22 0.00 0.00 0.00 0.00 0.00 0.00 0.00
0 0 0 0 0 0 0 0 0 0 0 0 0 0 0
1.00 -1.13 -0.83 -0.55 -1.60 -1.43 -0.56 -0.15 0.00 0.00 0.00 0.00 0.00 0.00 0.00
0 0 0 0 0 0 0 0 0 0 0 0 0 0 0
1.00 -0.80 -0.49 -0.20 -1.40 -1.15 -0.27 0.00 0.00 0.00 0.00 0.00 0.00 0.00 0.00
0 0 0 0 0 0 0 0 0 0 0 0 0 0 0
1.00 -0.48 -0.35 -0.14 -1.18 -0.90 -0.27 -0.03 0.00 0.00 0.00 0.00 0.00 0.00 0.00
0 0 0 0 0 0 0 0 0 0 0 0 0 0 0
1.00 -0.30 -0.08 -0.02 -0.55 -0.47 0.03 0.04 0.00 0.00 0.00 0.00 0.00 0.00 0.00
0 0 0 0 0 0 0 0 0 0 0 0 0 0 0
1.00 -0.14 -0.11 -0.04 -0.46 -0.38 -0.13 -0.04 0.00 0.00 0.00 0.00 0.00 0.00 0.00
0 0 0 0 0 0 0 0 0 0 0 0 0 0 0
