1.00 1.46 1.85 1.61 1.39 1.48 1.13 0.18 0.00 0.00 0.00 0.00 0.00 0.00 0.00
1.00 1.75 1.93 1.53 1.52 1.74 1.04 0.20 0.00 0.00 0.00 0.00 0.00 0.00 0.00
1.00 1.50 1.36 0.68 1.40 1.40 0.59 0.19 0.00 0.00 0.00 0.00 0.00 0.00 0.00
0 0 0 0 0 0 0 0 0 0 0 0 0 0 0
1.00 0.02 -0.75 -1.06 0.72 0.11 -0.54 0.01 0.00 0.00 0.00 0.00 0.00 0.00 0.00
0 0 0 0 0 0 0 0 0 0 0 0 0 0 0
1.00 0.02 -0.75 -1.06 0.72 0.11 -0.54 0.01 0.00 0.00 0.00 0.00 0.00 0.00 0.00
0 0 0 0 0 0 0 0 0 0 0 0 0 0 0
1.00 1.65 1.06 0.25 1.94 1.56 0.36 0.21 0.00 0.00 0.00 0.00 0.00 0.00 0.00
0 0 0 0 0 0 0 0 0 0 0 0 0 0 0
1.00 -0.38 -1.12 -1.13 0.43 -0.28 -0.63 -0.14 0.00 0.00 0.00 0.00 0.00 0.00 0.00
0 0 0 0 0 0 0 0 0 0 0 0 0 0 0
1.00 -2.06 -2.13 -1.28 -1.45 -1.84 -0.99 -0.31 0.00 0.00 0.00 0.00 0.00 0.00 0.00
0 0 0 0 0 0 0 0 0 0 0 0 0 0 0
1.00 -1.91 -1.62 -0.90 -2.06 -1.80 -0.73 -0.20 0.00 0.00 0.00 0.00 0.00 0.00 0.00
0 0 0 0 0 0 0 0 0 0 0 0 0 0 0
1.00 -1.74 -1.41 -0.84 -1.99 -1.64 -0.65 -0.14 0.00 0.00 0.00 0.00 0.00 0.00 0.00
0 0 0 0 0 0 0 0 0 0 0 0 0 0 0
1.00 -0.94 -0.68 -0.46 -1.07 -0.98 -0.28 -0.04 0.00 0.00 0.00 0.00 0.00 0.00 0.00
0 0 0 0 0 0 0 0 0 0 0 0 0 0 0
1.00 -0.57 -0.56 -0.20 -0.77 -0.60 -0.18 -0.02 0.00 0.00 0.00 0.00 0.00 0.00 0.00
0 0 0 0 0 0 0 0 0 0 0 0 0 0 0
1.00 -0.51 -0.39 -0.05 -0.75 -0.67 -0.05 -0.04 0.00 0.00 0.00 0.00 0.00 0.00 0.00
0 0 0 0 0 0 0 0 0 0 0 0 0 0 0
