1.00 0.99 1.12 0.75 -0.34 0.03 0.22 0.07 0.00 0.00 0.00 0.00 0.00 0.00 0.00
1.00 0.87 1.03 0.62 0.10 0.21 0.29 0.07 0.00 0.00 0.00 0.00 0.00 0.00 0.00
1.00 0.94 0.93 0.68 -0.02 0.11 0.31 0.09 0.00 0.00 0.00 0.00 0.00 0.00 0.00
0 0 0 0 0 0 0 0 0 0 0 0 0 0 0
1.00 0.71 0.66 0.62 0.16 0.13 0.24 0.13 0.00 0.00 0.00 0.00 0.00 0.00 0.00
0 0 0 0 0 0 0 0 0 0 0 0 0 0 0
1.00 0.71 0.66 0.62 0.16 0.13 0.24 0.13 0.00 0.00 0.00 0.00 0.00 0.00 0.00
0 0 0 0 0 0 0 0 0 0 0 0 0 0 0
1.00 0.53 0.47 0.49 0.13 0.08 0.19 0.11 0.00 0.00 0.00 0.00 0.00 0.00 0.00
0 0 0 0 0 0 0 0 0 0 0 0 0 0 0
1.00 0.22 0.23 0.05 0.02 -0.04 -0.07 0.01 0.00 0.00 0.00 0.00 0.00 0.00 0.00
0 0 0 0 0 0 0 0 0 0 0 0 0 0 0
1.00 -0.13 -0.16 -0.19 0.01 -0.06 0.01 -0.07 0.00 0.00 0.00 0.00 0.00 0.00 0.00
0 0 0 0 0 0 0 0 0 0 0 0 0 0 0
1.00 -0.52 -0.70 -0.66 0.19 0.02 -0.15 -0.09 0.00 0.00 0.00 0.00 0.00 0.00 0.00
0 0 0 0 0 0 0 0 0 0 0 0 0 0 0
1.00 0.00 -0.18 -0.11 0.22 0.21 -0.05 0.08 0.00 0.00 0.00 0.00 0.00 0.00 0.00
0 0 0 0 0 0 0 0 0 0 0 0 0 0 0
1.00 -0.43 -0.51 -0.40 0.01 -0.07 -0.12 -0.02 0.00 0.00 0.00 0.00 0.00 0.00 0.00
0 0 0 0 0 0 0 0 0 0 0 0 0 0 0
1.00 -0.74 -0.76 -0.54 -0.06 -0.17 -0.22 -0.02 0.00 0.00 0.00 0.00 0.00 0.00 0.00
0 0 0 0 0 0 0 0 0 0 0 0 0 0 0
1.00 -1.12 -1.37 -1.02 -0.21 -0.49 -0.46 -0.12 0.00 0.00 0.00 0.00 0.00 0.00 0.00
0 0 0 0 0 0 0 0 0 0 0 0 0 0 0
