1.00 -0.19 0.19 0.19 -0.19 -0.16 0.01 -0.03 0.00 0.00 0.00 0.00 0.00 0.00 0.00
1.00 0.53 0.70 0.53 -0.05 0.21 0.22 0.06 0.00 0.00 0.00 0.00 0.00 0.00 0.00
1.00 0.87 0.97 0.82 -0.33 -0.10 0.20 0.07 0.00 0.00 0.00 0.00 0.00 0.00 0.00
0 0 0 0 0 0 0 0 0 0 0 0 0 0 0
1.00 1.26 1.30 0.98 -0.29 0.08 0.38 0.15 0.00 0.00 0.00 0.00 0.00 0.00 0.00
0 0 0 0 0 0 0 0 0 0 0 0 0 0 0
1.00 1.26 1.30 0.98 -0.29 0.08 0.38 0.15 0.00 0.00 0.00 0.00 0.00 0.00 0.00
0 0 0 0 0 0 0 0 0 0 0 0 0 0 0
1.00 0.84 0.84 0.61 -0.11 0.04 0.28 0.03 0.00 0.00 0.00 0.00 0.00 0.00 0.00
0 0 0 0 0 0 0 0 0 0 0 0 0 0 0
1.00 0.67 0.55 0.34 0.11 -0.02 0.19 -0.01 0.00 0.00 0.00 0.00 0.00 0.00 0.00
0 0 0 0 0 0 0 0 0 0 0 0 0 0 0
1.00 0.35 0.31 0.26 0.11 0.17 0.08 0.05 0.00 0.00 0.00 0.00 0.00 0.00 0.00
0 0 0 0 0 0 0 0 0 0 0 0 0 0 0
1.00 0.27 0.17 0.11 0.44 0.32 0.17 0.10 0.00 0.00 0.00 0.00 0.00 0.00 0.00
0 0 0 0 0 0 0 0 0 0 0 0 0 0 0
1.00 0.94 0.91 0.52 0.35 0.50 0.30 0.10 0.00 0.00 0.00 0.00 0.00 0.00 0.00
0 0 0 0 0 0 0 0 0 0 0 0 0 0 0
1.00 0.64 0.64 0.46 0.51 0.56 0.34 0.09 0.00 0.00 0.00 0.00 0.00 0.00 0.00
0 0 0 0 0 0 0 0 0 0 0 0 0 0 0
1.00 0.10 -0.16 -0.25 0.29 0.24 -0.01 0.02 0.00 0.00 0.00 0.00 0.00 0.00 0.00
0 0 0 0 0 0 0 0 0 0 0 0 0 0 0
1.00 -0.49 -0.58 -0.49 0.11 -0.02 -0.21 0.01 0.00 0.00 0.00 0.00 0.00 0.00 0.00
0 0 0 0 0 0 0 0 0 0 0 0 0 0 0
