1.00 0.24 0.41 0.32 0.02 0.44 0.16 0.06 0.00 0.00 0.00 0.00 0.00 0.00 0.00
1.00 0.90 0.77 0.58 1.16 1.24 0.68 0.14 0.00 0.00 0.00 0.00 0.00 0.00 0.00
1.00 1.34 1.21 0.90 1.86 1.77 0.97 0.21 0.00 0.00 0.00 0.00 0.00 0.00 0.00
0 0 0 0 0 0 0 0 0 0 0 0 0 0 0
1.00 2.27 2.37 1.69 2.25 2.47 1.29 0.25 0.00 0.00 0.00 0.00 0.00 0.00 0.00
0 0 0 0 0 0 0 0 0 0 0 0 0 0 0
1.00 2.27 2.37 1.69 2.25 2.47 1.29 0.25 0.00 0.00 0.00 0.00 0.00 0.00 0.00
0 0 0 0 0 0 0 0 0 0 0 0 0 0 0
1.00 1.79 1.71 0.81 1.92 1.62 0.61 0.26 0.00 0.00 0.00 0.00 0.00 0.00 0.00
0 0 0 0 0 0 0 0 0 0 0 0 0 0 0
1.00 0.40 -0.21 -0.68 0.78 0.07 -0.33 0.02 0.00 0.00 0.00 0.00 0.00 0.00 0.00
0 0 0 0 0 0 0 0 0 0 0 0 0 0 0
1.00 -1.45 -2.17 -1.50 -0.89 -1.66 -1.15 -0.19 0.00 0.00 0.00 0.00 0.00 0.00 0.00
0 0 0 0 0 0 0 0 0 0 0 0 0 0 0
1.00 -2.52 -2.32 -1.39 -2.45 -2.41 -1.01 -0.28 0.00 0.00 0.00 0.00 0.00 0.00 0.00
0 0 0 0 0 0 0 0 0 0 0 0 0 0 0
1.00 -1.08 -0.92 -0.66 -0.97 -1.00 -0.48 -0.11 0.00 0.00 0.00 0.00 0.00 0.00 0.00
0 0 0 0 0 0 0 0 0 0 0 0 0 0 0
1.00 -0.76 -0.76 -0.44 -0.83 -0.90 -0.36 -0.10 0.00 0.00 0.00 0.00 0.00 0.00 0.00
0 0 0 0 0 0 0 0 0 0 0 0 0 0 0
1.00 -0.60 -0.60 -0.25 -0.76 -0.69 -0.20 -0.08 0.00 0.00 0.00 0.00 0.00 0.00 0.00
0 0 0 0 0 0 0 0 0 0 0 0 0 0 0
1.00 -0.46 -0.35 -0.30 -0.75 -0.53 -0.27 -0.06 0.00 0.00 0.00 0.00 0.00 0.00 0.00
0 0 0 0 0 0 0 0 0 0 0 0 0 0 0
