1.00 0.80 0.95 0.79 -0.27 -0.01 0.34 0.09 0.00 0.00 0.00 0.00 0.00 0.00 0.00
1.00 0.28 0.32 0.27 -0.19 -0.03 0.03 -0.03 0.00 0.00 0.00 0.00 0.00 0.00 0.00
1.00 0.45 0.59 0.50 -0.34 -0.00 0.00 0.01 0.00 0.00 0.00 0.00 0.00 0.00 0.00
0 0 0 0 0 0 0 0 0 0 0 0 0 0 0
1.00 0.28 0.39 0.35 -0.42 -0.11 -0.07 0.00 0.00 0.00 0.00 0.00 0.00 0.00 0.00
0 0 0 0 0 0 0 0 0 0 0 0 0 0 0
1.00 0.28 0.39 0.35 -0.42 -0.11 -0.07 0.00 0.00 0.00 0.00 0.00 0.00 0.00 0.00
0 0 0 0 0 0 0 0 0 0 0 0 0 0 0
1.00 0.51 0.61 0.28 0.02 0.30 0.19 0.08 0.00 0.00 0.00 0.00 0.00 0.00 0.00
0 0 0 0 0 0 0 0 0 0 0 0 0 0 0
1.00 0.42 0.69 0.37 0.49 0.54 0.33 0.11 0.00 0.00 0.00 0.00 0.00 0.00 0.00
0 0 0 0 0 0 0 0 0 0 0 0 0 0 0
1.00 0.68 0.46 0.37 0.59 0.32 0.33 0.13 0.00 0.00 0.00 0.00 0.00 0.00 0.00
0 0 0 0 0 0 0 0 0 0 0 0 0 0 0
1.00 0.50 0.45 0.45 0.31 0.25 0.26 0.05 0.00 0.00 0.00 0.00 0.00 0.00 0.00
0 0 0 0 0 0 0 0 0 0 0 0 0 0 0
1.00 0.23 0.04 -0.12 0.19 0.15 0.07 0.01 0.00 0.00 0.00 0.00 0.00 0.00 0.00
0 0 0 0 0 0 0 0 0 0 0 0 0 0 0
1.00 -0.44 -0.76 -0.78 0.04 -0.33 -0.43 -0.03 0.00 0.00 0.00 0.00 0.00 0.00 0.00
0 0 0 0 0 0 0 0 0 0 0 0 0 0 0
1.00 -0.45 -0.48 -0.35 -0.40 -0.37 -0.18 -0.03 0.00 0.00 0.00 0.00 0.00 0.00 0.00
0 0 0 0 0 0 0 0 0 0 0 0 0 0 0
1.00 -0.65 -0.75 -0.42 -0.41 -0.62 -0.24 -0.03 0.00 0.00 0.00 0.00 0.00 0.00 0.00
0 0 0 0 0 0 0 0 0 0 0 0 0 0 0
