1.00 1.11 1.23 1.03 1.65 1.72 0.91 0.22 0.00 0.00 0.00 0.00 0.00 0.00 0.00
1.00 1.40 1.59 1.30 1.32 1.49 0.87 0.19 0.00 0.00 0.00 0.00 0.00 0.00 0.00
1.00 1.46 1.46 0.91 1.17 1.32 0.73 0.14 0.00 0.00 0.00 0.00 0.00 0.00 0.00
0 0 0 0 0 0 0 0 0 0 0 0 0 0 0
1.00 0.50 0.08 -0.28 0.73 0.27 -0.13 0.05 0.00 0.00 0.00 0.00 0.00 0.00 0.00
0 0 0 0 0 0 0 0 0 0 0 0 0 0 0
1.00 0.50 0.08 -0.28 0.73 0.27 -0.13 0.05 0.00 0.00 0.00 0.00 0.00 0.00 0.00
0 0 0 0 0 0 0 0 0 0 0 0 0 0 0
1.00 -1.18 -1.76 -1.47 -0.54 -1.31 -0.97 -0.18 0.00 0.00 0.00 0.00 0.00 0.00 0.00
0 0 0 0 0 0 0 0 0 0 0 0 0 0 0
1.00 0.05 -0.57 -0.70 0.83 0.17 -0.29 -0.03 0.00 0.00 0.00 0.00 0.00 0.00 0.00
0 0 0 0 0 0 0 0 0 0 0 0 0 0 0
1.00 -1.27 -1.34 -0.81 -0.72 -1.19 -0.78 -0.16 0.00 0.00 0.00 0.00 0.00 0.00 0.00
0 0 0 0 0 0 0 0 0 0 0 0 0 0 0
1.00 -1.01 -0.71 -0.46 -1.25 -1.05 -0.48 -0.08 0.00 0.00 0.00 0.00 0.00 0.00 0.00
0 0 0 0 0 0 0 0 0 0 0 0 0 0 0
1.00 -0.81 -0.58 -0.14 -1.34 -1.21 -0.20 -0.11 0.00 0.00 0.00 0.00 0.00 0.00 0.00
0 0 0 0 0 0 0 0 0 0 0 0 0 0 0
1.00 -0.66 -0.46 -0.31 -1.38 -1.10 -0.38 -0.10 0.00 0.00 0.00 0.00 0.00 0.00 0.00
0 0 0 0 0 0 0 0 0 0 0 0 0 0 0
1.00 -0.30 -0.23 -0.09 -0.64 -0.52 -0.16 -0.05 0.00 0.00 0.00 0.00 0.00 0.00 0.00
0 0 0 0 0 0 0 0 0 0 0 0 0 0 0
1.00 -0.29 -0.13 -0.11 -0.47 -0.35 -0.18 -0.05 0.00 0.00 0.00 0.00 0.00 0.00 0.00
0 0 0 0 0 0 0 0 0 0 0 0 0 0 0
