1.00 1.25 1.35 1.02 1.81 1.95 0.92 0.21 0.00 0.00 0.00 0.00 0.00 0.00 0.00
1.00 1.52 1.68 1.20 1.69 1.86 0.83 0.22 0.00 0.00 0.00 0.00 0.00 0.00 0.00
1.00 0.78 0.19 -0.41 1.03 0.64 -0.21 0.07 0.00 0.00 0.00 0.00 0.00 0.00 0.00
0 0 0 0 0 0 0 0 0 0 0 0 0 0 0
1.00 0.60 0.06 -0.47 0.76 0.37 -0.29 0.05 0.00 0.00 0.00 0.00 0.00 0.00 0.00
0 0 0 0 0 0 0 0 0 0 0 0 0 0 0
1.00 0.60 0.06 -0.47 0.76 0.37 -0.29 0.05 0.00 0.00 0.00 0.00 0.00 0.00 0.00
0 0 0 0 0 0 0 0 0 0 0 0 0 0 0
1.00 -0.09 -1.03 -1.20 1.17 -0.14 -0.78 -0.11 0.00 0.00 0.00 0.00 0.00 0.00 0.00
0 0 0 0 0 0 0 0 0 0 0 0 0 0 0
1.00 -1.83 -1.76 -1.03 -1.19 -1.67 -0.86 -0.28 0.00 0.00 0.00 0.00 0.00 0.00 0.00
0 0 0 0 0 0 0 0 0 0 0 0 0 0 0
1.00 -1.51 -1.12 -0.59 -1.70 -1.56 -0.64 -0.22 0.00 0.00 0.00 0.00 0.00 0.00 0.00
0 0 0 0 0 0 0 0 0 0 0 0 0 0 0
1.00 -0.92 -0.77 -0.38 -1.37 -1.30 -0.50 -0.09 0.00 0.00 0.00 0.00 0.00 0.00 0.00
0 0 0 0 0 0 0 0 0 0 0 0 0 0 0
1.00 -0.66 -0.49 -0.15 -1.49 -1.19 -0.39 -0.10 0.00 0.00 0.00 0.00 0.00 0.00 0.00
0 0 0 0 0 0 0 0 0 0 0 0 0 0 0
1.00 -0.33 0.06 0.20 -0.97 -0.72 -0.02 0.02 0.00 0.00 0.00 0.00 0.00 0.00 0.00
0 0 0 0 0 0 0 0 0 0 0 0 0 0 0
1.00 -0.17 -0.11 0.13 -0.64 -0.52 0.00 0.03 0.00 0.00 0.00 0.00 0.00 0.00 0.00
0 0 0 0 0 0 0 0 0 0 0 0 0 0 0
1.00 0.04 0.04 0.14 -0.33 -0.30 0.10 0.04 0.00 0.00 0.00 0.00 0.00 0.00 0.00
0 0 0 0 0 0 0 0 0 0 0 0 0 0 0
