1.00 0.77 0.82 0.68 -0.03 0.16 0.28 0.14 0.00 0.00 0.00 0.00 0.00 0.00 0.00
1.00 0.89 0.98 0.82 -0.16 0.14 0.26 0.12 0.00 0.00 0.00 0.00 0.00 0.00 0.00
1.00 0.24 0.34 0.37 -0.38 -0.12 0.07 0.03 0.00 0.00 0.00 0.00 0.00 0.00 0.00
0 0 0 0 0 0 0 0 0 0 0 0 0 0 0
1.00 0.44 0.38 0.45 0.18 0.11 0.14 0.05 0.00 0.00 0.00 0.00 0.00 0.00 0.00
0 0 0 0 0 0 0 0 0 0 0 0 0 0 0
1.00 0.44 0.38 0.45 0.18 0.11 0.14 0.05 0.00 0.00 0.00 0.00 0.00 0.00 0.00
0 0 0 0 0 0 0 0 0 0 0 0 0 0 0
1.00 0.52 0.42 0.31 0.02 0.11 0.12 0.10 0.00 0.00 0.00 0.00 0.00 0.00 0.00
0 0 0 0 0 0 0 0 0 0 0 0 0 0 0
1.00 0.27 0.29 0.19 0.33 0.25 0.12 0.05 0.00 0.00 0.00 0.00 0.00 0.00 0.00
0 0 0 0 0 0 0 0 0 0 0 0 0 0 0
1.00 0.09 0.06 -0.20 0.24 0.14 -0.02 -0.00 0.00 0.00 0.00 0.00 0.00 0.00 0.00
0 0 0 0 0 0 0 0 0 0 0 0 0 0 0
1.00 0.29 0.06 -0.07 0.37 0.31 0.24 0.02 0.00 0.00 0.00 0.00 0.00 0.00 0.00
0 0 0 0 0 0 0 0 0 0 0 0 0 0 0
1.00 -0.32 -0.44 -0.35 0.19 0.13 -0.10 0.04 0.00 0.00 0.00 0.00 0.00 0.00 0.00
0 0 0 0 0 0 0 0 0 0 0 0 0 0 0
1.00 -0.81 -1.02 -0.72 -0.33 -0.66 -0.33 -0.12 0.00 0.00 0.00 0.00 0.00 0.00 0.00
0 0 0 0 0 0 0 0 0 0 0 0 0 0 0
1.00 -1.13 -1.19 -1.01 -0.69 -0.69 -0.61 -0.19 0.00 0.00 0.00 0.00 0.00 0.00 0.00
0 0 0 0 0 0 0 0 0 0 0 0 0 0 0
1.00 -0.55 -0.53 -0.38 -0.20 -0.22 -0.18 -0.04 0.00 0.00 0.00 0.00 0.00 0.00 0.00
0 0 0 0 0 0 0 0 0 0 0 0 0 0 0
