1.00 1.57 1.83 1.41 2.21 2.34 1.09 0.24 0.00 0.00 0.00 0.00 0.00 0.00 0.00
1.00 1.80 2.33 1.85 1.73 1.97 1.30 0.31 0.00 0.00 0.00 0.00 0.00 0.00 0.00
1.00 2.22 2.36 1.55 1.62 1.91 1.08 0.33 0.00 0.00 0.00 0.00 0.00 0.00 0.00
0 0 0 0 0 0 0 0 0 0 0 0 0 0 0
1.00 1.26 0.61 -0.13 1.01 0.54 -0.15 0.07 0.00 0.00 0.00 0.00 0.00 0.00 0.00
0 0 0 0 0 0 0 0 0 0 0 0 0 0 0
1.00 1.26 0.61 -0.13 1.01 0.54 -0.15 0.07 0.00 0.00 0.00 0.00 0.00 0.00 0.00
0 0 0 0 0 0 0 0 0 0 0 0 0 0 0
1.00 -1.45 -2.14 -1.84 -0.99 -2.06 -1.44 -0.26 0.00 0.00 0.00 0.00 0.00 0.00 0.00
0 0 0 0 0 0 0 0 0 0 0 0 0 0 0
1.00 -1.71 -2.18 -1.55 -1.04 -1.89 -1.25 -0.24 0.00 0.00 0.00 0.00 0.00 0.00 0.00
0 0 0 0 0 0 0 0 0 0 0 0 0 0 0
1.00 -2.10 -1.55 -0.86 -2.36 -2.38 -0.90 -0.24 0.00 0.00 0.00 0.00 0.00 0.00 0.00
0 0 0 0 0 0 0 0 0 0 0 0 0 0 0
1.00 -1.50 -1.27 -0.68 -2.34 -2.04 -0.69 -0.22 0.00 0.00 0.00 0.00 0.00 0.00 0.00
0 0 0 0 0 0 0 0 0 0 0 0 0 0 0
1.00 -1.07 -0.79 -0.42 -2.17 -1.83 -0.74 -0.19 0.00 0.00 0.00 0.00 0.00 0.00 0.00
0 0 0 0 0 0 0 0 0 0 0 0 0 0 0
1.00 -0.83 -0.66 -0.30 -1.35 -1.13 -0.42 -0.18 0.00 0.00 0.00 0.00 0.00 0.00 0.00
0 0 0 0 0 0 0 0 0 0 0 0 0 0 0
1.00 -0.41 -0.23 -0.08 -0.75 -0.72 -0.25 -0.04 0.00 0.00 0.00 0.00 0.00 0.00 0.00
0 0 0 0 0 0 0 0 0 0 0 0 0 0 0
1.00 -0.19 -0.07 -0.07 -0.65 -0.49 -0.24 -0.01 0.00 0.00 0.00 0.00 0.00 0.00 0.00
0 0 0 0 0 0 0 0 0 0 0 0 0 0 0
