1.00 0.81 1.34 1.18 0.86 1.34 0.85 0.18 0.00 0.00 0.00 0.00 0.00 0.00 0.00
1.00 1.29 1.49 1.15 1.09 1.29 0.89 0.19 0.00 0.00 0.00 0.00 0.00 0.00 0.00
1.00 1.10 1.33 1.06 0.87 1.07 0.80 0.17 0.00 0.00 0.00 0.00 0.00 0.00 0.00
0 0 0 0 0 0 0 0 0 0 0 0 0 0 0
1.00 1.09 1.05 0.62 0.75 0.90 0.55 0.18 0.00 0.00 0.00 0.00 0.00 0.00 0.00
0 0 0 0 0 0 0 0 0 0 0 0 0 0 0
1.00 1.09 1.05 0.62 0.75 0.90 0.55 0.18 0.00 0.00 0.00 0.00 0.00 0.00 0.00
0 0 0 0 0 0 0 0 0 0 0 0 0 0 0
1.00 0.16 -0.22 -0.50 0.32 0.00 -0.23 -0.04 0.00 0.00 0.00 0.00 0.00 0.00 0.00
0 0 0 0 0 0 0 0 0 0 0 0 0 0 0
1.00 -1.71 -2.38 -1.82 -0.97 -1.59 -1.24 -0.31 0.00 0.00 0.00 0.00 0.00 0.00 0.00
0 0 0 0 0 0 0 0 0 0 0 0 0 0 0
1.00 -1.67 -1.95 -1.40 -0.79 -1.41 -0.91 -0.21 0.00 0.00 0.00 0.00 0.00 0.00 0.00
0 0 0 0 0 0 0 0 0 0 0 0 0 0 0
1.00 -2.10 -1.80 -1.08 -2.04 -1.98 -0.85 -0.22 0.00 0.00 0.00 0.00 0.00 0.00 0.00
0 0 0 0 0 0 0 0 0 0 0 0 0 0 0
1.00 -1.86 -1.56 -1.10 -2.06 -1.85 -0.81 -0.18 0.00 0.00 0.00 0.00 0.00 0.00 0.00
0 0 0 0 0 0 0 0 0 0 0 0 0 0 0
1.00 -1.10 -0.78 -0.51 -1.14 -0.75 -0.35 -0.11 0.00 0.00 0.00 0.00 0.00 0.00 0.00
0 0 0 0 0 0 0 0 0 0 0 0 0 0 0
1.00 -0.65 -0.70 -0.46 -0.83 -0.80 -0.47 -0.12 0.00 0.00 0.00 0.00 0.00 0.00 0.00
0 0 0 0 0 0 0 0 0 0 0 0 0 0 0
1.00 -0.42 -0.37 -0.20 -0.66 -0.57 -0.12 -0.03 0.00 0.00 0.00 0.00 0.00 0.00 0.00
0 0 0 0 0 0 0 0 0 0 0 0 0 0 0
