1.00 0.65 0.77 0.46 -0.36 -0.22 0.02 -0.07 0.00 0.00 0.00 0.00 0.00 0.00 0.00
1.00 0.89 0.86 0.60 -0.23 0.03 0.16 0.06 0.00 0.00 0.00 0.00 0.00 0.00 0.00
1.00 0.82 0.93 0.59 0.05 0.11 0.37 0.14 0.00 0.00 0.00 0.00 0.00 0.00 0.00
0 0 0 0 0 0 0 0 0 0 0 0 0 0 0
1.00 0.60 0.55 0.32 -0.09 -0.03 0.13 0.08 0.00 0.00 0.00 0.00 0.00 0.00 0.00
0 0 0 0 0 0 0 0 0 0 0 0 0 0 0
1.00 0.60 0.55 0.32 -0.09 -0.03 0.13 0.08 0.00 0.00 0.00 0.00 0.00 0.00 0.00
0 0 0 0 0 0 0 0 0 0 0 0 0 0 0
1.00 0.29 0.33 0.25 0.01 -0.00 0.10 0.07 0.00 0.00 0.00 0.00 0.00 0.00 0.00
0 0 0 0 0 0 0 0 0 0 0 0 0 0 0
1.00 0.18 0.20 0.17 -0.05 0.01 0.12 0.03 0.00 0.00 0.00 0.00 0.00 0.00 0.00
0 0 0 0 0 0 0 0 0 0 0 0 0 0 0
1.00 0.01 0.11 -0.04 -0.04 0.09 0.11 0.06 0.00 0.00 0.00 0.00 0.00 0.00 0.00
0 0 0 0 0 0 0 0 0 0 0 0 0 0 0
1.00 -0.19 -0.35 -0.32 0.30 0.01 -0.24 -0.00 0.00 0.00 0.00 0.00 0.00 0.00 0.00
0 0 0 0 0 0 0 0 0 0 0 0 0 0 0
1.00 0.29 0.28 0.19 0.32 0.14 -0.02 0.07 0.00 0.00 0.00 0.00 0.00 0.00 0.00
0 0 0 0 0 0 0 0 0 0 0 0 0 0 0
1.00 -0.16 -0.24 -0.28 0.18 0.19 -0.02 0.00 0.00 0.00 0.00 0.00 0.00 0.00 0.00
0 0 0 0 0 0 0 0 0 0 0 0 0 0 0
1.00 -0.59 -0.79 -0.46 -0.07 -0.20 -0.10 -0.06 0.00 0.00 0.00 0.00 0.00 0.00 0.00
0 0 0 0 0 0 0 0 0 0 0 0 0 0 0
1.00 -1.19 -1.36 -1.11 -0.50 -0.55 -0.58 -0.22 0.00 0.00 0.00 0.00 0.00 0.00 0.00
0 0 0 0 0 0 0 0 0 0 0 0 0 0 0
