1.00 -0.66 -0.40 -0.08 -1.17 -1.00 -0.32 -0.16 0.00 0.00 0.00 0.00 0.00 0.00 0.00
1.00 0.17 0.29 0.24 -0.59 -0.43 0.03 0.02 0.00 0.00 0.00 0.00 0.00 0.00 0.00
1.00 0.67 0.94 0.74 0.23 0.52 0.56 0.14 0.00 0.00 0.00 0.00 0.00 0.00 0.00
0 0 0 0 0 0 0 0 0 0 0 0 0 0 0
1.00 1.12 1.15 0.77 1.14 1.32 0.67 0.17 0.00 0.00 0.00 0.00 0.00 0.00 0.00
0 0 0 0 0 0 0 0 0 0 0 0 0 0 0
1.00 1.12 1.15 0.77 1.14 1.32 0.67 0.17 0.00 0.00 0.00 0.00 0.00 0.00 0.00
0 0 0 0 0 0 0 0 0 0 0 0 0 0 0
1.00 1.45 1.26 0.89 1.90 1.81 0.81 0.23 0.00 0.00 0.00 0.00 0.00 0.00 0.00
0 0 0 0 0 0 0 0 0 0 0 0 0 0 0
1.00 1.05 1.50 1.32 1.11 1.26 0.88 0.20 0.00 0.00 0.00 0.00 0.00 0.00 0.00
0 0 0 0 0 0 0 0 0 0 0 0 0 0 0
1.00 1.42 1.61 1.11 1.06 1.03 0.68 0.18 0.00 0.00 0.00 0.00 0.00 0.00 0.00
0 0 0 0 0 0 0 0 0 0 0 0 0 0 0
1.00 0.65 0.26 -0.25 0.48 0.39 -0.09 -0.00 0.00 0.00 0.00 0.00 0.00 0.00 0.00
0 0 0 0 0 0 0 0 0 0 0 0 0 0 0
1.00 -1.51 -2.47 -2.17 -0.49 -1.31 -1.32 -0.23 0.00 0.00 0.00 0.00 0.00 0.00 0.00
0 0 0 0 0 0 0 0 0 0 0 0 0 0 0
1.00 -1.09 -1.28 -0.89 -0.24 -0.87 -0.70 -0.14 0.00 0.00 0.00 0.00 0.00 0.00 0.00
0 0 0 0 0 0 0 0 0 0 0 0 0 0 0
1.00 -1.64 -1.68 -1.28 -1.14 -1.33 -0.80 -0.26 0.00 0.00 0.00 0.00 0.00 0.00 0.00
0 0 0 0 0 0 0 0 0 0 0 0 0 0 0
1.00 -1.58 -1.51 -1.12 -1.15 -1.26 -0.69 -0.15 0.00 0.00 0.00 0.00 0.00 0.00 0.00
0 0 0 0 0 0 0 0 0 0 0 0 0 0 0
