1.00 1.16 1.29 1.05 0.87 0.68 0.47 0.12 0.00 0.00 0.00 0.00 0.00 0.00 0.00
1.00 0.65 0.73 0.55 0.55 0.35 0.21 0.03 0.00 0.00 0.00 0.00 0.00 0.00 0.00
1.00 0.85 0.98 0.73 0.15 0.13 0.29 0.06 0.00 0.00 0.00 0.00 0.00 0.00 0.00
0 0 0 0 0 0 0 0 0 0 0 0 0 0 0
1.00 0.97 1.10 0.66 0.04 0.03 0.14 0.08 0.00 0.00 0.00 0.00 0.00 0.00 0.00
0 0 0 0 0 0 0 0 0 0 0 0 0 0 0
1.00 0.97 1.10 0.66 0.04 0.03 0.14 0.08 0.00 0.00 0.00 0.00 0.00 0.00 0.00
0 0 0 0 0 0 0 0 0 0 0 0 0 0 0
1.00 0.82 0.64 0.35 -0.03 0.04 -0.04 0.09 0.00 0.00 0.00 0.00 0.00 0.00 0.00
0 0 0 0 0 0 0 0 0 0 0 0 0 0 0
1.00 0.85 0.75 0.52 -0.02 0.06 0.11 0.01 0.00 0.00 0.00 0.00 0.00 0.00 0.00
0 0 0 0 0 0 0 0 0 0 0 0 0 0 0
1.00 0.20 -0.11 -0.21 -0.12 -0.17 -0.12 -0.06 0.00 0.00 0.00 0.00 0.00 0.00 0.00
0 0 0 0 0 0 0 0 0 0 0 0 0 0 0
1.00 -0.61 -0.72 -0.68 -0.13 -0.10 -0.20 0.01 0.00 0.00 0.00 0.00 0.00 0.00 0.00
0 0 0 0 0 0 0 0 0 0 0 0 0 0 0
1.00 -1.10 -1.47 -1.05 -0.23 -0.40 -0.32 -0.10 0.00 0.00 0.00 0.00 0.00 0.00 0.00
0 0 0 0 0 0 0 0 0 0 0 0 0 0 0
1.00 -0.29 -0.39 -0.47 0.05 0.00 -0.17 -0.03 0.00 0.00 0.00 0.00 0.00 0.00 0.00
0 0 0 0 0 0 0 0 0 0 0 0 0 0 0
1.00 -0.72 -0.73 -0.51 -0.19 -0.10 -0.27 -0.06 0.00 0.00 0.00 0.00 0.00 0.00 0.00
0 0 0 0 0 0 0 0 0 0 0 0 0 0 0
1.00 -0.94 -1.08 -0.72 -0.23 -0.38 -0.11 -0.06 0.00 0.00 0.00 0.00 0.00 0.00 0.00
0 0 0 0 0 0 0 0 0 0 0 0 0 0 0
