1.00 0.91 1.12 0.81 0.28 0.50 0.48 0.11 0.00 0.00 0.00 0.00 0.00 0.00 0.00
1.00 0.76 0.95 0.68 0.19 0.38 0.40 0.10 0.00 0.00 0.00 0.00 0.00 0.00 0.00
1.00 0.49 0.74 0.38 0.10 0.48 0.10 0.01 0.00 0.00 0.00 0.00 0.00 0.00 0.00
0 0 0 0 0 0 0 0 0 0 0 0 0 0 0
1.00 0.54 0.41 0.32 0.36 0.26 0.06 -0.02 0.00 0.00 0.00 0.00 0.00 0.00 0.00
0 0 0 0 0 0 0 0 0 0 0 0 0 0 0
1.00 0.54 0.41 0.32 0.36 0.26 0.06 -0.02 0.00 0.00 0.00 0.00 0.00 0.00 0.00
0 0 0 0 0 0 0 0 0 0 0 0 0 0 0
1.00 0.35 0.43 0.43 0.24 0.35 0.40 0.07 0.00 0.00 0.00 0.00 0.00 0.00 0.00
0 0 0 0 0 0 0 0 0 0 0 0 0 0 0
1.00 0.33 0.14 0.10 0.46 0.04 0.01 0.03 0.00 0.00 0.00 0.00 0.00 0.00 0.00
0 0 0 0 0 0 0 0 0 0 0 0 0 0 0
1.00 -0.33 -0.44 -0.54 -0.07 -0.27 -0.22 -0.02 0.00 0.00 0.00 0.00 0.00 0.00 0.00
0 0 0 0 0 0 0 0 0 0 0 0 0 0 0
1.00 -0.27 -0.43 -0.29 0.02 -0.22 -0.24 -0.04 0.00 0.00 0.00 0.00 0.00 0.00 0.00
0 0 0 0 0 0 0 0 0 0 0 0 0 0 0
1.00 -0.78 -1.02 -0.77 -0.47 -0.82 -0.42 -0.13 0.00 0.00 0.00 0.00 0.00 0.00 0.00
0 0 0 0 0 0 0 0 0 0 0 0 0 0 0
1.00 -1.38 -1.56 -1.22 -0.85 -0.96 -0.73 -0.14 0.00 0.00 0.00 0.00 0.00 0.00 0.00
0 0 0 0 0 0 0 0 0 0 0 0 0 0 0
1.00 -0.60 -0.68 -0.61 -0.26 -0.49 -0.42 -0.04 0.00 0.00 0.00 0.00 0.00 0.00 0.00
0 0 0 0 0 0 0 0 0 0 0 0 0 0 0
1.00 -0.71 -0.77 -0.46 -0.60 -0.62 -0.30 -0.02 0.00 0.00 0.00 0.00 0.00 0.00 0.00
0 0 0 0 0 0 0 0 0 0 0 0 0 0 0
