1.00 -0.75 -0.74 -0.75 -0.79 -0.95 -0.66 -0.08 0.00 0.00 0.00 0.00 0.00 0.00 0.00
1.00 -0.90 -1.02 -0.78 -1.03 -1.03 -0.47 -0.08 0.00 0.00 0.00 0.00 0.00 0.00 0.00
1.00 -0.95 -0.80 -0.39 -0.72 -0.43 -0.17 -0.05 0.00 0.00 0.00 0.00 0.00 0.00 0.00
0 0 0 0 0 0 0 0 0 0 0 0 0 0 0
1.00 0.07 0.24 0.37 0.16 0.29 0.42 0.06 0.00 0.00 0.00 0.00 0.00 0.00 0.00
0 0 0 0 0 0 0 0 0 0 0 0 0 0 0
1.00 0.07 0.24 0.37 0.16 0.29 0.42 0.06 0.00 0.00 0.00 0.00 0.00 0.00 0.00
0 0 0 0 0 0 0 0 0 0 0 0 0 0 0
1.00 1.07 1.39 1.13 1.33 1.44 0.91 0.12 0.00 0.00 0.00 0.00 0.00 0.00 0.00
0 0 0 0 0 0 0 0 0 0 0 0 0 0 0
1.00 2.08 1.94 1.37 1.94 2.16 0.99 0.17 0.00 0.00 0.00 0.00 0.00 0.00 0.00
0 0 0 0 0 0 0 0 0 0 0 0 0 0 0
1.00 1.99 2.18 1.61 1.67 2.11 1.22 0.23 0.00 0.00 0.00 0.00 0.00 0.00 0.00
0 0 0 0 0 0 0 0 0 0 0 0 0 0 0
1.00 1.78 1.63 1.00 1.45 1.67 0.63 0.26 0.00 0.00 0.00 0.00 0.00 0.00 0.00
0 0 0 0 0 0 0 0 0 0 0 0 0 0 0
1.00 0.47 -0.01 -0.66 0.44 0.07 -0.38 0.04 0.00 0.00 0.00 0.00 0.00 0.00 0.00
0 0 0 0 0 0 0 0 0 0 0 0 0 0 0
1.00 -2.02 -2.56 -2.03 -1.21 -2.22 -1.46 -0.29 0.00 0.00 0.00 0.00 0.00 0.00 0.00
0 0 0 0 0 0 0 0 0 0 0 0 0 0 0
1.00 -1.26 -1.54 -1.15 -0.92 -1.57 -0.95 -0.24 0.00 0.00 0.00 0.00 0.00 0.00 0.00
0 0 0 0 0 0 0 0 0 0 0 0 0 0 0
1.00 -1.62 -1.82 -1.40 -1.76 -1.94 -1.12 -0.32 0.00 0.00 0.00 0.00 0.00 0.00 0.00
0 0 0 0 0 0 0 0 0 0 0 0 0 0 0
