1.00 -0.61 -0.55 -0.14 -1.09 -0.85 -0.21 -0.01 0.00 0.00 0.00 0.00 0.00 0.00 0.00
1.00 0.33 0.64 0.56 -0.46 0.16 0.40 0.07 0.00 0.00 0.00 0.00 0.00 0.00 0.00
1.00 1.15 1.19 0.96 1.01 1.28 0.70 0.11 0.00 0.00 0.00 0.00 0.00 0.00 0.00
0 0 0 0 0 0 0 0 0 0 0 0 0 0 0
1.00 0.92 0.93 0.74 0.85 1.03 0.54 0.08 0.00 0.00 0.00 0.00 0.00 0.00 0.00
0 0 0 0 0 0 0 0 0 0 0 0 0 0 0
1.00 0.92 0.93 0.74 0.85 1.03 0.54 0.08 0.00 0.00 0.00 0.00 0.00 0.00 0.00
0 0 0 0 0 0 0 0 0 0 0 0 0 0 0
1.00 1.58 1.65 1.17 1.49 1.73 0.91 0.18 0.00 0.00 0.00 0.00 0.00 0.00 0.00
0 0 0 0 0 0 0 0 0 0 0 0 0 0 0
1.00 1.80 1.98 1.39 1.42 1.88 0.89 0.29 0.00 0.00 0.00 0.00 0.00 0.00 0.00
0 0 0 0 0 0 0 0 0 0 0 0 0 0 0
1.00 1.52 1.33 0.61 1.24 1.09 0.47 0.12 0.00 0.00 0.00 0.00 0.00 0.00 0.00
0 0 0 0 0 0 0 0 0 0 0 0 0 0 0
1.00 -0.04 -0.84 -1.30 0.44 -0.05 -0.67 -0.03 0.00 0.00 0.00 0.00 0.00 0.00 0.00
0 0 0 0 0 0 0 0 0 0 0 0 0 0 0
1.00 -0.27 -0.85 -0.81 0.75 -0.20 -0.62 -0.12 0.00 0.00 0.00 0.00 0.00 0.00 0.00
0 0 0 0 0 0 0 0 0 0 0 0 0 0 0
1.00 -1.40 -1.56 -1.09 -0.96 -1.46 -0.75 -0.26 0.00 0.00 0.00 0.00 0.00 0.00 0.00
0 0 0 0 0 0 0 0 0 0 0 0 0 0 0
1.00 -2.13 -2.35 -1.66 -1.61 -2.18 -1.25 -0.28 0.00 0.00 0.00 0.00 0.00 0.00 0.00
0 0 0 0 0 0 0 0 0 0 0 0 0 0 0
1.00 -3.01 -2.76 -1.94 -2.53 -2.64 -1.39 -0.29 0.00 0.00 0.00 0.00 0.00 0.00 0.00
0 0 0 0 0 0 0 0 0 0 0 0 0 0 0
