1.00 -1.28 -1.35 -0.85 -0.34 -0.23 -0.28 -0.10 0.00 0.00 0.00 0.00 0.00 0.00 0.00
1.00 -0.60 -0.31 -0.08 0.36 0.34 0.41 0.02 0.00 0.00 0.00 0.00 0.00 0.00 0.00
1.00 0.54 0.79 0.77 0.98 1.03 0.64 0.12 0.00 0.00 0.00 0.00 0.00 0.00 0.00
0 0 0 0 0 0 0 0 0 0 0 0 0 0 0
1.00 1.57 1.72 1.31 1.40 1.68 0.90 0.15 0.00 0.00 0.00 0.00 0.00 0.00 0.00
0 0 0 0 0 0 0 0 0 0 0 0 0 0 0
1.00 1.57 1.72 1.31 1.40 1.68 0.90 0.15 0.00 0.00 0.00 0.00 0.00 0.00 0.00
0 0 0 0 0 0 0 0 0 0 0 0 0 0 0
1.00 2.14 1.88 1.16 1.34 1.49 0.61 0.12 0.00 0.00 0.00 0.00 0.00 0.00 0.00
0 0 0 0 0 0 0 0 0 0 0 0 0 0 0
1.00 1.89 1.71 0.79 1.10 1.30 0.62 0.19 0.00 0.00 0.00 0.00 0.00 0.00 0.00
0 0 0 0 0 0 0 0 0 0 0 0 0 0 0
1.00 -0.04 -0.91 -1.37 0.22 -0.53 -0.81 -0.05 0.00 0.00 0.00 0.00 0.00 0.00 0.00
0 0 0 0 0 0 0 0 0 0 0 0 0 0 0
1.00 -2.95 -3.50 -2.23 -2.06 -3.25 -1.93 -0.41 0.00 0.00 0.00 0.00 0.00 0.00 0.00
0 0 0 0 0 0 0 0 0 0 0 0 0 0 0
1.00 -1.87 -1.72 -1.07 -2.00 -2.13 -0.90 -0.30 0.00 0.00 0.00 0.00 0.00 0.00 0.00
0 0 0 0 0 0 0 0 0 0 0 0 0 0 0
1.00 -1.54 -1.19 -0.70 -1.95 -1.87 -0.75 -0.29 0.00 0.00 0.00 0.00 0.00 0.00 0.00
0 0 0 0 0 0 0 0 0 0 0 0 0 0 0
1.00 -0.94 -0.62 -0.36 -1.60 -1.38 -0.53 -0.07 0.00 0.00 0.00 0.00 0.00 0.00 0.00
0 0 0 0 0 0 0 0 0 0 0 0 0 0 0
1.00 -0.79 -0.48 -0.27 -1.42 -1.18 -0.43 -0.05 0.00 0.00 0.00 0.00 0.00 0.00 0.00
0 0 0 0 0 0 0 0 0 0 0 0 0 0 0
