1.00 1.26 1.58 1.07 -0.59 -0.07 0.37 0.06 0.00 0.00 0.00 0.00 0.00 0.00 0.00
1.00 0.65 0.74 0.77 -0.35 0.24 0.42 0.01 0.00 0.00 0.00 0.00 0.00 0.00 0.00
1.00 1.41 1.66 1.12 0.83 1.14 0.76 0.27 0.00 0.00 0.00 0.00 0.00 0.00 0.00
0 0 0 0 0 0 0 0 0 0 0 0 0 0 0
1.00 1.51 1.48 0.89 1.18 1.43 0.82 0.26 0.00 0.00 0.00 0.00 0.00 0.00 0.00
0 0 0 0 0 0 0 0 0 0 0 0 0 0 0
1.00 1.51 1.48 0.89 1.18 1.43 0.82 0.26 0.00 0.00 0.00 0.00 0.00 0.00 0.00
0 0 0 0 0 0 0 0 0 0 0 0 0 0 0
1.00 2.44 1.95 0.79 1.48 1.72 0.72 0.32 0.00 0.00 0.00 0.00 0.00 0.00 0.00
0 0 0 0 0 0 0 0 0 0 0 0 0 0 0
1.00 0.26 -0.74 -0.96 0.67 0.14 -0.48 0.00 0.00 0.00 0.00 0.00 0.00 0.00 0.00
0 0 0 0 0 0 0 0 0 0 0 0 0 0 0
1.00 -1.57 -1.85 -1.23 -0.60 -1.23 -0.84 -0.24 0.00 0.00 0.00 0.00 0.00 0.00 0.00
0 0 0 0 0 0 0 0 0 0 0 0 0 0 0
1.00 -1.75 -1.63 -1.01 -0.82 -0.76 -0.54 -0.24 0.00 0.00 0.00 0.00 0.00 0.00 0.00
0 0 0 0 0 0 0 0 0 0 0 0 0 0 0
1.00 -1.54 -1.48 -0.98 -0.41 -0.84 -0.64 -0.11 0.00 0.00 0.00 0.00 0.00 0.00 0.00
0 0 0 0 0 0 0 0 0 0 0 0 0 0 0
1.00 -0.83 -0.82 -0.40 -0.33 -0.52 -0.27 -0.07 0.00 0.00 0.00 0.00 0.00 0.00 0.00
0 0 0 0 0 0 0 0 0 0 0 0 0 0 0
1.00 -0.53 -0.51 -0.13 -0.29 -0.21 0.10 -0.02 0.00 0.00 0.00 0.00 0.00 0.00 0.00
0 0 0 0 0 0 0 0 0 0 0 0 0 0 0
1.00 -0.30 -0.28 -0.26 -0.00 -0.31 -0.08 0.04 0.00 0.00 0.00 0.00 0.00 0.00 0.00
0 0 0 0 0 0 0 0 0 0 0 0 0 0 0
