1.00 3.28 4.38 4.73 2.98 5.34 4.98 1.77 0.00 0.00 0.00 0.00 0.00 0.00 0.00
1.00 2.87 3.40 3.47 3.11 4.64 3.86 1.58 0.00 0.00 0.00 0.00 0.00 0.00 0.00
1.00 3.60 3.58 3.43 4.87 6.08 3.95 1.85 0.00 0.00 0.00 0.00 0.00 0.00 0.00
0 0 0 0 0 0 0 0 0 0 0 0 0 0 0
1.00 3.30 2.88 2.53 4.84 5.03 2.96 1.58 0.00 0.00 0.00 0.00 0.00 0.00 0.00
0 0 0 0 0 0 0 0 0 0 0 0 0 0 0
1.00 3.30 2.88 2.53 4.84 5.03 2.96 1.58 0.00 0.00 0.00 0.00 0.00 0.00 0.00
0 0 0 0 0 0 0 0 0 0 0 0 0 0 0
1.00 1.99 1.33 0.70 2.72 1.97 0.74 0.72 0.00 0.00 0.00 0.00 0.00 0.00 0.00
0 0 0 0 0 0 0 0 0 0 0 0 0 0 0
1.00 -0.44 -1.19 -1.98 -1.71 -3.20 -2.71 -0.76 0.00 0.00 0.00 0.00 0.00 0.00 0.00
0 0 0 0 0 0 0 0 0 0 0 0 0 0 0
1.00 0.40 -0.28 -1.17 -1.07 -2.45 -2.05 -0.44 0.00 0.00 0.00 0.00 0.00 0.00 0.00
0 0 0 0 0 0 0 0 0 0 0 0 0 0 0
1.00 -2.79 -3.08 -3.29 -4.53 -5.55 -3.74 -1.70 0.00 0.00 0.00 0.00 0.00 0.00 0.00
0 0 0 0 0 0 0 0 0 0 0 0 0 0 0
1.00 -4.26 -4.16 -3.62 -5.44 -5.62 -3.91 -1.93 0.00 0.00 0.00 0.00 0.00 0.00 0.00
0 0 0 0 0 0 0 0 0 0 0 0 0 0 0
1.00 -4.34 -4.00 -3.47 -4.35 -4.64 -3.41 -1.66 0.00 0.00 0.00 0.00 0.00 0.00 0.00
0 0 0 0 0 0 0 0 0 0 0 0 0 0 0
1.00 -1.97 -1.90 -1.68 -1.92 -2.38 -1.69 -0.82 0.00 0.00 0.00 0.00 0.00 0.00 0.00
0 0 0 0 0 0 0 0 0 0 0 0 0 0 0
1.00 -1.80 -1.82 -1.49 -1.71 -2.04 -1.31 -0.73 0.00 0.00 0.00 0.00 0.00 0.00 0.00
0 0 0 0 0 0 0 0 0 0 0 0 0 0 0
