1.00 -0.00 1.56 2.19 -0.81 1.14 2.15 0.44 0.00 0.00 0.00 0.00 0.00 0.00 0.00
1.00 2.97 3.10 3.09 3.06 4.07 3.16 1.41 0.00 0.00 0.00 0.00 0.00 0.00 0.00
1.00 3.63 3.43 2.94 4.79 5.45 3.35 1.74 0.00 0.00 0.00 0.00 0.00 0.00 0.00
0 0 0 0 0 0 0 0 0 0 0 0 0 0 0
1.00 3.53 2.93 2.18 4.93 4.46 2.29 1.42 0.00 0.00 0.00 0.00 0.00 0.00 0.00
0 0 0 0 0 0 0 0 0 0 0 0 0 0 0
1.00 3.53 2.93 2.18 4.93 4.46 2.29 1.42 0.00 0.00 0.00 0.00 0.00 0.00 0.00
0 0 0 0 0 0 0 0 0 0 0 0 0 0 0
1.00 4.56 3.95 3.19 6.10 6.04 3.44 2.02 0.00 0.00 0.00 0.00 0.00 0.00 0.00
0 0 0 0 0 0 0 0 0 0 0 0 0 0 0
1.00 2.20 1.59 0.73 2.01 1.15 0.26 0.56 0.00 0.00 0.00 0.00 0.00 0.00 0.00
0 0 0 0 0 0 0 0 0 0 0 0 0 0 0
1.00 -0.92 -1.42 -2.10 -2.46 -3.66 -2.93 -0.96 0.00 0.00 0.00 0.00 0.00 0.00 0.00
0 0 0 0 0 0 0 0 0 0 0 0 0 0 0
1.00 -3.69 -4.08 -4.13 -5.58 -6.55 -4.57 -2.08 0.00 0.00 0.00 0.00 0.00 0.00 0.00
0 0 0 0 0 0 0 0 0 0 0 0 0 0 0
1.00 -5.53 -5.43 -4.57 -6.46 -6.85 -4.50 -2.38 0.00 0.00 0.00 0.00 0.00 0.00 0.00
0 0 0 0 0 0 0 0 0 0 0 0 0 0 0
1.00 -2.69 -2.49 -2.19 -3.03 -3.19 -2.07 -1.10 0.00 0.00 0.00 0.00 0.00 0.00 0.00
0 0 0 0 0 0 0 0 0 0 0 0 0 0 0
1.00 -2.16 -2.00 -1.62 -2.14 -2.30 -1.45 -0.83 0.00 0.00 0.00 0.00 0.00 0.00 0.00
0 0 0 0 0 0 0 0 0 0 0 0 0 0 0
1.00 -1.58 -1.43 -1.35 -1.36 -1.50 -1.17 -0.52 0.00 0.00 0.00 0.00 0.00 0.00 0.00
0 0 0 0 0 0 0 0 0 0 0 0 0 0 0
