1.00 0.48 0.40 0.22 0.55 0.33 0.26 0.14 0.00 0.00 0.00 0.00 0.00 0.00 0.00
1.00 0.08 0.02 -0.03 0.03 -0.05 -0.25 0.00 0.00 0.00 0.00 0.00 0.00 0.00 0.00
1.00 -0.52 -0.58 -0.38 -0.73 -0.76 -0.39 -0.21 0.00 0.00 0.00 0.00 0.00 0.00 0.00
0 0 0 0 0 0 0 0 0 0 0 0 0 0 0
1.00 -1.00 -0.80 -0.68 -0.90 -1.13 -0.83 -0.35 0.00 0.00 0.00 0.00 0.00 0.00 0.00
0 0 0 0 0 0 0 0 0 0 0 0 0 0 0
1.00 -1.00 -0.80 -0.68 -0.90 -1.13 -0.83 -0.35 0.00 0.00 0.00 0.00 0.00 0.00 0.00
0 0 0 0 0 0 0 0 0 0 0 0 0 0 0
1.00 -0.43 -0.38 -0.25 -0.50 -0.49 -0.23 -0.19 0.00 0.00 0.00 0.00 0.00 0.00 0.00
0 0 0 0 0 0 0 0 0 0 0 0 0 0 0
1.00 -0.46 -0.41 -0.28 -0.50 -0.50 -0.27 -0.17 0.00 0.00 0.00 0.00 0.00 0.00 0.00
0 0 0 0 0 0 0 0 0 0 0 0 0 0 0
1.00 -0.44 -0.56 -0.37 -0.42 -0.57 -0.46 -0.18 0.00 0.00 0.00 0.00 0.00 0.00 0.00
0 0 0 0 0 0 0 0 0 0 0 0 0 0 0
1.00 -0.39 -0.50 -0.34 -0.36 -0.50 -0.41 -0.15 0.00 0.00 0.00 0.00 0.00 0.00 0.00
0 0 0 0 0 0 0 0 0 0 0 0 0 0 0
1.00 -0.36 -0.39 -0.28 -0.48 -0.55 -0.40 -0.16 0.00 0.00 0.00 0.00 0.00 0.00 0.00
0 0 0 0 0 0 0 0 0 0 0 0 0 0 0
1.00 -0.42 -0.31 -0.28 -0.42 -0.50 -0.23 -0.14 0.00 0.00 0.00 0.00 0.00 0.00 0.00
0 0 0 0 0 0 0 0 0 0 0 0 0 0 0
1.00 -0.34 -0.19 -0.17 -0.28 -0.34 -0.19 -0.05 0.00 0.00 0.00 0.00 0.00 0.00 0.00
0 0 0 0 0 0 0 0 0 0 0 0 0 0 0
1.00 -0.11 -0.04 -0.29 -0.16 -0.20 -0.13 -0.07 0.00 0.00 0.00 0.00 0.00 0.00 0.00
0 0 0 0 0 0 0 0 0 0 0 0 0 0 0
