1.00 -0.09 -0.26 -0.18 0.01 -0.13 -0.18 -0.09 0.00 0.00 0.00 0.00 0.00 0.00 0.00
1.00 -0.46 -0.58 -0.58 -0.37 -0.55 -0.30 -0.14 0.00 0.00 0.00 0.00 0.00 0.00 0.00
1.00 -0.71 -0.67 -0.65 -0.44 -0.49 -0.57 -0.21 0.00 0.00 0.00 0.00 0.00 0.00 0.00
0 0 0 0 0 0 0 0 0 0 0 0 0 0 0
1.00 -0.83 -0.71 -0.46 -0.60 -0.59 -0.48 -0.23 0.00 0.00 0.00 0.00 0.00 0.00 0.00
0 0 0 0 0 0 0 0 0 0 0 0 0 0 0
1.00 -0.83 -0.71 -0.46 -0.60 -0.59 -0.48 -0.23 0.00 0.00 0.00 0.00 0.00 0.00 0.00
0 0 0 0 0 0 0 0 0 0 0 0 0 0 0
1.00 -0.75 -0.56 -0.45 -0.61 -0.34 -0.30 -0.14 0.00 0.00 0.00 0.00 0.00 0.00 0.00
0 0 0 0 0 0 0 0 0 0 0 0 0 0 0
1.00 -0.35 -0.27 -0.33 -0.25 -0.36 -0.14 -0.10 0.00 0.00 0.00 0.00 0.00 0.00 0.00
0 0 0 0 0 0 0 0 0 0 0 0 0 0 0
1.00 -0.25 -0.30 -0.19 -0.17 -0.13 -0.25 -0.05 0.00 0.00 0.00 0.00 0.00 0.00 0.00
0 0 0 0 0 0 0 0 0 0 0 0 0 0 0
1.00 -0.15 -0.25 -0.11 -0.21 -0.20 -0.15 -0.11 0.00 0.00 0.00 0.00 0.00 0.00 0.00
0 0 0 0 0 0 0 0 0 0 0 0 0 0 0
1.00 -0.21 -0.04 -0.10 -0.12 -0.12 0.02 -0.11 0.00 0.00 0.00 0.00 0.00 0.00 0.00
0 0 0 0 0 0 0 0 0 0 0 0 0 0 0
1.00 -0.10 -0.03 0.02 0.07 -0.09 -0.02 0.02 0.00 0.00 0.00 0.00 0.00 0.00 0.00
0 0 0 0 0 0 0 0 0 0 0 0 0 0 0
1.00 -0.03 0.14 0.05 0.03 0.08 -0.01 0.05 0.00 0.00 0.00 0.00 0.00 0.00 0.00
0 0 0 0 0 0 0 0 0 0 0 0 0 0 0
1.00 -0.10 0.03 -0.09 0.01 0.02 -0.11 -0.04 0.00 0.00 0.00 0.00 0.00 0.00 0.00
0 0 0 0 0 0 0 0 0 0 0 0 0 0 0
