1.00 -0.98 -1.03 -0.84 -0.83 -0.84 -0.68 -0.37 0.00 0.00 0.00 0.00 0.00 0.00 0.00
1.00 -1.16 -1.05 -0.80 -0.91 -0.93 -0.72 -0.36 0.00 0.00 0.00 0.00 0.00 0.00 0.00
1.00 -0.53 -0.50 -0.36 -0.45 -0.59 -0.20 -0.20 0.00 0.00 0.00 0.00 0.00 0.00 0.00
0 0 0 0 0 0 0 0 0 0 0 0 0 0 0
1.00 -0.57 -0.44 -0.25 -0.37 -0.31 -0.27 -0.15 0.00 0.00 0.00 0.00 0.00 0.00 0.00
0 0 0 0 0 0 0 0 0 0 0 0 0 0 0
1.00 -0.57 -0.44 -0.25 -0.37 -0.31 -0.27 -0.15 0.00 0.00 0.00 0.00 0.00 0.00 0.00
0 0 0 0 0 0 0 0 0 0 0 0 0 0 0
1.00 -0.48 -0.51 -0.34 -0.39 -0.40 -0.27 -0.13 0.00 0.00 0.00 0.00 0.00 0.00 0.00
0 0 0 0 0 0 0 0 0 0 0 0 0 0 0
1.00 -0.47 -0.43 -0.41 -0.38 -0.38 -0.32 -0.16 0.00 0.00 0.00 0.00 0.00 0.00 0.00
0 0 0 0 0 0 0 0 0 0 0 0 0 0 0
1.00 -0.31 -0.19 -0.21 -0.34 -0.11 -0.08 -0.08 0.00 0.00 0.00 0.00 0.00 0.00 0.00
0 0 0 0 0 0 0 0 0 0 0 0 0 0 0
1.00 -0.12 -0.13 0.08 -0.19 -0.26 0.01 -0.07 0.00 0.00 0.00 0.00 0.00 0.00 0.00
0 0 0 0 0 0 0 0 0 0 0 0 0 0 0
1.00 -0.11 -0.01 -0.06 0.03 0.02 -0.03 -0.00 0.00 0.00 0.00 0.00 0.00 0.00 0.00
0 0 0 0 0 0 0 0 0 0 0 0 0 0 0
1.00 0.05 0.00 -0.02 0.09 -0.02 0.06 0.03 0.00 0.00 0.00 0.00 0.00 0.00 0.00
0 0 0 0 0 0 0 0 0 0 0 0 0 0 0
1.00 -0.03 -0.01 0.06 0.10 0.11 0.04 0.08 0.00 0.00 0.00 0.00 0.00 0.00 0.00
0 0 0 0 0 0 0 0 0 0 0 0 0 0 0
1.00 -0.05 -0.07 -0.10 0.04 0.01 0.11 -0.03 0.00 0.00 0.00 0.00 0.00 0.00 0.00
0 0 0 0 0 0 0 0 0 0 0 0 0 0 0
