1.00 -3.06 -2.21 -1.03 -3.50 -3.15 -1.13 -1.18 0.00 0.00 0.00 0.00 0.00 0.00 0.00
1.00 -0.33 1.27 2.27 -1.30 0.78 2.37 0.36 0.00 0.00 0.00 0.00 0.00 0.00 0.00
1.00 2.66 3.28 3.34 2.77 4.55 3.74 1.55 0.00 0.00 0.00 0.00 0.00 0.00 0.00
0 0 0 0 0 0 0 0 0 0 0 0 0 0 0
1.00 3.51 3.57 3.31 4.80 5.73 3.84 1.85 0.00 0.00 0.00 0.00 0.00 0.00 0.00
0 0 0 0 0 0 0 0 0 0 0 0 0 0 0
1.00 3.51 3.57 3.31 4.80 5.73 3.84 1.85 0.00 0.00 0.00 0.00 0.00 0.00 0.00
0 0 0 0 0 0 0 0 0 0 0 0 0 0 0
1.00 3.39 2.78 2.25 4.83 4.85 2.54 1.50 0.00 0.00 0.00 0.00 0.00 0.00 0.00
0 0 0 0 0 0 0 0 0 0 0 0 0 0 0
1.00 1.88 1.26 0.60 2.25 1.53 0.58 0.62 0.00 0.00 0.00 0.00 0.00 0.00 0.00
0 0 0 0 0 0 0 0 0 0 0 0 0 0 0
1.00 -0.48 -1.51 -2.33 -1.73 -3.29 -3.13 -0.83 0.00 0.00 0.00 0.00 0.00 0.00 0.00
0 0 0 0 0 0 0 0 0 0 0 0 0 0 0
1.00 -3.27 -4.08 -4.25 -5.20 -6.57 -4.61 -1.98 0.00 0.00 0.00 0.00 0.00 0.00 0.00
0 0 0 0 0 0 0 0 0 0 0 0 0 0 0
1.00 -4.96 -4.74 -4.31 -5.99 -6.48 -4.45 -2.28 0.00 0.00 0.00 0.00 0.00 0.00 0.00
0 0 0 0 0 0 0 0 0 0 0 0 0 0 0
1.00 -4.85 -4.51 -4.08 -5.18 -5.63 -3.95 -2.11 0.00 0.00 0.00 0.00 0.00 0.00 0.00
0 0 0 0 0 0 0 0 0 0 0 0 0 0 0
1.00 -2.31 -2.23 -1.90 -2.47 -2.69 -2.00 -0.99 0.00 0.00 0.00 0.00 0.00 0.00 0.00
0 0 0 0 0 0 0 0 0 0 0 0 0 0 0
1.00 -2.03 -1.94 -1.62 -2.16 -2.32 -1.72 -0.86 0.00 0.00 0.00 0.00 0.00 0.00 0.00
0 0 0 0 0 0 0 0 0 0 0 0 0 0 0
