1.00 0.02 -0.25 -0.08 -0.07 -0.08 -0.09 -0.10 0.00 0.00 0.00 0.00 0.00 0.00 0.00
1.00 -0.45 -0.56 -0.39 -0.37 -0.64 -0.33 -0.19 0.00 0.00 0.00 0.00 0.00 0.00 0.00
1.00 -0.64 -0.54 -0.48 -0.39 -0.57 -0.40 -0.15 0.00 0.00 0.00 0.00 0.00 0.00 0.00
0 0 0 0 0 0 0 0 0 0 0 0 0 0 0
1.00 -0.70 -0.69 -0.69 -0.40 -0.45 -0.56 -0.24 0.00 0.00 0.00 0.00 0.00 0.00 0.00
0 0 0 0 0 0 0 0 0 0 0 0 0 0 0
1.00 -0.70 -0.69 -0.69 -0.40 -0.45 -0.56 -0.24 0.00 0.00 0.00 0.00 0.00 0.00 0.00
0 0 0 0 0 0 0 0 0 0 0 0 0 0 0
1.00 -0.67 -0.69 -0.59 -0.52 -0.51 -0.44 -0.25 0.00 0.00 0.00 0.00 0.00 0.00 0.00
0 0 0 0 0 0 0 0 0 0 0 0 0 0 0
1.00 -0.34 -0.32 -0.36 -0.22 -0.26 -0.27 -0.08 0.00 0.00 0.00 0.00 0.00 0.00 0.00
0 0 0 0 0 0 0 0 0 0 0 0 0 0 0
1.00 -0.23 -0.37 -0.29 -0.22 -0.20 -0.20 -0.13 0.00 0.00 0.00 0.00 0.00 0.00 0.00
0 0 0 0 0 0 0 0 0 0 0 0 0 0 0
1.00 -0.16 -0.29 -0.21 -0.16 -0.14 -0.14 -0.10 0.00 0.00 0.00 0.00 0.00 0.00 0.00
0 0 0 0 0 0 0 0 0 0 0 0 0 0 0
1.00 -0.21 -0.16 -0.09 -0.16 -0.19 -0.09 -0.08 0.00 0.00 0.00 0.00 0.00 0.00 0.00
0 0 0 0 0 0 0 0 0 0 0 0 0 0 0
1.00 -0.25 -0.09 -0.11 -0.05 -0.10 -0.10 -0.00 0.00 0.00 0.00 0.00 0.00 0.00 0.00
0 0 0 0 0 0 0 0 0 0 0 0 0 0 0
1.00 -0.08 -0.01 0.13 -0.02 0.00 -0.01 -0.00 0.00 0.00 0.00 0.00 0.00 0.00 0.00
0 0 0 0 0 0 0 0 0 0 0 0 0 0 0
1.00 -0.00 0.03 -0.02 0.11 0.14 -0.09 0.00 0.00 0.00 0.00 0.00 0.00 0.00 0.00
0 0 0 0 0 0 0 0 0 0 0 0 0 0 0
