1.00 -1.62 -2.19 -2.33 -1.71 -2.78 -2.49 -0.97 0.00 0.00 0.00 0.00 0.00 0.00 0.00
1.00 -1.61 -1.00 -0.06 -1.69 -1.81 -0.15 -0.63 0.00 0.00 0.00 0.00 0.00 0.00 0.00
1.00 1.62 3.09 3.64 1.15 3.36 3.70 1.18 0.00 0.00 0.00 0.00 0.00 0.00 0.00
0 0 0 0 0 0 0 0 0 0 0 0 0 0 0
1.00 5.06 4.84 4.56 5.86 7.14 4.96 2.40 0.00 0.00 0.00 0.00 0.00 0.00 0.00
0 0 0 0 0 0 0 0 0 0 0 0 0 0 0
1.00 5.06 4.84 4.56 5.86 7.14 4.96 2.40 0.00 0.00 0.00 0.00 0.00 0.00 0.00
0 0 0 0 0 0 0 0 0 0 0 0 0 0 0
1.00 3.10 3.44 3.89 3.63 5.50 4.39 1.78 0.00 0.00 0.00 0.00 0.00 0.00 0.00
0 0 0 0 0 0 0 0 0 0 0 0 0 0 0
1.00 3.86 3.94 3.81 5.92 7.21 4.63 2.17 0.00 0.00 0.00 0.00 0.00 0.00 0.00
0 0 0 0 0 0 0 0 0 0 0 0 0 0 0
1.00 3.42 3.30 3.09 5.75 5.85 3.70 1.74 0.00 0.00 0.00 0.00 0.00 0.00 0.00
0 0 0 0 0 0 0 0 0 0 0 0 0 0 0
1.00 2.05 1.63 1.00 2.95 2.23 0.96 0.84 0.00 0.00 0.00 0.00 0.00 0.00 0.00
0 0 0 0 0 0 0 0 0 0 0 0 0 0 0
1.00 -0.87 -1.58 -2.31 -2.11 -3.70 -3.09 -0.96 0.00 0.00 0.00 0.00 0.00 0.00 0.00
0 0 0 0 0 0 0 0 0 0 0 0 0 0 0
1.00 -4.58 -5.08 -5.54 -7.17 -8.86 -6.40 -2.77 0.00 0.00 0.00 0.00 0.00 0.00 0.00
0 0 0 0 0 0 0 0 0 0 0 0 0 0 0
1.00 -3.64 -3.86 -3.71 -5.39 -5.99 -3.99 -1.97 0.00 0.00 0.00 0.00 0.00 0.00 0.00
0 0 0 0 0 0 0 0 0 0 0 0 0 0 0
1.00 -4.34 -4.13 -3.52 -5.04 -5.25 -3.53 -1.90 0.00 0.00 0.00 0.00 0.00 0.00 0.00
0 0 0 0 0 0 0 0 0 0 0 0 0 0 0
