1.00 -0.20 -0.10 -0.06 -0.19 -0.14 -0.12 0.00 0.00 0.00 0.00 0.00 0.00 0.00 0.00
1.00 -0.28 -0.26 -0.27 -0.40 -0.53 -0.21 -0.12 0.00 0.00 0.00 0.00 0.00 0.00 0.00
1.00 -0.30 -0.41 -0.22 -0.40 -0.72 -0.36 -0.24 0.00 0.00 0.00 0.00 0.00 0.00 0.00
0 0 0 0 0 0 0 0 0 0 0 0 0 0 0
1.00 -0.47 -0.41 -0.28 -0.41 -0.60 -0.33 -0.18 0.00 0.00 0.00 0.00 0.00 0.00 0.00
0 0 0 0 0 0 0 0 0 0 0 0 0 0 0
1.00 -0.47 -0.41 -0.28 -0.41 -0.60 -0.33 -0.18 0.00 0.00 0.00 0.00 0.00 0.00 0.00
0 0 0 0 0 0 0 0 0 0 0 0 0 0 0
1.00 -0.35 -0.28 -0.27 -0.54 -0.54 -0.36 -0.13 0.00 0.00 0.00 0.00 0.00 0.00 0.00
0 0 0 0 0 0 0 0 0 0 0 0 0 0 0
1.00 -0.37 -0.44 -0.35 -0.47 -0.62 -0.39 -0.18 0.00 0.00 0.00 0.00 0.00 0.00 0.00
0 0 0 0 0 0 0 0 0 0 0 0 0 0 0
1.00 -0.15 0.00 -0.13 -0.16 -0.23 -0.17 0.02 0.00 0.00 0.00 0.00 0.00 0.00 0.00
0 0 0 0 0 0 0 0 0 0 0 0 0 0 0
1.00 -0.18 -0.10 -0.13 -0.13 -0.17 -0.17 -0.04 0.00 0.00 0.00 0.00 0.00 0.00 0.00
0 0 0 0 0 0 0 0 0 0 0 0 0 0 0
1.00 -0.11 -0.23 -0.18 -0.26 -0.27 -0.21 -0.12 0.00 0.00 0.00 0.00 0.00 0.00 0.00
0 0 0 0 0 0 0 0 0 0 0 0 0 0 0
1.00 -0.13 -0.22 -0.22 -0.26 -0.15 -0.24 -0.08 0.00 0.00 0.00 0.00 0.00 0.00 0.00
0 0 0 0 0 0 0 0 0 0 0 0 0 0 0
1.00 -0.15 -0.22 -0.29 -0.20 -0.17 -0.22 -0.05 0.00 0.00 0.00 0.00 0.00 0.00 0.00
0 0 0 0 0 0 0 0 0 0 0 0 0 0 0
1.00 -0.15 -0.07 -0.02 -0.15 -0.12 -0.06 0.03 0.00 0.00 0.00 0.00 0.00 0.00 0.00
0 0 0 0 0 0 0 0 0 0 0 0 0 0 0
