1.00 -0.12 0.05 -0.04 -0.07 0.15 -0.12 0.05 0.00 0.00 0.00 0.00 0.00 0.00 0.00
1.00 -0.30 -0.33 -0.30 -0.09 -0.32 -0.19 -0.11 0.00 0.00 0.00 0.00 0.00 0.00 0.00
1.00 -0.32 -0.36 -0.27 -0.23 -0.36 -0.31 -0.08 0.00 0.00 0.00 0.00 0.00 0.00 0.00
0 0 0 0 0 0 0 0 0 0 0 0 0 0 0
1.00 -0.39 -0.53 -0.42 -0.31 -0.36 -0.10 -0.15 0.00 0.00 0.00 0.00 0.00 0.00 0.00
0 0 0 0 0 0 0 0 0 0 0 0 0 0 0
1.00 -0.39 -0.53 -0.42 -0.31 -0.36 -0.10 -0.15 0.00 0.00 0.00 0.00 0.00 0.00 0.00
0 0 0 0 0 0 0 0 0 0 0 0 0 0 0
1.00 -0.45 -0.47 -0.31 -0.32 -0.43 -0.37 -0.21 0.00 0.00 0.00 0.00 0.00 0.00 0.00
0 0 0 0 0 0 0 0 0 0 0 0 0 0 0
1.00 -0.42 -0.43 -0.29 -0.29 -0.39 -0.34 -0.19 0.00 0.00 0.00 0.00 0.00 0.00 0.00
0 0 0 0 0 0 0 0 0 0 0 0 0 0 0
1.00 -0.22 -0.15 -0.17 -0.17 -0.20 -0.12 -0.12 0.00 0.00 0.00 0.00 0.00 0.00 0.00
0 0 0 0 0 0 0 0 0 0 0 0 0 0 0
1.00 -0.23 -0.14 -0.18 -0.03 -0.10 -0.09 -0.04 0.00 0.00 0.00 0.00 0.00 0.00 0.00
0 0 0 0 0 0 0 0 0 0 0 0 0 0 0
1.00 -0.19 -0.15 0.00 -0.14 -0.08 -0.01 -0.04 0.00 0.00 0.00 0.00 0.00 0.00 0.00
0 0 0 0 0 0 0 0 0 0 0 0 0 0 0
1.00 0.05 0.01 0.02 -0.03 -0.01 0.04 -0.00 0.00 0.00 0.00 0.00 0.00 0.00 0.00
0 0 0 0 0 0 0 0 0 0 0 0 0 0 0
1.00 -0.14 -0.05 0.03 -0.07 0.06 0.14 0.02 0.00 0.00 0.00 0.00 0.00 0.00 0.00
0 0 0 0 0 0 0 0 0 0 0 0 0 0 0
1.00 -0.03 0.06 0.01 0.01 0.11 -0.02 0.08 0.00 0.00 0.00 0.00 0.00 0.00 0.00
0 0 0 0 0 0 0 0 0 0 0 0 0 0 0
