1.00 -2.83 -1.97 -0.84 -3.62 -3.15 -0.89 -1.15 0.00 0.00 0.00 0.00 0.00 0.00 0.00
1.00 0.16 1.72 2.47 -0.66 1.48 2.49 0.47 0.00 0.00 0.00 0.00 0.00 0.00 0.00
1.00 2.88 3.15 3.27 3.05 4.45 3.63 1.49 0.00 0.00 0.00 0.00 0.00 0.00 0.00
0 0 0 0 0 0 0 0 0 0 0 0 0 0 0
1.00 3.32 3.24 2.95 4.40 4.95 3.36 1.66 0.00 0.00 0.00 0.00 0.00 0.00 0.00
0 0 0 0 0 0 0 0 0 0 0 0 0 0 0
1.00 3.32 3.24 2.95 4.40 4.95 3.36 1.66 0.00 0.00 0.00 0.00 0.00 0.00 0.00
0 0 0 0 0 0 0 0 0 0 0 0 0 0 0
1.00 2.76 2.37 1.84 3.84 3.64 1.98 1.27 0.00 0.00 0.00 0.00 0.00 0.00 0.00
0 0 0 0 0 0 0 0 0 0 0 0 0 0 0
1.00 1.34 0.67 -0.28 1.25 0.31 -0.58 0.24 0.00 0.00 0.00 0.00 0.00 0.00 0.00
0 0 0 0 0 0 0 0 0 0 0 0 0 0 0
1.00 2.87 2.03 0.74 2.15 1.13 0.03 0.72 0.00 0.00 0.00 0.00 0.00 0.00 0.00
0 0 0 0 0 0 0 0 0 0 0 0 0 0 0
1.00 -0.59 -1.45 -2.34 -2.44 -3.83 -2.96 -1.00 0.00 0.00 0.00 0.00 0.00 0.00 0.00
0 0 0 0 0 0 0 0 0 0 0 0 0 0 0
1.00 -3.43 -3.65 -3.30 -4.83 -5.32 -3.52 -1.82 0.00 0.00 0.00 0.00 0.00 0.00 0.00
0 0 0 0 0 0 0 0 0 0 0 0 0 0 0
1.00 -3.46 -3.31 -2.76 -3.98 -4.12 -2.74 -1.57 0.00 0.00 0.00 0.00 0.00 0.00 0.00
0 0 0 0 0 0 0 0 0 0 0 0 0 0 0
1.00 -2.86 -2.72 -2.19 -2.74 -3.03 -2.13 -1.11 0.00 0.00 0.00 0.00 0.00 0.00 0.00
0 0 0 0 0 0 0 0 0 0 0 0 0 0 0
1.00 -2.52 -2.23 -1.80 -2.00 -2.17 -1.71 -0.85 0.00 0.00 0.00 0.00 0.00 0.00 0.00
0 0 0 0 0 0 0 0 0 0 0 0 0 0 0
