1.00 1.01 1.02 0.63 1.37 1.49 0.76 0.42 0.00 0.00 0.00 0.00 0.00 0.00 0.00
1.00 0.90 0.60 0.30 1.00 1.01 0.47 0.32 0.00 0.00 0.00 0.00 0.00 0.00 0.00
1.00 0.52 0.28 0.39 0.47 0.33 0.35 0.10 0.00 0.00 0.00 0.00 0.00 0.00 0.00
0 0 0 0 0 0 0 0 0 0 0 0 0 0 0
1.00 -0.15 0.02 -0.16 -0.21 -0.33 -0.34 0.03 0.00 0.00 0.00 0.00 0.00 0.00 0.00
0 0 0 0 0 0 0 0 0 0 0 0 0 0 0
1.00 -0.15 0.02 -0.16 -0.21 -0.33 -0.34 0.03 0.00 0.00 0.00 0.00 0.00 0.00 0.00
0 0 0 0 0 0 0 0 0 0 0 0 0 0 0
1.00 -0.51 -0.47 -0.57 -0.84 -1.01 -0.70 -0.22 0.00 0.00 0.00 0.00 0.00 0.00 0.00
0 0 0 0 0 0 0 0 0 0 0 0 0 0 0
1.00 -0.88 -0.93 -0.80 -1.16 -1.39 -0.96 -0.43 0.00 0.00 0.00 0.00 0.00 0.00 0.00
0 0 0 0 0 0 0 0 0 0 0 0 0 0 0
1.00 -0.86 -1.06 -0.85 -1.21 -1.51 -0.85 -0.47 0.00 0.00 0.00 0.00 0.00 0.00 0.00
0 0 0 0 0 0 0 0 0 0 0 0 0 0 0
1.00 -0.43 -0.40 -0.11 -0.40 -0.52 -0.22 -0.15 0.00 0.00 0.00 0.00 0.00 0.00 0.00
0 0 0 0 0 0 0 0 0 0 0 0 0 0 0
1.00 -0.27 -0.20 -0.33 -0.43 -0.63 -0.32 -0.16 0.00 0.00 0.00 0.00 0.00 0.00 0.00
0 0 0 0 0 0 0 0 0 0 0 0 0 0 0
1.00 -0.42 -0.47 -0.40 -0.58 -0.71 -0.59 -0.22 0.00 0.00 0.00 0.00 0.00 0.00 0.00
0 0 0 0 0 0 0 0 0 0 0 0 0 0 0
1.00 -0.39 -0.43 -0.36 -0.51 -0.62 -0.53 -0.20 0.00 0.00 0.00 0.00 0.00 0.00 0.00
0 0 0 0 0 0 0 0 0 0 0 0 0 0 0
1.00 -0.30 -0.49 -0.51 -0.59 -0.71 -0.47 -0.18 0.00 0.00 0.00 0.00 0.00 0.00 0.00
0 0 0 0 0 0 0 0 0 0 0 0 0 0 0
