1.00 -0.32 -0.51 -0.44 -0.30 -0.53 -0.50 -0.15 0.00 0.00 0.00 0.00 0.00 0.00 0.00
1.00 -0.66 -0.72 -0.41 -0.64 -0.64 -0.49 -0.27 0.00 0.00 0.00 0.00 0.00 0.00 0.00
1.00 -0.54 -0.51 -0.32 -0.44 -0.45 -0.24 -0.12 0.00 0.00 0.00 0.00 0.00 0.00 0.00
0 0 0 0 0 0 0 0 0 0 0 0 0 0 0
1.00 -0.51 -0.45 -0.56 -0.34 -0.38 -0.36 -0.19 0.00 0.00 0.00 0.00 0.00 0.00 0.00
0 0 0 0 0 0 0 0 0 0 0 0 0 0 0
1.00 -0.51 -0.45 -0.56 -0.34 -0.38 -0.36 -0.19 0.00 0.00 0.00 0.00 0.00 0.00 0.00
0 0 0 0 0 0 0 0 0 0 0 0 0 0 0
1.00 -0.57 -0.65 -0.31 -0.36 -0.43 -0.25 -0.18 0.00 0.00 0.00 0.00 0.00 0.00 0.00
0 0 0 0 0 0 0 0 0 0 0 0 0 0 0
1.00 -0.28 -0.19 -0.23 -0.26 -0.30 -0.13 -0.05 0.00 0.00 0.00 0.00 0.00 0.00 0.00
0 0 0 0 0 0 0 0 0 0 0 0 0 0 0
1.00 -0.15 -0.17 -0.24 -0.19 -0.17 -0.12 -0.07 0.00 0.00 0.00 0.00 0.00 0.00 0.00
0 0 0 0 0 0 0 0 0 0 0 0 0 0 0
1.00 -0.11 -0.14 -0.02 -0.11 -0.10 -0.05 -0.02 0.00 0.00 0.00 0.00 0.00 0.00 0.00
0 0 0 0 0 0 0 0 0 0 0 0 0 0 0
1.00 -0.03 -0.11 0.04 0.04 -0.02 -0.05 0.03 0.00 0.00 0.00 0.00 0.00 0.00 0.00
0 0 0 0 0 0 0 0 0 0 0 0 0 0 0
1.00 -0.07 0.06 0.00 0.02 0.07 -0.06 -0.06 0.00 0.00 0.00 0.00 0.00 0.00 0.00
0 0 0 0 0 0 0 0 0 0 0 0 0 0 0
1.00 -0.09 -0.14 -0.01 -0.00 0.01 0.06 -0.01 0.00 0.00 0.00 0.00 0.00 0.00 0.00
0 0 0 0 0 0 0 0 0 0 0 0 0 0 0
1.00 -0.00 -0.14 -0.00 0.04 -0.12 -0.05 -0.04 0.00 0.00 0.00 0.00 0.00 0.00 0.00
0 0 0 0 0 0 0 0 0 0 0 0 0 0 0
