1.00 1.21 1.37 1.06 1.84 2.22 1.25 0.59 0.00 0.00 0.00 0.00 0.00 0.00 0.00
1.00 1.15 1.12 0.76 1.70 1.64 0.80 0.52 0.00 0.00 0.00 0.00 0.00 0.00 0.00
1.00 0.64 0.36 0.00 0.57 0.31 -0.01 0.10 0.00 0.00 0.00 0.00 0.00 0.00 0.00
0 0 0 0 0 0 0 0 0 0 0 0 0 0 0
1.00 0.68 0.61 0.37 0.86 0.91 0.54 0.25 0.00 0.00 0.00 0.00 0.00 0.00 0.00
0 0 0 0 0 0 0 0 0 0 0 0 0 0 0
1.00 0.68 0.61 0.37 0.86 0.91 0.54 0.25 0.00 0.00 0.00 0.00 0.00 0.00 0.00
0 0 0 0 0 0 0 0 0 0 0 0 0 0 0
1.00 0.50 0.60 0.62 0.47 0.72 0.59 0.24 0.00 0.00 0.00 0.00 0.00 0.00 0.00
0 0 0 0 0 0 0 0 0 0 0 0 0 0 0
1.00 0.14 0.00 0.14 0.12 -0.21 0.10 0.04 0.00 0.00 0.00 0.00 0.00 0.00 0.00
0 0 0 0 0 0 0 0 0 0 0 0 0 0 0
1.00 -0.30 -0.26 -0.15 -0.65 -0.75 -0.33 -0.18 0.00 0.00 0.00 0.00 0.00 0.00 0.00
0 0 0 0 0 0 0 0 0 0 0 0 0 0 0
1.00 -0.66 -0.56 -0.45 -0.87 -1.03 -0.58 -0.24 0.00 0.00 0.00 0.00 0.00 0.00 0.00
0 0 0 0 0 0 0 0 0 0 0 0 0 0 0
1.00 -0.75 -0.90 -0.79 -1.11 -1.23 -0.91 -0.43 0.00 0.00 0.00 0.00 0.00 0.00 0.00
0 0 0 0 0 0 0 0 0 0 0 0 0 0 0
1.00 -0.98 -0.96 -0.83 -1.21 -1.38 -0.88 -0.37 0.00 0.00 0.00 0.00 0.00 0.00 0.00
0 0 0 0 0 0 0 0 0 0 0 0 0 0 0
1.00 -0.41 -0.39 -0.29 -0.59 -0.67 -0.38 -0.22 0.00 0.00 0.00 0.00 0.00 0.00 0.00
0 0 0 0 0 0 0 0 0 0 0 0 0 0 0
1.00 -0.37 -0.46 -0.43 -0.52 -0.74 -0.28 -0.22 0.00 0.00 0.00 0.00 0.00 0.00 0.00
0 0 0 0 0 0 0 0 0 0 0 0 0 0 0
