1.00 -2.26 -2.81 -2.86 -2.75 -3.92 -3.08 -1.33 0.00 0.00 0.00 0.00 0.00 0.00 0.00
1.00 -2.26 -1.59 -0.57 -3.00 -2.84 -0.80 -0.94 0.00 0.00 0.00 0.00 0.00 0.00 0.00
1.00 0.72 2.04 2.67 -0.16 1.82 2.64 0.67 0.00 0.00 0.00 0.00 0.00 0.00 0.00
0 0 0 0 0 0 0 0 0 0 0 0 0 0 0
1.00 3.64 3.84 3.51 4.18 5.61 4.01 1.86 0.00 0.00 0.00 0.00 0.00 0.00 0.00
0 0 0 0 0 0 0 0 0 0 0 0 0 0 0
1.00 3.64 3.84 3.51 4.18 5.61 4.01 1.86 0.00 0.00 0.00 0.00 0.00 0.00 0.00
0 0 0 0 0 0 0 0 0 0 0 0 0 0 0
1.00 4.61 4.33 3.88 6.72 7.26 4.27 2.28 0.00 0.00 0.00 0.00 0.00 0.00 0.00
0 0 0 0 0 0 0 0 0 0 0 0 0 0 0
1.00 3.40 3.38 3.23 5.59 6.09 3.93 1.87 0.00 0.00 0.00 0.00 0.00 0.00 0.00
0 0 0 0 0 0 0 0 0 0 0 0 0 0 0
1.00 2.61 2.34 1.90 4.32 4.23 2.33 1.29 0.00 0.00 0.00 0.00 0.00 0.00 0.00
0 0 0 0 0 0 0 0 0 0 0 0 0 0 0
1.00 0.91 0.31 -0.30 1.17 0.20 -0.42 0.19 0.00 0.00 0.00 0.00 0.00 0.00 0.00
0 0 0 0 0 0 0 0 0 0 0 0 0 0 0
1.00 -1.97 -2.88 -3.65 -4.21 -6.08 -4.85 -1.78 0.00 0.00 0.00 0.00 0.00 0.00 0.00
0 0 0 0 0 0 0 0 0 0 0 0 0 0 0
1.00 -0.46 -1.35 -2.34 -2.60 -4.22 -3.28 -1.06 0.00 0.00 0.00 0.00 0.00 0.00 0.00
0 0 0 0 0 0 0 0 0 0 0 0 0 0 0
1.00 -3.29 -3.94 -3.79 -5.48 -6.32 -4.17 -2.07 0.00 0.00 0.00 0.00 0.00 0.00 0.00
0 0 0 0 0 0 0 0 0 0 0 0 0 0 0
1.00 -3.79 -3.56 -2.91 -4.98 -4.97 -3.00 -1.78 0.00 0.00 0.00 0.00 0.00 0.00 0.00
0 0 0 0 0 0 0 0 0 0 0 0 0 0 0
