1.00 -2.55 -1.12 0.27 -3.68 -2.33 0.21 -0.77 0.00 0.00 0.00 0.00 0.00 0.00 0.00
1.00 0.96 2.28 2.74 0.16 2.61 3.09 0.89 0.00 0.00 0.00 0.00 0.00 0.00 0.00
1.00 3.03 3.29 3.24 3.61 5.19 3.79 1.61 0.00 0.00 0.00 0.00 0.00 0.00 0.00
0 0 0 0 0 0 0 0 0 0 0 0 0 0 0
1.00 3.33 3.24 3.01 5.08 5.74 3.43 1.75 0.00 0.00 0.00 0.00 0.00 0.00 0.00
0 0 0 0 0 0 0 0 0 0 0 0 0 0 0
1.00 3.33 3.24 3.01 5.08 5.74 3.43 1.75 0.00 0.00 0.00 0.00 0.00 0.00 0.00
0 0 0 0 0 0 0 0 0 0 0 0 0 0 0
1.00 2.86 2.36 1.83 4.32 3.90 2.04 1.25 0.00 0.00 0.00 0.00 0.00 0.00 0.00
0 0 0 0 0 0 0 0 0 0 0 0 0 0 0
1.00 0.93 0.11 -0.75 0.73 -1.00 -1.38 -0.01 0.00 0.00 0.00 0.00 0.00 0.00 0.00
0 0 0 0 0 0 0 0 0 0 0 0 0 0 0
1.00 1.92 0.97 -0.13 0.91 -0.59 -1.10 0.25 0.00 0.00 0.00 0.00 0.00 0.00 0.00
0 0 0 0 0 0 0 0 0 0 0 0 0 0 0
1.00 -1.35 -2.14 -2.62 -3.66 -4.78 -3.49 -1.30 0.00 0.00 0.00 0.00 0.00 0.00 0.00
0 0 0 0 0 0 0 0 0 0 0 0 0 0 0
1.00 -3.53 -3.69 -3.42 -4.96 -5.48 -3.71 -1.79 0.00 0.00 0.00 0.00 0.00 0.00 0.00
0 0 0 0 0 0 0 0 0 0 0 0 0 0 0
1.00 -3.92 -3.64 -3.07 -4.51 -4.61 -3.07 -1.67 0.00 0.00 0.00 0.00 0.00 0.00 0.00
0 0 0 0 0 0 0 0 0 0 0 0 0 0 0
1.00 -3.39 -3.15 -2.67 -3.61 -3.92 -2.59 -1.51 0.00 0.00 0.00 0.00 0.00 0.00 0.00
0 0 0 0 0 0 0 0 0 0 0 0 0 0 0
1.00 -1.63 -1.62 -1.38 -1.81 -2.03 -1.36 -0.75 0.00 0.00 0.00 0.00 0.00 0.00 0.00
0 0 0 0 0 0 0 0 0 0 0 0 0 0 0
