1.00 1.04 0.83 0.56 0.92 0.86 0.56 0.29 0.00 0.00 0.00 0.00 0.00 0.00 0.00
1.00 0.68 0.52 0.24 0.60 0.57 0.13 0.15 0.00 0.00 0.00 0.00 0.00 0.00 0.00
1.00 0.30 0.08 0.03 0.12 0.02 0.09 0.01 0.00 0.00 0.00 0.00 0.00 0.00 0.00
0 0 0 0 0 0 0 0 0 0 0 0 0 0 0
1.00 -0.29 -0.32 -0.15 -0.07 -0.24 -0.03 -0.08 0.00 0.00 0.00 0.00 0.00 0.00 0.00
0 0 0 0 0 0 0 0 0 0 0 0 0 0 0
1.00 -0.29 -0.32 -0.15 -0.07 -0.24 -0.03 -0.08 0.00 0.00 0.00 0.00 0.00 0.00 0.00
0 0 0 0 0 0 0 0 0 0 0 0 0 0 0
1.00 -0.54 -0.44 -0.46 -0.55 -0.45 -0.39 -0.18 0.00 0.00 0.00 0.00 0.00 0.00 0.00
0 0 0 0 0 0 0 0 0 0 0 0 0 0 0
1.00 -0.90 -0.78 -0.64 -0.75 -0.76 -0.60 -0.24 0.00 0.00 0.00 0.00 0.00 0.00 0.00
0 0 0 0 0 0 0 0 0 0 0 0 0 0 0
1.00 -0.39 -0.37 -0.21 -0.25 -0.36 -0.18 -0.09 0.00 0.00 0.00 0.00 0.00 0.00 0.00
0 0 0 0 0 0 0 0 0 0 0 0 0 0 0
1.00 -0.37 -0.35 -0.19 -0.23 -0.34 -0.16 -0.09 0.00 0.00 0.00 0.00 0.00 0.00 0.00
0 0 0 0 0 0 0 0 0 0 0 0 0 0 0
1.00 -0.33 -0.41 -0.45 -0.19 -0.41 -0.43 -0.10 0.00 0.00 0.00 0.00 0.00 0.00 0.00
0 0 0 0 0 0 0 0 0 0 0 0 0 0 0
1.00 -0.43 -0.48 -0.67 -0.55 -0.50 -0.52 -0.19 0.00 0.00 0.00 0.00 0.00 0.00 0.00
0 0 0 0 0 0 0 0 0 0 0 0 0 0 0
1.00 -0.53 -0.48 -0.40 -0.51 -0.65 -0.43 -0.18 0.00 0.00 0.00 0.00 0.00 0.00 0.00
0 0 0 0 0 0 0 0 0 0 0 0 0 0 0
1.00 -0.20 -0.22 -0.22 -0.18 -0.33 -0.24 -0.10 0.00 0.00 0.00 0.00 0.00 0.00 0.00
0 0 0 0 0 0 0 0 0 0 0 0 0 0 0
