1.00 1.42 1.35 0.77 1.86 1.93 0.87 0.58 0.00 0.00 0.00 0.00 0.00 0.00 0.00
1.00 0.91 0.68 0.38 1.21 1.25 0.54 0.26 0.00 0.00 0.00 0.00 0.00 0.00 0.00
1.00 0.36 0.08 0.03 0.47 0.26 0.05 0.09 0.00 0.00 0.00 0.00 0.00 0.00 0.00
0 0 0 0 0 0 0 0 0 0 0 0 0 0 0
1.00 -0.37 -0.50 -0.30 -0.63 -0.63 -0.27 -0.23 0.00 0.00 0.00 0.00 0.00 0.00 0.00
0 0 0 0 0 0 0 0 0 0 0 0 0 0 0
1.00 -0.37 -0.50 -0.30 -0.63 -0.63 -0.27 -0.23 0.00 0.00 0.00 0.00 0.00 0.00 0.00
0 0 0 0 0 0 0 0 0 0 0 0 0 0 0
1.00 -0.73 -0.55 -0.41 -0.99 -1.19 -0.66 -0.27 0.00 0.00 0.00 0.00 0.00 0.00 0.00
0 0 0 0 0 0 0 0 0 0 0 0 0 0 0
1.00 -0.25 -0.22 -0.13 -0.32 -0.45 -0.22 -0.12 0.00 0.00 0.00 0.00 0.00 0.00 0.00
0 0 0 0 0 0 0 0 0 0 0 0 0 0 0
1.00 -0.58 -0.40 -0.11 -0.63 -0.93 -0.48 -0.24 0.00 0.00 0.00 0.00 0.00 0.00 0.00
0 0 0 0 0 0 0 0 0 0 0 0 0 0 0
1.00 -0.62 -0.84 -0.78 -0.97 -1.22 -0.92 -0.36 0.00 0.00 0.00 0.00 0.00 0.00 0.00
0 0 0 0 0 0 0 0 0 0 0 0 0 0 0
1.00 -0.74 -0.81 -0.81 -1.12 -1.29 -0.85 -0.34 0.00 0.00 0.00 0.00 0.00 0.00 0.00
0 0 0 0 0 0 0 0 0 0 0 0 0 0 0
1.00 -0.36 -0.55 -0.48 -0.57 -0.77 -0.56 -0.22 0.00 0.00 0.00 0.00 0.00 0.00 0.00
0 0 0 0 0 0 0 0 0 0 0 0 0 0 0
1.00 -0.25 -0.32 -0.42 -0.41 -0.62 -0.29 -0.16 0.00 0.00 0.00 0.00 0.00 0.00 0.00
0 0 0 0 0 0 0 0 0 0 0 0 0 0 0
1.00 -0.44 -0.47 -0.30 -0.56 -0.71 -0.40 -0.26 0.00 0.00 0.00 0.00 0.00 0.00 0.00
0 0 0 0 0 0 0 0 0 0 0 0 0 0 0
