1.00 -0.01 0.04 0.16 -0.11 -0.12 0.08 0.02 0.00 0.00 0.00 0.00 0.00 0.00 0.00
1.00 -0.15 -0.15 -0.21 -0.29 -0.36 -0.19 -0.08 0.00 0.00 0.00 0.00 0.00 0.00 0.00
1.00 -0.41 -0.42 -0.28 -0.60 -0.78 -0.51 -0.19 0.00 0.00 0.00 0.00 0.00 0.00 0.00
0 0 0 0 0 0 0 0 0 0 0 0 0 0 0
1.00 -0.52 -0.51 -0.46 -0.66 -0.85 -0.74 -0.20 0.00 0.00 0.00 0.00 0.00 0.00 0.00
0 0 0 0 0 0 0 0 0 0 0 0 0 0 0
1.00 -0.52 -0.51 -0.46 -0.66 -0.85 -0.74 -0.20 0.00 0.00 0.00 0.00 0.00 0.00 0.00
0 0 0 0 0 0 0 0 0 0 0 0 0 0 0
1.00 -0.65 -0.63 -0.55 -0.77 -0.97 -0.55 -0.32 0.00 0.00 0.00 0.00 0.00 0.00 0.00
0 0 0 0 0 0 0 0 0 0 0 0 0 0 0
1.00 -0.26 -0.27 -0.30 -0.44 -0.28 -0.29 -0.15 0.00 0.00 0.00 0.00 0.00 0.00 0.00
0 0 0 0 0 0 0 0 0 0 0 0 0 0 0
1.00 -0.38 -0.28 -0.26 -0.36 -0.38 -0.29 -0.13 0.00 0.00 0.00 0.00 0.00 0.00 0.00
0 0 0 0 0 0 0 0 0 0 0 0 0 0 0
1.00 -0.36 -0.28 -0.34 -0.35 -0.42 -0.36 -0.19 0.00 0.00 0.00 0.00 0.00 0.00 0.00
0 0 0 0 0 0 0 0 0 0 0 0 0 0 0
1.00 -0.24 -0.28 -0.29 -0.17 -0.35 -0.30 -0.10 0.00 0.00 0.00 0.00 0.00 0.00 0.00
0 0 0 0 0 0 0 0 0 0 0 0 0 0 0
1.00 -0.04 -0.20 -0.14 -0.16 -0.21 -0.09 -0.05 0.00 0.00 0.00 0.00 0.00 0.00 0.00
0 0 0 0 0 0 0 0 0 0 0 0 0 0 0
1.00 -0.05 -0.21 -0.10 -0.03 -0.12 -0.12 -0.02 0.00 0.00 0.00 0.00 0.00 0.00 0.00
0 0 0 0 0 0 0 0 0 0 0 0 0 0 0
1.00 -0.08 -0.22 -0.15 -0.15 -0.15 -0.11 -0.07 0.00 0.00 0.00 0.00 0.00 0.00 0.00
0 0 0 0 0 0 0 0 0 0 0 0 0 0 0
