1.00 1.16 0.87 0.68 1.02 1.03 0.69 0.37 0.00 0.00 0.00 0.00 0.00 0.00 0.00
1.00 0.33 0.11 0.03 0.33 0.21 0.09 0.04 0.00 0.00 0.00 0.00 0.00 0.00 0.00
1.00 -0.59 -0.66 -0.40 -0.34 -0.49 -0.42 -0.18 0.00 0.00 0.00 0.00 0.00 0.00 0.00
0 0 0 0 0 0 0 0 0 0 0 0 0 0 0
1.00 -0.99 -0.99 -0.80 -0.62 -0.76 -0.55 -0.28 0.00 0.00 0.00 0.00 0.00 0.00 0.00
0 0 0 0 0 0 0 0 0 0 0 0 0 0 0
1.00 -0.99 -0.99 -0.80 -0.62 -0.76 -0.55 -0.28 0.00 0.00 0.00 0.00 0.00 0.00 0.00
0 0 0 0 0 0 0 0 0 0 0 0 0 0 0
1.00 -1.20 -1.05 -0.97 -0.69 -1.02 -0.78 -0.33 0.00 0.00 0.00 0.00 0.00 0.00 0.00
0 0 0 0 0 0 0 0 0 0 0 0 0 0 0
1.00 -0.55 -0.64 -0.58 -0.47 -0.65 -0.50 -0.22 0.00 0.00 0.00 0.00 0.00 0.00 0.00
0 0 0 0 0 0 0 0 0 0 0 0 0 0 0
1.00 -0.60 -0.52 -0.27 -0.53 -0.42 -0.36 -0.12 0.00 0.00 0.00 0.00 0.00 0.00 0.00
0 0 0 0 0 0 0 0 0 0 0 0 0 0 0
1.00 -0.50 -0.46 -0.41 -0.34 -0.40 -0.33 -0.14 0.00 0.00 0.00 0.00 0.00 0.00 0.00
0 0 0 0 0 0 0 0 0 0 0 0 0 0 0
1.00 -0.64 -0.38 -0.32 -0.26 -0.23 -0.17 -0.04 0.00 0.00 0.00 0.00 0.00 0.00 0.00
0 0 0 0 0 0 0 0 0 0 0 0 0 0 0
1.00 -0.42 -0.40 -0.36 -0.26 -0.50 -0.29 -0.18 0.00 0.00 0.00 0.00 0.00 0.00 0.00
0 0 0 0 0 0 0 0 0 0 0 0 0 0 0
1.00 -0.29 -0.33 -0.28 -0.05 -0.23 -0.23 -0.12 0.00 0.00 0.00 0.00 0.00 0.00 0.00
0 0 0 0 0 0 0 0 0 0 0 0 0 0 0
1.00 -0.23 -0.09 -0.17 -0.15 -0.05 -0.08 -0.03 0.00 0.00 0.00 0.00 0.00 0.00 0.00
0 0 0 0 0 0 0 0 0 0 0 0 0 0 0
