1.00 0.27 -0.19 -0.22 0.19 -0.20 -0.45 -0.07 0.00 0.00 0.00 0.00 0.00 0.00 0.00
1.00 -0.51 -0.49 -0.51 -0.42 -0.56 -0.49 -0.17 0.00 0.00 0.00 0.00 0.00 0.00 0.00
1.00 -0.76 -0.63 -0.66 -0.52 -0.66 -0.56 -0.27 0.00 0.00 0.00 0.00 0.00 0.00 0.00
0 0 0 0 0 0 0 0 0 0 0 0 0 0 0
1.00 -0.83 -0.98 -1.05 -0.64 -0.92 -0.94 -0.31 0.00 0.00 0.00 0.00 0.00 0.00 0.00
0 0 0 0 0 0 0 0 0 0 0 0 0 0 0
1.00 -0.83 -0.98 -1.05 -0.64 -0.92 -0.94 -0.31 0.00 0.00 0.00 0.00 0.00 0.00 0.00
0 0 0 0 0 0 0 0 0 0 0 0 0 0 0
1.00 -1.35 -1.63 -1.27 -1.15 -1.52 -0.93 -0.59 0.00 0.00 0.00 0.00 0.00 0.00 0.00
0 0 0 0 0 0 0 0 0 0 0 0 0 0 0
1.00 -0.56 -0.65 -0.47 -0.55 -0.57 -0.46 -0.18 0.00 0.00 0.00 0.00 0.00 0.00 0.00
0 0 0 0 0 0 0 0 0 0 0 0 0 0 0
1.00 -0.63 -0.65 -0.37 -0.32 -0.46 -0.34 -0.24 0.00 0.00 0.00 0.00 0.00 0.00 0.00
0 0 0 0 0 0 0 0 0 0 0 0 0 0 0
1.00 -0.37 -0.42 -0.46 -0.25 -0.45 -0.37 -0.18 0.00 0.00 0.00 0.00 0.00 0.00 0.00
0 0 0 0 0 0 0 0 0 0 0 0 0 0 0
1.00 -0.42 -0.38 -0.29 -0.41 -0.21 -0.09 -0.16 0.00 0.00 0.00 0.00 0.00 0.00 0.00
0 0 0 0 0 0 0 0 0 0 0 0 0 0 0
1.00 -0.27 -0.17 -0.15 -0.15 -0.10 -0.11 -0.07 0.00 0.00 0.00 0.00 0.00 0.00 0.00
0 0 0 0 0 0 0 0 0 0 0 0 0 0 0
1.00 -0.29 -0.16 -0.12 -0.12 -0.07 -0.13 -0.00 0.00 0.00 0.00 0.00 0.00 0.00 0.00
0 0 0 0 0 0 0 0 0 0 0 0 0 0 0
1.00 -0.25 -0.19 -0.12 -0.28 -0.24 -0.05 -0.06 0.00 0.00 0.00 0.00 0.00 0.00 0.00
0 0 0 0 0 0 0 0 0 0 0 0 0 0 0
