1.00 1.40 2.64 3.08 0.56 2.99 3.16 1.00 0.00 0.00 0.00 0.00 0.00 0.00 0.00
1.00 3.24 3.42 3.38 4.06 5.48 3.80 1.72 0.00 0.00 0.00 0.00 0.00 0.00 0.00
1.00 3.54 3.40 2.87 5.23 5.64 3.47 1.78 0.00 0.00 0.00 0.00 0.00 0.00 0.00
0 0 0 0 0 0 0 0 0 0 0 0 0 0 0
1.00 2.66 2.09 1.55 3.77 3.49 1.72 1.18 0.00 0.00 0.00 0.00 0.00 0.00 0.00
0 0 0 0 0 0 0 0 0 0 0 0 0 0 0
1.00 2.66 2.09 1.55 3.77 3.49 1.72 1.18 0.00 0.00 0.00 0.00 0.00 0.00 0.00
0 0 0 0 0 0 0 0 0 0 0 0 0 0 0
1.00 0.71 -0.09 -0.83 0.36 -1.07 -1.36 -0.07 0.00 0.00 0.00 0.00 0.00 0.00 0.00
0 0 0 0 0 0 0 0 0 0 0 0 0 0 0
1.00 2.15 1.44 0.38 1.59 0.35 -0.49 0.44 0.00 0.00 0.00 0.00 0.00 0.00 0.00
0 0 0 0 0 0 0 0 0 0 0 0 0 0 0
1.00 -0.76 -1.45 -2.09 -2.62 -3.95 -2.95 -1.00 0.00 0.00 0.00 0.00 0.00 0.00 0.00
0 0 0 0 0 0 0 0 0 0 0 0 0 0 0
1.00 -3.02 -3.36 -3.23 -4.87 -5.44 -3.34 -1.69 0.00 0.00 0.00 0.00 0.00 0.00 0.00
0 0 0 0 0 0 0 0 0 0 0 0 0 0 0
1.00 -3.38 -3.18 -2.73 -4.41 -4.38 -2.82 -1.50 0.00 0.00 0.00 0.00 0.00 0.00 0.00
0 0 0 0 0 0 0 0 0 0 0 0 0 0 0
1.00 -3.00 -2.87 -2.44 -3.23 -3.39 -2.32 -1.29 0.00 0.00 0.00 0.00 0.00 0.00 0.00
0 0 0 0 0 0 0 0 0 0 0 0 0 0 0
1.00 -2.76 -2.48 -2.04 -2.35 -2.62 -1.79 -1.04 0.00 0.00 0.00 0.00 0.00 0.00 0.00
0 0 0 0 0 0 0 0 0 0 0 0 0 0 0
1.00 -1.34 -1.17 -1.12 -1.17 -1.33 -1.04 -0.48 0.00 0.00 0.00 0.00 0.00 0.00 0.00
0 0 0 0 0 0 0 0 0 0 0 0 0 0 0
