1.00 -1.31 0.48 1.45 -2.94 -0.88 1.31 -0.27 0.00 0.00 0.00 0.00 0.00 0.00 0.00
1.00 2.24 3.07 3.14 1.79 3.82 3.22 1.29 0.00 0.00 0.00 0.00 0.00 0.00 0.00
1.00 3.29 3.31 3.05 4.35 5.42 3.55 1.71 0.00 0.00 0.00 0.00 0.00 0.00 0.00
0 0 0 0 0 0 0 0 0 0 0 0 0 0 0
1.00 3.30 3.06 2.44 5.38 5.49 3.02 1.69 0.00 0.00 0.00 0.00 0.00 0.00 0.00
0 0 0 0 0 0 0 0 0 0 0 0 0 0 0
1.00 3.30 3.06 2.44 5.38 5.49 3.02 1.69 0.00 0.00 0.00 0.00 0.00 0.00 0.00
0 0 0 0 0 0 0 0 0 0 0 0 0 0 0
1.00 2.65 1.84 1.25 4.25 3.48 1.45 1.14 0.00 0.00 0.00 0.00 0.00 0.00 0.00
0 0 0 0 0 0 0 0 0 0 0 0 0 0 0
1.00 4.22 3.80 2.95 6.12 5.54 2.86 2.01 0.00 0.00 0.00 0.00 0.00 0.00 0.00
0 0 0 0 0 0 0 0 0 0 0 0 0 0 0
1.00 1.74 0.92 -0.21 1.04 -0.52 -1.20 0.24 0.00 0.00 0.00 0.00 0.00 0.00 0.00
0 0 0 0 0 0 0 0 0 0 0 0 0 0 0
1.00 -1.97 -2.89 -3.49 -4.37 -6.40 -4.42 -1.74 0.00 0.00 0.00 0.00 0.00 0.00 0.00
0 0 0 0 0 0 0 0 0 0 0 0 0 0 0
1.00 -5.11 -5.36 -4.63 -7.39 -7.92 -4.84 -2.58 0.00 0.00 0.00 0.00 0.00 0.00 0.00
0 0 0 0 0 0 0 0 0 0 0 0 0 0 0
1.00 -5.41 -5.07 -4.33 -6.69 -6.91 -4.45 -2.48 0.00 0.00 0.00 0.00 0.00 0.00 0.00
0 0 0 0 0 0 0 0 0 0 0 0 0 0 0
1.00 -2.61 -2.48 -2.01 -3.06 -3.31 -2.15 -1.17 0.00 0.00 0.00 0.00 0.00 0.00 0.00
0 0 0 0 0 0 0 0 0 0 0 0 0 0 0
1.00 -1.91 -1.85 -1.53 -2.09 -2.35 -1.61 -0.87 0.00 0.00 0.00 0.00 0.00 0.00 0.00
0 0 0 0 0 0 0 0 0 0 0 0 0 0 0
