1.00 0.86 1.22 1.28 1.23 1.95 1.36 0.51 0.00 0.00 0.00 0.00 0.00 0.00 0.00
1.00 1.39 1.56 1.32 2.05 2.41 1.26 0.74 0.00 0.00 0.00 0.00 0.00 0.00 0.00
1.00 0.99 0.98 0.60 1.37 1.32 0.66 0.48 0.00 0.00 0.00 0.00 0.00 0.00 0.00
0 0 0 0 0 0 0 0 0 0 0 0 0 0 0
1.00 0.45 0.25 0.07 0.32 0.26 0.12 0.03 0.00 0.00 0.00 0.00 0.00 0.00 0.00
0 0 0 0 0 0 0 0 0 0 0 0 0 0 0
1.00 0.45 0.25 0.07 0.32 0.26 0.12 0.03 0.00 0.00 0.00 0.00 0.00 0.00 0.00
0 0 0 0 0 0 0 0 0 0 0 0 0 0 0
1.00 -0.24 -0.49 -0.52 -0.52 -0.97 -0.61 -0.21 0.00 0.00 0.00 0.00 0.00 0.00 0.00
0 0 0 0 0 0 0 0 0 0 0 0 0 0 0
1.00 -0.07 0.16 0.18 -0.07 0.05 0.05 0.04 0.00 0.00 0.00 0.00 0.00 0.00 0.00
0 0 0 0 0 0 0 0 0 0 0 0 0 0 0
1.00 -0.37 -0.36 -0.40 -0.40 -0.55 -0.41 -0.09 0.00 0.00 0.00 0.00 0.00 0.00 0.00
0 0 0 0 0 0 0 0 0 0 0 0 0 0 0
1.00 -0.59 -0.81 -0.77 -0.97 -1.12 -0.79 -0.37 0.00 0.00 0.00 0.00 0.00 0.00 0.00
0 0 0 0 0 0 0 0 0 0 0 0 0 0 0
1.00 -0.92 -0.98 -0.86 -1.13 -1.40 -0.86 -0.48 0.00 0.00 0.00 0.00 0.00 0.00 0.00
0 0 0 0 0 0 0 0 0 0 0 0 0 0 0
1.00 -1.00 -1.16 -1.07 -1.30 -1.60 -1.07 -0.51 0.00 0.00 0.00 0.00 0.00 0.00 0.00
0 0 0 0 0 0 0 0 0 0 0 0 0 0 0
1.00 -0.46 -0.62 -0.45 -0.53 -0.75 -0.44 -0.21 0.00 0.00 0.00 0.00 0.00 0.00 0.00
0 0 0 0 0 0 0 0 0 0 0 0 0 0 0
1.00 -0.49 -0.53 -0.34 -0.61 -0.77 -0.41 -0.24 0.00 0.00 0.00 0.00 0.00 0.00 0.00
0 0 0 0 0 0 0 0 0 0 0 0 0 0 0
