1.00 1.05 0.80 0.49 1.03 0.94 0.35 0.38 0.00 0.00 0.00 0.00 0.00 0.00 0.00
1.00 1.51 1.20 0.70 1.40 1.23 0.36 0.47 0.00 0.00 0.00 0.00 0.00 0.00 0.00
1.00 0.26 -0.36 -0.58 0.23 -0.39 -0.51 -0.12 0.00 0.00 0.00 0.00 0.00 0.00 0.00
0 0 0 0 0 0 0 0 0 0 0 0 0 0 0
1.00 -0.92 -1.26 -1.16 -0.85 -1.23 -0.95 -0.44 0.00 0.00 0.00 0.00 0.00 0.00 0.00
0 0 0 0 0 0 0 0 0 0 0 0 0 0 0
1.00 -0.92 -1.26 -1.16 -0.85 -1.23 -0.95 -0.44 0.00 0.00 0.00 0.00 0.00 0.00 0.00
0 0 0 0 0 0 0 0 0 0 0 0 0 0 0
1.00 -1.50 -1.29 -1.15 -1.34 -1.38 -0.90 -0.55 0.00 0.00 0.00 0.00 0.00 0.00 0.00
0 0 0 0 0 0 0 0 0 0 0 0 0 0 0
1.00 -1.44 -1.39 -1.11 -1.22 -1.35 -0.94 -0.49 0.00 0.00 0.00 0.00 0.00 0.00 0.00
0 0 0 0 0 0 0 0 0 0 0 0 0 0 0
1.00 -0.63 -0.64 -0.66 -0.42 -0.60 -0.42 -0.21 0.00 0.00 0.00 0.00 0.00 0.00 0.00
0 0 0 0 0 0 0 0 0 0 0 0 0 0 0
1.00 -0.54 -0.58 -0.51 -0.51 -0.61 -0.29 -0.23 0.00 0.00 0.00 0.00 0.00 0.00 0.00
0 0 0 0 0 0 0 0 0 0 0 0 0 0 0
1.00 -0.60 -0.53 -0.46 -0.43 -0.46 -0.39 -0.18 0.00 0.00 0.00 0.00 0.00 0.00 0.00
0 0 0 0 0 0 0 0 0 0 0 0 0 0 0
1.00 -0.52 -0.55 -0.40 -0.50 -0.44 -0.34 -0.18 0.00 0.00 0.00 0.00 0.00 0.00 0.00
0 0 0 0 0 0 0 0 0 0 0 0 0 0 0
1.00 -0.34 -0.36 -0.28 -0.45 -0.39 -0.22 -0.20 0.00 0.00 0.00 0.00 0.00 0.00 0.00
0 0 0 0 0 0 0 0 0 0 0 0 0 0 0
1.00 -0.21 -0.23 -0.21 -0.17 -0.08 -0.20 -0.09 0.00 0.00 0.00 0.00 0.00 0.00 0.00
0 0 0 0 0 0 0 0 0 0 0 0 0 0 0
