1.00 0.23 1.41 2.14 -0.85 0.95 1.97 0.36 0.00 0.00 0.00 0.00 0.00 0.00 0.00
1.00 2.54 2.99 3.05 2.49 3.93 3.20 1.32 0.00 0.00 0.00 0.00 0.00 0.00 0.00
1.00 3.22 3.27 3.04 4.37 5.21 3.32 1.64 0.00 0.00 0.00 0.00 0.00 0.00 0.00
0 0 0 0 0 0 0 0 0 0 0 0 0 0 0
1.00 2.86 2.64 2.19 4.32 4.21 2.39 1.40 0.00 0.00 0.00 0.00 0.00 0.00 0.00
0 0 0 0 0 0 0 0 0 0 0 0 0 0 0
1.00 2.86 2.64 2.19 4.32 4.21 2.39 1.40 0.00 0.00 0.00 0.00 0.00 0.00 0.00
0 0 0 0 0 0 0 0 0 0 0 0 0 0 0
1.00 1.74 0.86 0.02 2.12 1.06 -0.06 0.51 0.00 0.00 0.00 0.00 0.00 0.00 0.00
0 0 0 0 0 0 0 0 0 0 0 0 0 0 0
1.00 2.70 2.17 1.36 2.93 2.11 0.83 0.93 0.00 0.00 0.00 0.00 0.00 0.00 0.00
0 0 0 0 0 0 0 0 0 0 0 0 0 0 0
1.00 -0.11 -0.52 -1.10 -1.26 -2.43 -1.87 -0.54 0.00 0.00 0.00 0.00 0.00 0.00 0.00
0 0 0 0 0 0 0 0 0 0 0 0 0 0 0
1.00 -2.38 -2.73 -3.09 -4.14 -5.28 -3.64 -1.58 0.00 0.00 0.00 0.00 0.00 0.00 0.00
0 0 0 0 0 0 0 0 0 0 0 0 0 0 0
1.00 -4.15 -4.47 -3.94 -5.57 -5.99 -3.76 -2.02 0.00 0.00 0.00 0.00 0.00 0.00 0.00
0 0 0 0 0 0 0 0 0 0 0 0 0 0 0
1.00 -4.56 -4.32 -3.64 -4.82 -5.07 -3.40 -1.88 0.00 0.00 0.00 0.00 0.00 0.00 0.00
0 0 0 0 0 0 0 0 0 0 0 0 0 0 0
1.00 -2.11 -2.07 -1.67 -2.34 -2.31 -1.62 -0.87 0.00 0.00 0.00 0.00 0.00 0.00 0.00
0 0 0 0 0 0 0 0 0 0 0 0 0 0 0
1.00 -1.67 -1.61 -1.40 -1.64 -1.55 -1.27 -0.66 0.00 0.00 0.00 0.00 0.00 0.00 0.00
0 0 0 0 0 0 0 0 0 0 0 0 0 0 0
