1.00 1.62 1.59 1.50 1.62 1.83 1.38 0.67 0.00 0.00 0.00 0.00 0.00 0.00 0.00
1.00 1.80 1.80 1.68 1.75 2.08 1.38 0.82 0.00 0.00 0.00 0.00 0.00 0.00 0.00
1.00 1.59 1.10 0.63 1.66 1.25 0.46 0.55 0.00 0.00 0.00 0.00 0.00 0.00 0.00
0 0 0 0 0 0 0 0 0 0 0 0 0 0 0
1.00 -0.01 -0.45 -0.80 0.22 -0.45 -0.84 -0.17 0.00 0.00 0.00 0.00 0.00 0.00 0.00
0 0 0 0 0 0 0 0 0 0 0 0 0 0 0
1.00 -0.01 -0.45 -0.80 0.22 -0.45 -0.84 -0.17 0.00 0.00 0.00 0.00 0.00 0.00 0.00
0 0 0 0 0 0 0 0 0 0 0 0 0 0 0
1.00 -1.88 -2.12 -1.80 -1.44 -1.82 -1.47 -0.71 0.00 0.00 0.00 0.00 0.00 0.00 0.00
0 0 0 0 0 0 0 0 0 0 0 0 0 0 0
1.00 -0.72 -0.83 -0.91 -0.60 -0.80 -0.62 -0.28 0.00 0.00 0.00 0.00 0.00 0.00 0.00
0 0 0 0 0 0 0 0 0 0 0 0 0 0 0
1.00 -0.75 -0.75 -0.73 -0.46 -0.78 -0.56 -0.32 0.00 0.00 0.00 0.00 0.00 0.00 0.00
0 0 0 0 0 0 0 0 0 0 0 0 0 0 0
1.00 -0.68 -0.68 -0.66 -0.42 -0.72 -0.50 -0.29 0.00 0.00 0.00 0.00 0.00 0.00 0.00
0 0 0 0 0 0 0 0 0 0 0 0 0 0 0
1.00 -0.78 -0.69 -0.60 -0.66 -0.68 -0.49 -0.24 0.00 0.00 0.00 0.00 0.00 0.00 0.00
0 0 0 0 0 0 0 0 0 0 0 0 0 0 0
1.00 -0.78 -0.81 -0.50 -0.71 -0.53 -0.40 -0.26 0.00 0.00 0.00 0.00 0.00 0.00 0.00
0 0 0 0 0 0 0 0 0 0 0 0 0 0 0
1.00 -0.34 -0.26 -0.40 -0.18 -0.25 -0.28 -0.09 0.00 0.00 0.00 0.00 0.00 0.00 0.00
0 0 0 0 0 0 0 0 0 0 0 0 0 0 0
1.00 -0.18 -0.28 -0.24 -0.11 -0.19 -0.14 -0.06 0.00 0.00 0.00 0.00 0.00 0.00 0.00
0 0 0 0 0 0 0 0 0 0 0 0 0 0 0
