1.00 1.65 2.67 2.98 0.59 2.97 3.14 1.00 0.00 0.00 0.00 0.00 0.00 0.00 0.00
1.00 3.10 3.53 3.50 3.74 5.21 3.94 1.75 0.00 0.00 0.00 0.00 0.00 0.00 0.00
1.00 3.57 3.49 3.37 5.51 6.17 3.74 1.90 0.00 0.00 0.00 0.00 0.00 0.00 0.00
0 0 0 0 0 0 0 0 0 0 0 0 0 0 0
1.00 2.92 2.71 2.45 5.05 5.56 3.09 1.59 0.00 0.00 0.00 0.00 0.00 0.00 0.00
0 0 0 0 0 0 0 0 0 0 0 0 0 0 0
1.00 2.92 2.71 2.45 5.05 5.56 3.09 1.59 0.00 0.00 0.00 0.00 0.00 0.00 0.00
0 0 0 0 0 0 0 0 0 0 0 0 0 0 0
1.00 1.91 1.43 0.90 3.32 2.80 1.22 0.90 0.00 0.00 0.00 0.00 0.00 0.00 0.00
0 0 0 0 0 0 0 0 0 0 0 0 0 0 0
1.00 -0.39 -1.22 -1.94 -1.01 -2.81 -2.65 -0.63 0.00 0.00 0.00 0.00 0.00 0.00 0.00
0 0 0 0 0 0 0 0 0 0 0 0 0 0 0
1.00 -2.81 -4.07 -4.82 -6.20 -8.60 -5.93 -2.34 0.00 0.00 0.00 0.00 0.00 0.00 0.00
0 0 0 0 0 0 0 0 0 0 0 0 0 0 0
1.00 -6.25 -6.46 -5.75 -9.35 -9.84 -6.11 -3.21 0.00 0.00 0.00 0.00 0.00 0.00 0.00
0 0 0 0 0 0 0 0 0 0 0 0 0 0 0
1.00 -6.18 -6.10 -5.39 -8.14 -8.77 -5.58 -2.95 0.00 0.00 0.00 0.00 0.00 0.00 0.00
0 0 0 0 0 0 0 0 0 0 0 0 0 0 0
1.00 -2.86 -2.93 -2.47 -3.88 -4.05 -2.64 -1.40 0.00 0.00 0.00 0.00 0.00 0.00 0.00
0 0 0 0 0 0 0 0 0 0 0 0 0 0 0
1.00 -2.49 -2.53 -2.09 -3.38 -3.47 -2.25 -1.21 0.00 0.00 0.00 0.00 0.00 0.00 0.00
0 0 0 0 0 0 0 0 0 0 0 0 0 0 0
1.00 -1.73 -1.64 -1.62 -2.03 -2.31 -1.62 -0.74 0.00 0.00 0.00 0.00 0.00 0.00 0.00
0 0 0 0 0 0 0 0 0 0 0 0 0 0 0
