1.00 1.68 1.81 1.56 1.52 1.88 1.28 0.73 0.00 0.00 0.00 0.00 0.00 0.00 0.00
1.00 1.51 1.27 0.80 1.47 1.32 0.64 0.56 0.00 0.00 0.00 0.00 0.00 0.00 0.00
1.00 0.35 -0.20 -0.39 0.30 -0.24 -0.39 -0.00 0.00 0.00 0.00 0.00 0.00 0.00 0.00
0 0 0 0 0 0 0 0 0 0 0 0 0 0 0
1.00 -0.88 -0.95 -0.79 -0.63 -0.69 -0.61 -0.29 0.00 0.00 0.00 0.00 0.00 0.00 0.00
0 0 0 0 0 0 0 0 0 0 0 0 0 0 0
1.00 -0.88 -0.95 -0.79 -0.63 -0.69 -0.61 -0.29 0.00 0.00 0.00 0.00 0.00 0.00 0.00
0 0 0 0 0 0 0 0 0 0 0 0 0 0 0
1.00 -0.91 -0.93 -0.74 -0.82 -0.91 -0.57 -0.34 0.00 0.00 0.00 0.00 0.00 0.00 0.00
0 0 0 0 0 0 0 0 0 0 0 0 0 0 0
1.00 -0.97 -1.00 -0.85 -0.73 -1.03 -0.73 -0.39 0.00 0.00 0.00 0.00 0.00 0.00 0.00
0 0 0 0 0 0 0 0 0 0 0 0 0 0 0
1.00 -0.29 -0.48 -0.49 -0.27 -0.25 -0.32 -0.10 0.00 0.00 0.00 0.00 0.00 0.00 0.00
0 0 0 0 0 0 0 0 0 0 0 0 0 0 0
1.00 -0.47 -0.53 -0.33 -0.34 -0.57 -0.42 -0.17 0.00 0.00 0.00 0.00 0.00 0.00 0.00
0 0 0 0 0 0 0 0 0 0 0 0 0 0 0
1.00 -0.40 -0.47 -0.37 -0.32 -0.35 -0.37 -0.16 0.00 0.00 0.00 0.00 0.00 0.00 0.00
0 0 0 0 0 0 0 0 0 0 0 0 0 0 0
1.00 -0.27 -0.28 -0.28 -0.26 -0.37 -0.22 -0.18 0.00 0.00 0.00 0.00 0.00 0.00 0.00
0 0 0 0 0 0 0 0 0 0 0 0 0 0 0
1.00 -0.37 -0.24 -0.15 -0.23 -0.21 -0.13 -0.12 0.00 0.00 0.00 0.00 0.00 0.00 0.00
0 0 0 0 0 0 0 0 0 0 0 0 0 0 0
1.00 -0.23 -0.11 -0.06 -0.18 -0.15 -0.07 -0.09 0.00 0.00 0.00 0.00 0.00 0.00 0.00
0 0 0 0 0 0 0 0 0 0 0 0 0 0 0
