1.00 1.33 2.84 3.46 0.52 2.92 3.46 1.01 0.00 0.00 0.00 0.00 0.00 0.00 0.00
1.00 4.05 4.31 4.03 4.66 6.16 4.39 2.03 0.00 0.00 0.00 0.00 0.00 0.00 0.00
1.00 4.55 4.40 4.05 6.59 7.17 4.55 2.30 0.00 0.00 0.00 0.00 0.00 0.00 0.00
0 0 0 0 0 0 0 0 0 0 0 0 0 0 0
1.00 4.17 4.61 4.72 6.58 8.15 5.61 2.45 0.00 0.00 0.00 0.00 0.00 0.00 0.00
0 0 0 0 0 0 0 0 0 0 0 0 0 0 0
1.00 4.17 4.61 4.72 6.58 8.15 5.61 2.45 0.00 0.00 0.00 0.00 0.00 0.00 0.00
0 0 0 0 0 0 0 0 0 0 0 0 0 0 0
1.00 4.17 4.24 3.81 6.69 7.27 4.46 2.26 0.00 0.00 0.00 0.00 0.00 0.00 0.00
0 0 0 0 0 0 0 0 0 0 0 0 0 0 0
1.00 2.93 2.60 2.22 4.36 3.95 2.12 1.35 0.00 0.00 0.00 0.00 0.00 0.00 0.00
0 0 0 0 0 0 0 0 0 0 0 0 0 0 0
1.00 0.61 0.03 -0.55 -0.10 -1.17 -1.22 -0.10 0.00 0.00 0.00 0.00 0.00 0.00 0.00
0 0 0 0 0 0 0 0 0 0 0 0 0 0 0
1.00 -2.73 -3.35 -3.66 -5.08 -6.74 -4.74 -1.93 0.00 0.00 0.00 0.00 0.00 0.00 0.00
0 0 0 0 0 0 0 0 0 0 0 0 0 0 0
1.00 -5.90 -6.31 -6.01 -8.50 -9.68 -6.31 -3.14 0.00 0.00 0.00 0.00 0.00 0.00 0.00
0 0 0 0 0 0 0 0 0 0 0 0 0 0 0
1.00 -4.04 -3.78 -3.33 -5.09 -5.45 -3.36 -1.87 0.00 0.00 0.00 0.00 0.00 0.00 0.00
0 0 0 0 0 0 0 0 0 0 0 0 0 0 0
1.00 -3.38 -3.05 -2.65 -3.89 -3.90 -2.59 -1.46 0.00 0.00 0.00 0.00 0.00 0.00 0.00
0 0 0 0 0 0 0 0 0 0 0 0 0 0 0
1.00 -2.76 -2.68 -2.13 -2.84 -2.91 -2.00 -1.18 0.00 0.00 0.00 0.00 0.00 0.00 0.00
0 0 0 0 0 0 0 0 0 0 0 0 0 0 0
