1.00 0.87 0.76 0.45 0.84 0.70 0.05 0.32 0.00 0.00 0.00 0.00 0.00 0.00 0.00
1.00 0.12 -0.46 -0.59 -0.03 -0.46 -0.53 -0.13 0.00 0.00 0.00 0.00 0.00 0.00 0.00
1.00 -0.79 -0.81 -0.67 -0.66 -0.80 -0.44 -0.29 0.00 0.00 0.00 0.00 0.00 0.00 0.00
0 0 0 0 0 0 0 0 0 0 0 0 0 0 0
1.00 -0.76 -0.77 -0.63 -0.63 -0.76 -0.42 -0.27 0.00 0.00 0.00 0.00 0.00 0.00 0.00
0 0 0 0 0 0 0 0 0 0 0 0 0 0 0
1.00 -0.76 -0.77 -0.63 -0.63 -0.76 -0.42 -0.27 0.00 0.00 0.00 0.00 0.00 0.00 0.00
0 0 0 0 0 0 0 0 0 0 0 0 0 0 0
1.00 -0.71 -0.81 -0.74 -0.54 -0.87 -0.47 -0.31 0.00 0.00 0.00 0.00 0.00 0.00 0.00
0 0 0 0 0 0 0 0 0 0 0 0 0 0 0
1.00 -0.81 -0.63 -0.43 -0.55 -0.43 -0.42 -0.24 0.00 0.00 0.00 0.00 0.00 0.00 0.00
0 0 0 0 0 0 0 0 0 0 0 0 0 0 0
1.00 -0.36 -0.46 -0.31 -0.27 -0.30 -0.19 -0.10 0.00 0.00 0.00 0.00 0.00 0.00 0.00
0 0 0 0 0 0 0 0 0 0 0 0 0 0 0
1.00 -0.20 -0.25 -0.25 -0.28 -0.39 -0.22 -0.14 0.00 0.00 0.00 0.00 0.00 0.00 0.00
0 0 0 0 0 0 0 0 0 0 0 0 0 0 0
1.00 -0.29 -0.33 -0.21 -0.29 -0.35 -0.19 -0.12 0.00 0.00 0.00 0.00 0.00 0.00 0.00
0 0 0 0 0 0 0 0 0 0 0 0 0 0 0
1.00 -0.30 -0.11 -0.15 -0.20 -0.05 -0.22 -0.11 0.00 0.00 0.00 0.00 0.00 0.00 0.00
0 0 0 0 0 0 0 0 0 0 0 0 0 0 0
1.00 -0.15 0.04 -0.01 -0.05 -0.02 -0.08 0.01 0.00 0.00 0.00 0.00 0.00 0.00 0.00
0 0 0 0 0 0 0 0 0 0 0 0 0 0 0
1.00 0.13 -0.00 0.10 -0.04 -0.08 0.13 -0.01 0.00 0.00 0.00 0.00 0.00 0.00 0.00
0 0 0 0 0 0 0 0 0 0 0 0 0 0 0
