1.00 -1.25 -1.80 -2.05 -1.28 -2.34 -2.40 -0.78 0.00 0.00 0.00 0.00 0.00 0.00 0.00
1.00 -1.61 -2.27 -2.07 -1.74 -2.95 -2.16 -0.99 0.00 0.00 0.00 0.00 0.00 0.00 0.00
1.00 -1.17 -0.59 0.26 -1.63 -1.37 0.24 -0.44 0.00 0.00 0.00 0.00 0.00 0.00 0.00
0 0 0 0 0 0 0 0 0 0 0 0 0 0 0
1.00 1.34 2.72 3.28 1.13 3.17 3.45 1.07 0.00 0.00 0.00 0.00 0.00 0.00 0.00
0 0 0 0 0 0 0 0 0 0 0 0 0 0 0
1.00 1.34 2.72 3.28 1.13 3.17 3.45 1.07 0.00 0.00 0.00 0.00 0.00 0.00 0.00
0 0 0 0 0 0 0 0 0 0 0 0 0 0 0
1.00 4.70 4.97 4.46 5.63 7.31 4.94 2.45 0.00 0.00 0.00 0.00 0.00 0.00 0.00
0 0 0 0 0 0 0 0 0 0 0 0 0 0 0
1.00 3.37 3.82 3.63 5.12 6.45 4.42 2.00 0.00 0.00 0.00 0.00 0.00 0.00 0.00
0 0 0 0 0 0 0 0 0 0 0 0 0 0 0
1.00 3.44 3.50 3.20 5.40 6.24 3.71 1.90 0.00 0.00 0.00 0.00 0.00 0.00 0.00
0 0 0 0 0 0 0 0 0 0 0 0 0 0 0
1.00 2.53 2.25 1.96 3.91 3.98 2.24 1.30 0.00 0.00 0.00 0.00 0.00 0.00 0.00
0 0 0 0 0 0 0 0 0 0 0 0 0 0 0
1.00 0.89 0.16 -0.50 0.83 -0.37 -0.88 0.00 0.00 0.00 0.00 0.00 0.00 0.00 0.00
0 0 0 0 0 0 0 0 0 0 0 0 0 0 0
1.00 -2.24 -3.13 -3.83 -4.37 -6.48 -4.97 -1.80 0.00 0.00 0.00 0.00 0.00 0.00 0.00
0 0 0 0 0 0 0 0 0 0 0 0 0 0 0
1.00 -3.73 -4.00 -3.62 -5.61 -6.13 -3.71 -2.01 0.00 0.00 0.00 0.00 0.00 0.00 0.00
0 0 0 0 0 0 0 0 0 0 0 0 0 0 0
1.00 -3.51 -3.74 -3.37 -5.28 -5.72 -3.42 -1.88 0.00 0.00 0.00 0.00 0.00 0.00 0.00
0 0 0 0 0 0 0 0 0 0 0 0 0 0 0
