1.00 0.10 -0.04 -0.08 0.13 0.01 -0.10 0.05 0.00 0.00 0.00 0.00 0.00 0.00 0.00
1.00 -0.32 -0.32 -0.25 -0.35 -0.73 -0.44 -0.20 0.00 0.00 0.00 0.00 0.00 0.00 0.00
1.00 -0.49 -0.56 -0.32 -0.61 -0.84 -0.51 -0.20 0.00 0.00 0.00 0.00 0.00 0.00 0.00
0 0 0 0 0 0 0 0 0 0 0 0 0 0 0
1.00 -0.59 -0.84 -0.68 -0.84 -1.15 -0.77 -0.35 0.00 0.00 0.00 0.00 0.00 0.00 0.00
0 0 0 0 0 0 0 0 0 0 0 0 0 0 0
1.00 -0.59 -0.84 -0.68 -0.84 -1.15 -0.77 -0.35 0.00 0.00 0.00 0.00 0.00 0.00 0.00
0 0 0 0 0 0 0 0 0 0 0 0 0 0 0
1.00 -0.80 -0.97 -1.04 -1.09 -1.25 -0.96 -0.40 0.00 0.00 0.00 0.00 0.00 0.00 0.00
0 0 0 0 0 0 0 0 0 0 0 0 0 0 0
1.00 -0.29 -0.36 -0.22 -0.33 -0.54 -0.25 -0.18 0.00 0.00 0.00 0.00 0.00 0.00 0.00
0 0 0 0 0 0 0 0 0 0 0 0 0 0 0
1.00 -0.27 -0.39 -0.43 -0.38 -0.55 -0.42 -0.14 0.00 0.00 0.00 0.00 0.00 0.00 0.00
0 0 0 0 0 0 0 0 0 0 0 0 0 0 0
1.00 -0.18 -0.30 -0.46 -0.52 -0.31 -0.35 -0.07 0.00 0.00 0.00 0.00 0.00 0.00 0.00
0 0 0 0 0 0 0 0 0 0 0 0 0 0 0
1.00 -0.23 -0.29 -0.30 -0.34 -0.50 -0.29 -0.14 0.00 0.00 0.00 0.00 0.00 0.00 0.00
0 0 0 0 0 0 0 0 0 0 0 0 0 0 0
1.00 -0.21 -0.28 -0.33 -0.27 -0.27 -0.22 -0.07 0.00 0.00 0.00 0.00 0.00 0.00 0.00
0 0 0 0 0 0 0 0 0 0 0 0 0 0 0
1.00 -0.13 -0.34 -0.33 -0.15 -0.36 -0.23 -0.11 0.00 0.00 0.00 0.00 0.00 0.00 0.00
0 0 0 0 0 0 0 0 0 0 0 0 0 0 0
1.00 -0.21 -0.20 -0.22 -0.10 -0.27 -0.26 -0.13 0.00 0.00 0.00 0.00 0.00 0.00 0.00
0 0 0 0 0 0 0 0 0 0 0 0 0 0 0
