1.00 0.58 0.42 0.26 0.63 0.47 0.28 0.16 0.00 0.00 0.00 0.00 0.00 0.00 0.00
1.00 -0.10 -0.06 -0.07 -0.13 -0.09 -0.00 -0.00 0.00 0.00 0.00 0.00 0.00 0.00 0.00
1.00 -0.43 -0.33 -0.23 -0.60 -0.59 -0.26 -0.19 0.00 0.00 0.00 0.00 0.00 0.00 0.00
0 0 0 0 0 0 0 0 0 0 0 0 0 0 0
1.00 -0.40 -0.55 -0.52 -0.64 -0.88 -0.60 -0.27 0.00 0.00 0.00 0.00 0.00 0.00 0.00
0 0 0 0 0 0 0 0 0 0 0 0 0 0 0
1.00 -0.40 -0.55 -0.52 -0.64 -0.88 -0.60 -0.27 0.00 0.00 0.00 0.00 0.00 0.00 0.00
0 0 0 0 0 0 0 0 0 0 0 0 0 0 0
1.00 -0.68 -0.93 -0.70 -1.05 -1.37 -0.85 -0.36 0.00 0.00 0.00 0.00 0.00 0.00 0.00
0 0 0 0 0 0 0 0 0 0 0 0 0 0 0
1.00 -0.21 -0.35 -0.41 -0.47 -0.63 -0.41 -0.17 0.00 0.00 0.00 0.00 0.00 0.00 0.00
0 0 0 0 0 0 0 0 0 0 0 0 0 0 0
1.00 -0.36 -0.38 -0.39 -0.47 -0.54 -0.53 -0.18 0.00 0.00 0.00 0.00 0.00 0.00 0.00
0 0 0 0 0 0 0 0 0 0 0 0 0 0 0
1.00 -0.37 -0.42 -0.40 -0.63 -0.64 -0.45 -0.20 0.00 0.00 0.00 0.00 0.00 0.00 0.00
0 0 0 0 0 0 0 0 0 0 0 0 0 0 0
1.00 -0.40 -0.57 -0.43 -0.49 -0.73 -0.40 -0.20 0.00 0.00 0.00 0.00 0.00 0.00 0.00
0 0 0 0 0 0 0 0 0 0 0 0 0 0 0
1.00 -0.45 -0.33 -0.38 -0.45 -0.59 -0.24 -0.18 0.00 0.00 0.00 0.00 0.00 0.00 0.00
0 0 0 0 0 0 0 0 0 0 0 0 0 0 0
1.00 -0.08 -0.16 -0.29 -0.22 -0.14 -0.30 -0.07 0.00 0.00 0.00 0.00 0.00 0.00 0.00
0 0 0 0 0 0 0 0 0 0 0 0 0 0 0
1.00 -0.15 -0.24 -0.25 -0.15 -0.24 -0.21 -0.01 0.00 0.00 0.00 0.00 0.00 0.00 0.00
0 0 0 0 0 0 0 0 0 0 0 0 0 0 0
