1.00 -1.63 -2.13 -2.19 -1.82 -2.72 -2.37 -0.93 0.00 0.00 0.00 0.00 0.00 0.00 0.00
1.00 -1.76 -2.35 -2.35 -1.93 -3.08 -2.35 -1.09 0.00 0.00 0.00 0.00 0.00 0.00 0.00
1.00 -1.23 -0.23 0.77 -1.81 -1.15 0.61 -0.34 0.00 0.00 0.00 0.00 0.00 0.00 0.00
0 0 0 0 0 0 0 0 0 0 0 0 0 0 0
1.00 2.24 3.42 3.69 2.08 4.05 3.63 1.42 0.00 0.00 0.00 0.00 0.00 0.00 0.00
0 0 0 0 0 0 0 0 0 0 0 0 0 0 0
1.00 2.24 3.42 3.69 2.08 4.05 3.63 1.42 0.00 0.00 0.00 0.00 0.00 0.00 0.00
0 0 0 0 0 0 0 0 0 0 0 0 0 0 0
1.00 5.00 5.09 4.57 6.36 7.63 5.05 2.48 0.00 0.00 0.00 0.00 0.00 0.00 0.00
0 0 0 0 0 0 0 0 0 0 0 0 0 0 0
1.00 5.30 5.40 5.18 7.99 9.31 5.86 2.85 0.00 0.00 0.00 0.00 0.00 0.00 0.00
0 0 0 0 0 0 0 0 0 0 0 0 0 0 0
1.00 5.25 5.26 4.82 8.22 9.14 5.49 2.75 0.00 0.00 0.00 0.00 0.00 0.00 0.00
0 0 0 0 0 0 0 0 0 0 0 0 0 0 0
1.00 4.54 4.25 3.83 7.07 7.20 4.36 2.30 0.00 0.00 0.00 0.00 0.00 0.00 0.00
0 0 0 0 0 0 0 0 0 0 0 0 0 0 0
1.00 3.16 2.68 2.03 4.24 3.78 1.80 1.39 0.00 0.00 0.00 0.00 0.00 0.00 0.00
0 0 0 0 0 0 0 0 0 0 0 0 0 0 0
1.00 0.80 0.31 -0.56 0.07 -1.18 -1.07 -0.04 0.00 0.00 0.00 0.00 0.00 0.00 0.00
0 0 0 0 0 0 0 0 0 0 0 0 0 0 0
1.00 -1.95 -2.44 -2.58 -4.03 -5.07 -3.35 -1.46 0.00 0.00 0.00 0.00 0.00 0.00 0.00
0 0 0 0 0 0 0 0 0 0 0 0 0 0 0
1.00 -3.93 -4.15 -4.02 -6.09 -6.82 -4.31 -2.17 0.00 0.00 0.00 0.00 0.00 0.00 0.00
0 0 0 0 0 0 0 0 0 0 0 0 0 0 0
