1.00 1.24 1.00 0.90 1.24 1.36 0.58 0.44 0.00 0.00 0.00 0.00 0.00 0.00 0.00
1.00 1.08 0.51 -0.24 1.27 0.67 -0.27 0.26 0.00 0.00 0.00 0.00 0.00 0.00 0.00
1.00 1.03 0.26 -0.36 0.75 -0.17 -0.64 0.07 0.00 0.00 0.00 0.00 0.00 0.00 0.00
0 0 0 0 0 0 0 0 0 0 0 0 0 0 0
1.00 -0.74 -1.46 -1.51 -1.08 -1.69 -1.33 -0.61 0.00 0.00 0.00 0.00 0.00 0.00 0.00
0 0 0 0 0 0 0 0 0 0 0 0 0 0 0
1.00 -0.74 -1.46 -1.51 -1.08 -1.69 -1.33 -0.61 0.00 0.00 0.00 0.00 0.00 0.00 0.00
0 0 0 0 0 0 0 0 0 0 0 0 0 0 0
1.00 -1.61 -1.69 -1.29 -1.30 -1.49 -0.99 -0.56 0.00 0.00 0.00 0.00 0.00 0.00 0.00
0 0 0 0 0 0 0 0 0 0 0 0 0 0 0
1.00 -1.32 -1.35 -1.27 -0.91 -1.31 -1.05 -0.51 0.00 0.00 0.00 0.00 0.00 0.00 0.00
0 0 0 0 0 0 0 0 0 0 0 0 0 0 0
1.00 -1.40 -1.41 -1.18 -0.87 -0.98 -0.86 -0.46 0.00 0.00 0.00 0.00 0.00 0.00 0.00
0 0 0 0 0 0 0 0 0 0 0 0 0 0 0
1.00 -0.60 -0.87 -0.55 -0.49 -0.68 -0.47 -0.32 0.00 0.00 0.00 0.00 0.00 0.00 0.00
0 0 0 0 0 0 0 0 0 0 0 0 0 0 0
1.00 -0.54 -0.54 -0.44 -0.36 -0.57 -0.35 -0.22 0.00 0.00 0.00 0.00 0.00 0.00 0.00
0 0 0 0 0 0 0 0 0 0 0 0 0 0 0
1.00 -0.49 -0.40 -0.26 -0.37 -0.16 -0.24 -0.13 0.00 0.00 0.00 0.00 0.00 0.00 0.00
0 0 0 0 0 0 0 0 0 0 0 0 0 0 0
1.00 -0.23 -0.19 -0.19 -0.07 -0.16 -0.05 -0.06 0.00 0.00 0.00 0.00 0.00 0.00 0.00
0 0 0 0 0 0 0 0 0 0 0 0 0 0 0
1.00 -0.12 -0.14 -0.08 0.13 0.04 0.01 -0.02 0.00 0.00 0.00 0.00 0.00 0.00 0.00
0 0 0 0 0 0 0 0 0 0 0 0 0 0 0
