1.00 0.26 0.18 -0.13 0.29 0.08 -0.02 0.10 0.00 0.00 0.00 0.00 0.00 0.00 0.00
1.00 -0.22 -0.39 -0.24 -0.35 -0.63 -0.32 -0.13 0.00 0.00 0.00 0.00 0.00 0.00 0.00
1.00 -0.26 -0.43 -0.38 -0.39 -0.62 -0.43 -0.18 0.00 0.00 0.00 0.00 0.00 0.00 0.00
0 0 0 0 0 0 0 0 0 0 0 0 0 0 0
1.00 -0.44 -0.56 -0.51 -0.72 -0.85 -0.54 -0.25 0.00 0.00 0.00 0.00 0.00 0.00 0.00
0 0 0 0 0 0 0 0 0 0 0 0 0 0 0
1.00 -0.44 -0.56 -0.51 -0.72 -0.85 -0.54 -0.25 0.00 0.00 0.00 0.00 0.00 0.00 0.00
0 0 0 0 0 0 0 0 0 0 0 0 0 0 0
1.00 -0.78 -0.89 -0.88 -0.96 -1.15 -0.79 -0.34 0.00 0.00 0.00 0.00 0.00 0.00 0.00
0 0 0 0 0 0 0 0 0 0 0 0 0 0 0
1.00 -0.23 -0.32 -0.30 -0.38 -0.37 -0.37 -0.09 0.00 0.00 0.00 0.00 0.00 0.00 0.00
0 0 0 0 0 0 0 0 0 0 0 0 0 0 0
1.00 -0.39 -0.40 -0.50 -0.42 -0.61 -0.34 -0.12 0.00 0.00 0.00 0.00 0.00 0.00 0.00
0 0 0 0 0 0 0 0 0 0 0 0 0 0 0
1.00 -0.31 -0.52 -0.45 -0.48 -0.69 -0.46 -0.21 0.00 0.00 0.00 0.00 0.00 0.00 0.00
0 0 0 0 0 0 0 0 0 0 0 0 0 0 0
1.00 -0.25 -0.49 -0.65 -0.43 -0.66 -0.54 -0.18 0.00 0.00 0.00 0.00 0.00 0.00 0.00
0 0 0 0 0 0 0 0 0 0 0 0 0 0 0
1.00 -0.16 -0.26 -0.27 -0.22 -0.29 -0.25 -0.08 0.00 0.00 0.00 0.00 0.00 0.00 0.00
0 0 0 0 0 0 0 0 0 0 0 0 0 0 0
1.00 -0.22 -0.25 -0.25 -0.28 -0.29 -0.32 -0.07 0.00 0.00 0.00 0.00 0.00 0.00 0.00
0 0 0 0 0 0 0 0 0 0 0 0 0 0 0
1.00 -0.28 -0.27 -0.26 -0.24 -0.29 -0.28 -0.10 0.00 0.00 0.00 0.00 0.00 0.00 0.00
0 0 0 0 0 0 0 0 0 0 0 0 0 0 0
