1.00 -0.51 -0.60 -0.53 -0.38 -0.58 -0.42 -0.24 0.00 0.00 0.00 0.00 0.00 0.00 0.00
1.00 -0.50 -0.60 -0.41 -0.40 -0.45 -0.31 -0.17 0.00 0.00 0.00 0.00 0.00 0.00 0.00
1.00 -0.54 -0.44 -0.39 -0.40 -0.39 -0.43 -0.24 0.00 0.00 0.00 0.00 0.00 0.00 0.00
0 0 0 0 0 0 0 0 0 0 0 0 0 0 0
1.00 -0.26 -0.37 -0.38 -0.24 -0.28 -0.04 -0.12 0.00 0.00 0.00 0.00 0.00 0.00 0.00
0 0 0 0 0 0 0 0 0 0 0 0 0 0 0
1.00 -0.26 -0.37 -0.38 -0.24 -0.28 -0.04 -0.12 0.00 0.00 0.00 0.00 0.00 0.00 0.00
0 0 0 0 0 0 0 0 0 0 0 0 0 0 0
1.00 -0.32 -0.23 -0.19 -0.09 -0.18 -0.14 -0.04 0.00 0.00 0.00 0.00 0.00 0.00 0.00
0 0 0 0 0 0 0 0 0 0 0 0 0 0 0
1.00 -0.20 -0.18 -0.11 -0.24 -0.18 -0.20 -0.09 0.00 0.00 0.00 0.00 0.00 0.00 0.00
0 0 0 0 0 0 0 0 0 0 0 0 0 0 0
1.00 -0.12 -0.12 -0.09 -0.23 -0.17 -0.18 -0.07 0.00 0.00 0.00 0.00 0.00 0.00 0.00
0 0 0 0 0 0 0 0 0 0 0 0 0 0 0
1.00 -0.04 -0.12 -0.11 0.07 -0.16 0.04 -0.04 0.00 0.00 0.00 0.00 0.00 0.00 0.00
0 0 0 0 0 0 0 0 0 0 0 0 0 0 0
1.00 -0.00 0.06 0.04 -0.01 0.09 0.03 0.06 0.00 0.00 0.00 0.00 0.00 0.00 0.00
0 0 0 0 0 0 0 0 0 0 0 0 0 0 0
1.00 -0.04 0.09 0.07 -0.07 0.11 0.13 -0.00 0.00 0.00 0.00 0.00 0.00 0.00 0.00
0 0 0 0 0 0 0 0 0 0 0 0 0 0 0
1.00 0.12 0.07 0.19 0.30 0.20 0.05 0.05 0.00 0.00 0.00 0.00 0.00 0.00 0.00
0 0 0 0 0 0 0 0 0 0 0 0 0 0 0
1.00 0.05 -0.07 0.14 0.06 0.08 0.10 0.01 0.00 0.00 0.00 0.00 0.00 0.00 0.00
0 0 0 0 0 0 0 0 0 0 0 0 0 0 0
