1.00 -1.38 -2.04 -2.11 -1.48 -2.43 -2.17 -0.79 0.00 0.00 0.00 0.00 0.00 0.00 0.00
1.00 -1.68 -2.21 -2.43 -1.76 -2.81 -2.67 -0.95 0.00 0.00 0.00 0.00 0.00 0.00 0.00
1.00 -1.86 -2.20 -1.63 -2.31 -2.93 -1.76 -0.99 0.00 0.00 0.00 0.00 0.00 0.00 0.00
0 0 0 0 0 0 0 0 0 0 0 0 0 0 0
1.00 -0.65 0.46 1.50 -1.35 -0.50 1.37 -0.14 0.00 0.00 0.00 0.00 0.00 0.00 0.00
0 0 0 0 0 0 0 0 0 0 0 0 0 0 0
1.00 -0.65 0.46 1.50 -1.35 -0.50 1.37 -0.14 0.00 0.00 0.00 0.00 0.00 0.00 0.00
0 0 0 0 0 0 0 0 0 0 0 0 0 0 0
1.00 2.63 3.75 3.86 2.42 4.41 3.79 1.50 0.00 0.00 0.00 0.00 0.00 0.00 0.00
0 0 0 0 0 0 0 0 0 0 0 0 0 0 0
1.00 4.88 4.84 4.16 5.97 7.11 4.54 2.39 0.00 0.00 0.00 0.00 0.00 0.00 0.00
0 0 0 0 0 0 0 0 0 0 0 0 0 0 0
1.00 3.48 3.58 3.55 5.23 6.29 4.00 1.93 0.00 0.00 0.00 0.00 0.00 0.00 0.00
0 0 0 0 0 0 0 0 0 0 0 0 0 0 0
1.00 2.48 1.93 1.52 3.71 3.38 1.67 1.11 0.00 0.00 0.00 0.00 0.00 0.00 0.00
0 0 0 0 0 0 0 0 0 0 0 0 0 0 0
1.00 0.48 -0.08 -0.87 0.06 -1.11 -1.37 -0.18 0.00 0.00 0.00 0.00 0.00 0.00 0.00
0 0 0 0 0 0 0 0 0 0 0 0 0 0 0
1.00 -0.15 -0.72 -1.43 -0.64 -1.89 -1.91 -0.46 0.00 0.00 0.00 0.00 0.00 0.00 0.00
0 0 0 0 0 0 0 0 0 0 0 0 0 0 0
1.00 1.69 1.09 0.30 0.79 -0.39 -0.50 0.20 0.00 0.00 0.00 0.00 0.00 0.00 0.00
0 0 0 0 0 0 0 0 0 0 0 0 0 0 0
1.00 -1.05 -1.50 -1.83 -2.77 -3.83 -2.61 -1.02 0.00 0.00 0.00 0.00 0.00 0.00 0.00
0 0 0 0 0 0 0 0 0 0 0 0 0 0 0
