1.00 -2.40 -1.59 -0.76 -3.02 -3.10 -1.30 -0.91 0.00 0.00 0.00 0.00 0.00 0.00 0.00
1.00 0.45 1.43 1.99 -0.51 0.86 1.67 0.34 0.00 0.00 0.00 0.00 0.00 0.00 0.00
1.00 3.09 2.60 2.62 3.37 4.08 2.90 1.21 0.00 0.00 0.00 0.00 0.00 0.00 0.00
0 0 0 0 0 0 0 0 0 0 0 0 0 0 0
1.00 2.60 2.13 2.13 2.79 3.38 2.39 1.00 0.00 0.00 0.00 0.00 0.00 0.00 0.00
0 0 0 0 0 0 0 0 0 0 0 0 0 0 0
1.00 2.60 2.13 2.13 2.79 3.38 2.39 1.00 0.00 0.00 0.00 0.00 0.00 0.00 0.00
0 0 0 0 0 0 0 0 0 0 0 0 0 0 0
1.00 2.91 2.50 2.00 4.54 4.37 2.32 1.24 0.00 0.00 0.00 0.00 0.00 0.00 0.00
0 0 0 0 0 0 0 0 0 0 0 0 0 0 0
1.00 2.19 1.87 1.70 3.72 3.69 1.90 0.91 0.00 0.00 0.00 0.00 0.00 0.00 0.00
0 0 0 0 0 0 0 0 0 0 0 0 0 0 0
1.00 1.49 1.24 1.22 2.61 2.57 1.42 0.70 0.00 0.00 0.00 0.00 0.00 0.00 0.00
0 0 0 0 0 0 0 0 0 0 0 0 0 0 0
1.00 0.79 0.54 0.51 1.44 1.16 0.67 0.41 0.00 0.00 0.00 0.00 0.00 0.00 0.00
0 0 0 0 0 0 0 0 0 0 0 0 0 0 0
1.00 -2.34 -2.48 -3.08 -4.23 -5.42 -3.74 -1.31 0.00 0.00 0.00 0.00 0.00 0.00 0.00
0 0 0 0 0 0 0 0 0 0 0 0 0 0 0
1.00 -0.19 -0.57 -0.77 -1.48 -2.11 -1.31 -0.46 0.00 0.00 0.00 0.00 0.00 0.00 0.00
0 0 0 0 0 0 0 0 0 0 0 0 0 0 0
1.00 -1.56 -1.57 -2.08 -3.11 -3.67 -2.67 -0.94 0.00 0.00 0.00 0.00 0.00 0.00 0.00
0 0 0 0 0 0 0 0 0 0 0 0 0 0 0
1.00 -3.01 -2.96 -3.06 -4.52 -4.95 -3.39 -1.45 0.00 0.00 0.00 0.00 0.00 0.00 0.00
0 0 0 0 0 0 0 0 0 0 0 0 0 0 0
