1.00 1.17 1.14 0.99 1.06 1.27 0.70 0.40 0.00 0.00 0.00 0.00 0.00 0.00 0.00
1.00 0.78 0.54 0.41 0.80 0.67 0.19 0.24 0.00 0.00 0.00 0.00 0.00 0.00 0.00
1.00 0.18 -0.14 -0.15 0.18 -0.23 -0.07 -0.05 0.00 0.00 0.00 0.00 0.00 0.00 0.00
0 0 0 0 0 0 0 0 0 0 0 0 0 0 0
1.00 -0.37 -0.37 -0.32 -0.31 -0.18 -0.25 -0.01 0.00 0.00 0.00 0.00 0.00 0.00 0.00
0 0 0 0 0 0 0 0 0 0 0 0 0 0 0
1.00 -0.37 -0.37 -0.32 -0.31 -0.18 -0.25 -0.01 0.00 0.00 0.00 0.00 0.00 0.00 0.00
0 0 0 0 0 0 0 0 0 0 0 0 0 0 0
1.00 -0.65 -0.59 -0.56 -0.40 -0.59 -0.35 -0.12 0.00 0.00 0.00 0.00 0.00 0.00 0.00
0 0 0 0 0 0 0 0 0 0 0 0 0 0 0
1.00 -0.59 -0.78 -0.66 -0.43 -0.61 -0.50 -0.24 0.00 0.00 0.00 0.00 0.00 0.00 0.00
0 0 0 0 0 0 0 0 0 0 0 0 0 0 0
1.00 -0.34 -0.40 -0.21 -0.26 -0.33 -0.25 -0.12 0.00 0.00 0.00 0.00 0.00 0.00 0.00
0 0 0 0 0 0 0 0 0 0 0 0 0 0 0
1.00 -0.24 -0.36 -0.32 -0.19 -0.40 -0.49 -0.15 0.00 0.00 0.00 0.00 0.00 0.00 0.00
0 0 0 0 0 0 0 0 0 0 0 0 0 0 0
1.00 -0.29 -0.35 -0.40 -0.31 -0.34 -0.38 -0.15 0.00 0.00 0.00 0.00 0.00 0.00 0.00
0 0 0 0 0 0 0 0 0 0 0 0 0 0 0
1.00 -0.47 -0.42 -0.33 -0.25 -0.15 -0.10 -0.17 0.00 0.00 0.00 0.00 0.00 0.00 0.00
0 0 0 0 0 0 0 0 0 0 0 0 0 0 0
1.00 -0.32 -0.22 -0.15 -0.19 -0.03 0.02 -0.10 0.00 0.00 0.00 0.00 0.00 0.00 0.00
0 0 0 0 0 0 0 0 0 0 0 0 0 0 0
1.00 -0.04 -0.23 -0.10 0.06 -0.05 -0.08 0.00 0.00 0.00 0.00 0.00 0.00 0.00 0.00
0 0 0 0 0 0 0 0 0 0 0 0 0 0 0
