1.00 -2.09 -2.58 -2.65 -2.55 -3.50 -2.82 -1.17 0.00 0.00 0.00 0.00 0.00 0.00 0.00
1.00 -2.34 -2.66 -2.55 -2.79 -3.97 -2.60 -1.30 0.00 0.00 0.00 0.00 0.00 0.00 0.00
1.00 -1.85 -1.00 0.27 -2.67 -2.14 0.02 -0.64 0.00 0.00 0.00 0.00 0.00 0.00 0.00
0 0 0 0 0 0 0 0 0 0 0 0 0 0 0
1.00 1.09 2.59 2.95 0.37 2.69 2.91 0.93 0.00 0.00 0.00 0.00 0.00 0.00 0.00
0 0 0 0 0 0 0 0 0 0 0 0 0 0 0
1.00 1.09 2.59 2.95 0.37 2.69 2.91 0.93 0.00 0.00 0.00 0.00 0.00 0.00 0.00
0 0 0 0 0 0 0 0 0 0 0 0 0 0 0
1.00 3.73 3.83 3.54 4.63 5.66 3.88 1.90 0.00 0.00 0.00 0.00 0.00 0.00 0.00
0 0 0 0 0 0 0 0 0 0 0 0 0 0 0
1.00 4.43 4.05 3.27 6.45 6.49 3.57 2.07 0.00 0.00 0.00 0.00 0.00 0.00 0.00
0 0 0 0 0 0 0 0 0 0 0 0 0 0 0
1.00 5.03 4.80 4.39 7.74 8.29 5.07 2.64 0.00 0.00 0.00 0.00 0.00 0.00 0.00
0 0 0 0 0 0 0 0 0 0 0 0 0 0 0
1.00 4.18 3.88 3.32 6.20 6.39 3.62 2.07 0.00 0.00 0.00 0.00 0.00 0.00 0.00
0 0 0 0 0 0 0 0 0 0 0 0 0 0 0
1.00 2.56 2.03 1.14 3.01 2.08 0.74 0.89 0.00 0.00 0.00 0.00 0.00 0.00 0.00
0 0 0 0 0 0 0 0 0 0 0 0 0 0 0
1.00 -0.45 -1.17 -1.92 -1.88 -3.46 -2.73 -0.82 0.00 0.00 0.00 0.00 0.00 0.00 0.00
0 0 0 0 0 0 0 0 0 0 0 0 0 0 0
1.00 -3.83 -4.33 -4.24 -6.10 -7.16 -4.80 -2.28 0.00 0.00 0.00 0.00 0.00 0.00 0.00
0 0 0 0 0 0 0 0 0 0 0 0 0 0 0
1.00 -5.91 -5.86 -5.05 -7.73 -8.08 -5.02 -2.85 0.00 0.00 0.00 0.00 0.00 0.00 0.00
0 0 0 0 0 0 0 0 0 0 0 0 0 0 0
