1.00 1.17 1.46 1.07 1.79 2.08 1.28 0.64 0.00 0.00 0.00 0.00 0.00 0.00 0.00
1.00 0.79 0.91 0.58 1.50 1.49 0.66 0.39 0.00 0.00 0.00 0.00 0.00 0.00 0.00
1.00 0.81 0.87 0.59 1.34 1.33 0.68 0.36 0.00 0.00 0.00 0.00 0.00 0.00 0.00
0 0 0 0 0 0 0 0 0 0 0 0 0 0 0
1.00 0.09 0.17 0.02 0.25 0.17 -0.00 0.06 0.00 0.00 0.00 0.00 0.00 0.00 0.00
0 0 0 0 0 0 0 0 0 0 0 0 0 0 0
1.00 0.09 0.17 0.02 0.25 0.17 -0.00 0.06 0.00 0.00 0.00 0.00 0.00 0.00 0.00
0 0 0 0 0 0 0 0 0 0 0 0 0 0 0
1.00 -0.47 -0.36 -0.32 -0.52 -0.65 -0.41 -0.24 0.00 0.00 0.00 0.00 0.00 0.00 0.00
0 0 0 0 0 0 0 0 0 0 0 0 0 0 0
1.00 -0.72 -0.85 -0.71 -1.08 -1.28 -0.76 -0.38 0.00 0.00 0.00 0.00 0.00 0.00 0.00
0 0 0 0 0 0 0 0 0 0 0 0 0 0 0
1.00 -0.79 -0.96 -0.82 -1.19 -1.42 -0.86 -0.41 0.00 0.00 0.00 0.00 0.00 0.00 0.00
0 0 0 0 0 0 0 0 0 0 0 0 0 0 0
1.00 -0.36 -0.53 -0.42 -0.52 -0.81 -0.50 -0.22 0.00 0.00 0.00 0.00 0.00 0.00 0.00
0 0 0 0 0 0 0 0 0 0 0 0 0 0 0
1.00 -0.57 -0.49 -0.63 -0.75 -0.70 -0.56 -0.22 0.00 0.00 0.00 0.00 0.00 0.00 0.00
0 0 0 0 0 0 0 0 0 0 0 0 0 0 0
1.00 -0.52 -0.68 -0.67 -0.83 -0.79 -0.54 -0.24 0.00 0.00 0.00 0.00 0.00 0.00 0.00
0 0 0 0 0 0 0 0 0 0 0 0 0 0 0
1.00 -0.42 -0.60 -0.68 -0.76 -0.93 -0.76 -0.25 0.00 0.00 0.00 0.00 0.00 0.00 0.00
0 0 0 0 0 0 0 0 0 0 0 0 0 0 0
1.00 -0.35 -0.30 -0.27 -0.44 -0.63 -0.35 -0.17 0.00 0.00 0.00 0.00 0.00 0.00 0.00
0 0 0 0 0 0 0 0 0 0 0 0 0 0 0
