1.00 0.04 -0.13 -0.08 0.17 -0.02 -0.05 0.02 0.00 0.00 0.00 0.00 0.00 0.00 0.00
1.00 -0.40 -0.42 -0.40 -0.63 -0.72 -0.46 -0.27 0.00 0.00 0.00 0.00 0.00 0.00 0.00
1.00 -0.61 -0.65 -0.62 -0.91 -1.00 -0.75 -0.30 0.00 0.00 0.00 0.00 0.00 0.00 0.00
0 0 0 0 0 0 0 0 0 0 0 0 0 0 0
1.00 -0.96 -1.11 -1.15 -1.18 -1.57 -1.01 -0.35 0.00 0.00 0.00 0.00 0.00 0.00 0.00
0 0 0 0 0 0 0 0 0 0 0 0 0 0 0
1.00 -0.96 -1.11 -1.15 -1.18 -1.57 -1.01 -0.35 0.00 0.00 0.00 0.00 0.00 0.00 0.00
0 0 0 0 0 0 0 0 0 0 0 0 0 0 0
1.00 -0.41 -0.51 -0.48 -0.61 -0.73 -0.48 -0.22 0.00 0.00 0.00 0.00 0.00 0.00 0.00
0 0 0 0 0 0 0 0 0 0 0 0 0 0 0
1.00 -0.36 -0.43 -0.40 -0.64 -0.64 -0.50 -0.15 0.00 0.00 0.00 0.00 0.00 0.00 0.00
0 0 0 0 0 0 0 0 0 0 0 0 0 0 0
1.00 -0.37 -0.51 -0.49 -0.66 -0.67 -0.44 -0.16 0.00 0.00 0.00 0.00 0.00 0.00 0.00
0 0 0 0 0 0 0 0 0 0 0 0 0 0 0
1.00 -0.33 -0.50 -0.51 -0.42 -0.56 -0.38 -0.16 0.00 0.00 0.00 0.00 0.00 0.00 0.00
0 0 0 0 0 0 0 0 0 0 0 0 0 0 0
1.00 -0.28 -0.42 -0.42 -0.33 -0.45 -0.30 -0.14 0.00 0.00 0.00 0.00 0.00 0.00 0.00
0 0 0 0 0 0 0 0 0 0 0 0 0 0 0
1.00 -0.17 -0.23 -0.27 -0.27 -0.26 -0.31 -0.09 0.00 0.00 0.00 0.00 0.00 0.00 0.00
0 0 0 0 0 0 0 0 0 0 0 0 0 0 0
1.00 -0.17 -0.16 -0.10 -0.20 -0.23 -0.13 -0.07 0.00 0.00 0.00 0.00 0.00 0.00 0.00
0 0 0 0 0 0 0 0 0 0 0 0 0 0 0
1.00 -0.01 -0.17 -0.16 -0.07 -0.09 -0.05 -0.05 0.00 0.00 0.00 0.00 0.00 0.00 0.00
0 0 0 0 0 0 0 0 0 0 0 0 0 0 0
