1.00 -0.10 1.60 2.34 -0.70 1.12 2.25 0.38 0.00 0.00 0.00 0.00 0.00 0.00 0.00
1.00 2.41 2.96 2.88 2.53 3.92 2.86 1.32 0.00 0.00 0.00 0.00 0.00 0.00 0.00
1.00 3.07 3.08 2.75 4.04 4.58 2.89 1.47 0.00 0.00 0.00 0.00 0.00 0.00 0.00
0 0 0 0 0 0 0 0 0 0 0 0 0 0 0
1.00 2.87 2.43 1.95 4.01 3.78 1.99 1.28 0.00 0.00 0.00 0.00 0.00 0.00 0.00
0 0 0 0 0 0 0 0 0 0 0 0 0 0 0
1.00 2.87 2.43 1.95 4.01 3.78 1.99 1.28 0.00 0.00 0.00 0.00 0.00 0.00 0.00
0 0 0 0 0 0 0 0 0 0 0 0 0 0 0
1.00 1.83 1.23 0.53 2.28 1.64 0.41 0.68 0.00 0.00 0.00 0.00 0.00 0.00 0.00
0 0 0 0 0 0 0 0 0 0 0 0 0 0 0
1.00 3.68 3.37 2.76 4.68 4.46 2.54 1.55 0.00 0.00 0.00 0.00 0.00 0.00 0.00
0 0 0 0 0 0 0 0 0 0 0 0 0 0 0
1.00 1.73 1.34 0.60 1.49 0.62 0.01 0.44 0.00 0.00 0.00 0.00 0.00 0.00 0.00
0 0 0 0 0 0 0 0 0 0 0 0 0 0 0
1.00 -0.80 -1.35 -2.09 -2.34 -3.50 -2.61 -0.84 0.00 0.00 0.00 0.00 0.00 0.00 0.00
0 0 0 0 0 0 0 0 0 0 0 0 0 0 0
1.00 -3.18 -3.77 -3.62 -4.91 -5.92 -3.92 -1.91 0.00 0.00 0.00 0.00 0.00 0.00 0.00
0 0 0 0 0 0 0 0 0 0 0 0 0 0 0
1.00 -4.40 -4.36 -3.83 -5.51 -5.67 -3.57 -2.00 0.00 0.00 0.00 0.00 0.00 0.00 0.00
0 0 0 0 0 0 0 0 0 0 0 0 0 0 0
1.00 -4.06 -3.88 -3.24 -4.34 -4.28 -2.79 -1.63 0.00 0.00 0.00 0.00 0.00 0.00 0.00
0 0 0 0 0 0 0 0 0 0 0 0 0 0 0
1.00 -1.96 -1.92 -1.68 -1.99 -2.09 -1.44 -0.77 0.00 0.00 0.00 0.00 0.00 0.00 0.00
0 0 0 0 0 0 0 0 0 0 0 0 0 0 0
