1.00 -0.14 -0.13 -0.21 -0.24 -0.41 -0.21 -0.09 0.00 0.00 0.00 0.00 0.00 0.00 0.00
1.00 -0.39 -0.56 -0.50 -0.55 -0.71 -0.58 -0.19 0.00 0.00 0.00 0.00 0.00 0.00 0.00
1.00 -0.68 -1.01 -0.97 -0.77 -1.12 -0.85 -0.41 0.00 0.00 0.00 0.00 0.00 0.00 0.00
0 0 0 0 0 0 0 0 0 0 0 0 0 0 0
1.00 -0.85 -1.18 -1.15 -0.98 -1.38 -1.16 -0.46 0.00 0.00 0.00 0.00 0.00 0.00 0.00
0 0 0 0 0 0 0 0 0 0 0 0 0 0 0
1.00 -0.85 -1.18 -1.15 -0.98 -1.38 -1.16 -0.46 0.00 0.00 0.00 0.00 0.00 0.00 0.00
0 0 0 0 0 0 0 0 0 0 0 0 0 0 0
1.00 -0.40 -0.47 -0.48 -0.52 -0.60 -0.42 -0.19 0.00 0.00 0.00 0.00 0.00 0.00 0.00
0 0 0 0 0 0 0 0 0 0 0 0 0 0 0
1.00 -0.35 -0.38 -0.39 -0.45 -0.49 -0.33 -0.16 0.00 0.00 0.00 0.00 0.00 0.00 0.00
0 0 0 0 0 0 0 0 0 0 0 0 0 0 0
1.00 -0.45 -0.29 -0.31 -0.31 -0.53 -0.34 -0.17 0.00 0.00 0.00 0.00 0.00 0.00 0.00
0 0 0 0 0 0 0 0 0 0 0 0 0 0 0
1.00 -0.27 -0.33 -0.25 -0.18 -0.36 -0.17 -0.09 0.00 0.00 0.00 0.00 0.00 0.00 0.00
0 0 0 0 0 0 0 0 0 0 0 0 0 0 0
1.00 -0.19 -0.33 -0.38 -0.18 -0.32 -0.35 -0.09 0.00 0.00 0.00 0.00 0.00 0.00 0.00
0 0 0 0 0 0 0 0 0 0 0 0 0 0 0
1.00 -0.16 -0.49 -0.51 -0.38 -0.40 -0.37 -0.16 0.00 0.00 0.00 0.00 0.00 0.00 0.00
0 0 0 0 0 0 0 0 0 0 0 0 0 0 0
1.00 -0.25 -0.34 -0.18 -0.36 -0.32 -0.16 -0.16 0.00 0.00 0.00 0.00 0.00 0.00 0.00
0 0 0 0 0 0 0 0 0 0 0 0 0 0 0
1.00 -0.11 -0.15 -0.27 -0.11 -0.33 -0.20 -0.09 0.00 0.00 0.00 0.00 0.00 0.00 0.00
0 0 0 0 0 0 0 0 0 0 0 0 0 0 0
