1.00 1.06 1.17 0.96 1.30 1.71 0.93 0.48 0.00 0.00 0.00 0.00 0.00 0.00 0.00
1.00 0.70 0.62 0.37 1.01 0.92 0.37 0.28 0.00 0.00 0.00 0.00 0.00 0.00 0.00
1.00 0.15 0.10 -0.07 0.40 0.23 -0.03 0.06 0.00 0.00 0.00 0.00 0.00 0.00 0.00
0 0 0 0 0 0 0 0 0 0 0 0 0 0 0
1.00 -0.32 -0.41 -0.68 -0.31 -0.60 -0.58 -0.22 0.00 0.00 0.00 0.00 0.00 0.00 0.00
0 0 0 0 0 0 0 0 0 0 0 0 0 0 0
1.00 -0.32 -0.41 -0.68 -0.31 -0.60 -0.58 -0.22 0.00 0.00 0.00 0.00 0.00 0.00 0.00
0 0 0 0 0 0 0 0 0 0 0 0 0 0 0
1.00 0.12 -0.04 -0.06 0.13 0.09 0.05 0.03 0.00 0.00 0.00 0.00 0.00 0.00 0.00
0 0 0 0 0 0 0 0 0 0 0 0 0 0 0
1.00 -0.13 -0.24 -0.32 -0.24 -0.37 -0.34 -0.09 0.00 0.00 0.00 0.00 0.00 0.00 0.00
0 0 0 0 0 0 0 0 0 0 0 0 0 0 0
1.00 -0.46 -0.51 -0.33 -0.69 -0.78 -0.48 -0.23 0.00 0.00 0.00 0.00 0.00 0.00 0.00
0 0 0 0 0 0 0 0 0 0 0 0 0 0 0
1.00 -0.60 -0.68 -0.76 -0.73 -0.96 -0.72 -0.29 0.00 0.00 0.00 0.00 0.00 0.00 0.00
0 0 0 0 0 0 0 0 0 0 0 0 0 0 0
1.00 -0.91 -1.09 -0.93 -1.03 -1.34 -0.94 -0.49 0.00 0.00 0.00 0.00 0.00 0.00 0.00
0 0 0 0 0 0 0 0 0 0 0 0 0 0 0
1.00 -0.26 -0.30 -0.30 -0.34 -0.54 -0.33 -0.14 0.00 0.00 0.00 0.00 0.00 0.00 0.00
0 0 0 0 0 0 0 0 0 0 0 0 0 0 0
1.00 -0.42 -0.47 -0.49 -0.44 -0.52 -0.33 -0.24 0.00 0.00 0.00 0.00 0.00 0.00 0.00
0 0 0 0 0 0 0 0 0 0 0 0 0 0 0
1.00 -0.38 -0.42 -0.43 -0.37 -0.62 -0.40 -0.25 0.00 0.00 0.00 0.00 0.00 0.00 0.00
0 0 0 0 0 0 0 0 0 0 0 0 0 0 0
