1.00 1.57 2.92 3.51 0.42 2.73 3.31 1.00 0.00 0.00 0.00 0.00 0.00 0.00 0.00
1.00 3.53 4.05 3.87 3.91 5.41 3.92 1.82 0.00 0.00 0.00 0.00 0.00 0.00 0.00
1.00 3.74 3.79 3.36 4.98 5.38 3.46 1.83 0.00 0.00 0.00 0.00 0.00 0.00 0.00
0 0 0 0 0 0 0 0 0 0 0 0 0 0 0
1.00 3.20 2.99 2.27 4.44 4.19 2.18 1.44 0.00 0.00 0.00 0.00 0.00 0.00 0.00
0 0 0 0 0 0 0 0 0 0 0 0 0 0 0
1.00 3.20 2.99 2.27 4.44 4.19 2.18 1.44 0.00 0.00 0.00 0.00 0.00 0.00 0.00
0 0 0 0 0 0 0 0 0 0 0 0 0 0 0
1.00 4.80 5.06 4.63 7.07 7.82 4.77 2.49 0.00 0.00 0.00 0.00 0.00 0.00 0.00
0 0 0 0 0 0 0 0 0 0 0 0 0 0 0
1.00 4.20 4.40 3.90 5.74 6.29 3.95 2.09 0.00 0.00 0.00 0.00 0.00 0.00 0.00
0 0 0 0 0 0 0 0 0 0 0 0 0 0 0
1.00 2.99 2.76 1.93 3.55 3.32 1.77 1.31 0.00 0.00 0.00 0.00 0.00 0.00 0.00
0 0 0 0 0 0 0 0 0 0 0 0 0 0 0
1.00 0.53 0.15 -0.37 -0.28 -1.16 -1.17 -0.19 0.00 0.00 0.00 0.00 0.00 0.00 0.00
0 0 0 0 0 0 0 0 0 0 0 0 0 0 0
1.00 -2.17 -2.76 -3.13 -3.75 -5.30 -3.76 -1.54 0.00 0.00 0.00 0.00 0.00 0.00 0.00
0 0 0 0 0 0 0 0 0 0 0 0 0 0 0
1.00 -4.88 -5.32 -5.05 -6.90 -7.70 -4.79 -2.53 0.00 0.00 0.00 0.00 0.00 0.00 0.00
0 0 0 0 0 0 0 0 0 0 0 0 0 0 0
1.00 -6.05 -6.02 -4.91 -7.20 -7.41 -4.44 -2.63 0.00 0.00 0.00 0.00 0.00 0.00 0.00
0 0 0 0 0 0 0 0 0 0 0 0 0 0 0
1.00 -3.29 -3.24 -2.74 -3.89 -4.09 -2.38 -1.40 0.00 0.00 0.00 0.00 0.00 0.00 0.00
0 0 0 0 0 0 0 0 0 0 0 0 0 0 0
