1.00 -1.41 -0.40 0.56 -2.39 -1.80 -0.09 -0.48 0.00 0.00 0.00 0.00 0.00 0.00 0.00
1.00 1.86 2.31 2.66 1.29 2.70 2.78 0.80 0.00 0.00 0.00 0.00 0.00 0.00 0.00
1.00 3.58 3.34 3.07 4.62 5.32 3.22 1.53 0.00 0.00 0.00 0.00 0.00 0.00 0.00
0 0 0 0 0 0 0 0 0 0 0 0 0 0 0
1.00 3.81 3.16 2.62 5.54 5.54 3.01 1.53 0.00 0.00 0.00 0.00 0.00 0.00 0.00
0 0 0 0 0 0 0 0 0 0 0 0 0 0 0
1.00 3.81 3.16 2.62 5.54 5.54 3.01 1.53 0.00 0.00 0.00 0.00 0.00 0.00 0.00
0 0 0 0 0 0 0 0 0 0 0 0 0 0 0
1.00 3.56 3.18 3.12 5.64 5.83 3.60 1.64 0.00 0.00 0.00 0.00 0.00 0.00 0.00
0 0 0 0 0 0 0 0 0 0 0 0 0 0 0
1.00 2.46 1.96 1.68 3.44 3.20 1.79 1.00 0.00 0.00 0.00 0.00 0.00 0.00 0.00
0 0 0 0 0 0 0 0 0 0 0 0 0 0 0
1.00 0.54 0.25 -0.37 0.16 -0.55 -0.65 0.04 0.00 0.00 0.00 0.00 0.00 0.00 0.00
0 0 0 0 0 0 0 0 0 0 0 0 0 0 0
1.00 -1.87 -2.08 -2.32 -3.40 -4.28 -2.93 -1.09 0.00 0.00 0.00 0.00 0.00 0.00 0.00
0 0 0 0 0 0 0 0 0 0 0 0 0 0 0
1.00 -3.79 -3.84 -3.87 -6.11 -6.79 -4.30 -1.91 0.00 0.00 0.00 0.00 0.00 0.00 0.00
0 0 0 0 0 0 0 0 0 0 0 0 0 0 0
1.00 -0.55 -0.85 -1.09 -2.24 -2.74 -1.57 -0.61 0.00 0.00 0.00 0.00 0.00 0.00 0.00
0 0 0 0 0 0 0 0 0 0 0 0 0 0 0
1.00 -1.65 -1.69 -1.86 -3.15 -3.27 -2.14 -0.94 0.00 0.00 0.00 0.00 0.00 0.00 0.00
0 0 0 0 0 0 0 0 0 0 0 0 0 0 0
1.00 -2.09 -1.91 -1.64 -2.78 -2.75 -1.62 -0.87 0.00 0.00 0.00 0.00 0.00 0.00 0.00
0 0 0 0 0 0 0 0 0 0 0 0 0 0 0
