1.00 -2.67 -2.53 -1.51 -3.36 -3.70 -1.58 -1.26 0.00 0.00 0.00 0.00 0.00 0.00 0.00
1.00 -0.74 0.76 1.81 -1.61 -0.01 1.60 -0.06 0.00 0.00 0.00 0.00 0.00 0.00 0.00
1.00 2.35 3.45 3.37 2.28 3.96 3.30 1.39 0.00 0.00 0.00 0.00 0.00 0.00 0.00
0 0 0 0 0 0 0 0 0 0 0 0 0 0 0
1.00 3.79 3.89 3.40 4.72 5.43 3.35 1.85 0.00 0.00 0.00 0.00 0.00 0.00 0.00
0 0 0 0 0 0 0 0 0 0 0 0 0 0 0
1.00 3.79 3.89 3.40 4.72 5.43 3.35 1.85 0.00 0.00 0.00 0.00 0.00 0.00 0.00
0 0 0 0 0 0 0 0 0 0 0 0 0 0 0
1.00 3.73 3.39 2.57 5.10 5.06 2.65 1.71 0.00 0.00 0.00 0.00 0.00 0.00 0.00
0 0 0 0 0 0 0 0 0 0 0 0 0 0 0
1.00 4.07 4.26 3.83 6.11 6.68 3.99 2.16 0.00 0.00 0.00 0.00 0.00 0.00 0.00
0 0 0 0 0 0 0 0 0 0 0 0 0 0 0
1.00 2.73 2.67 1.80 4.02 3.69 1.87 1.22 0.00 0.00 0.00 0.00 0.00 0.00 0.00
0 0 0 0 0 0 0 0 0 0 0 0 0 0 0
1.00 0.47 -0.01 -0.78 -0.02 -1.18 -1.36 -0.23 0.00 0.00 0.00 0.00 0.00 0.00 0.00
0 0 0 0 0 0 0 0 0 0 0 0 0 0 0
1.00 -2.63 -3.52 -3.61 -4.38 -5.76 -4.06 -1.72 0.00 0.00 0.00 0.00 0.00 0.00 0.00
0 0 0 0 0 0 0 0 0 0 0 0 0 0 0
1.00 -5.55 -6.29 -5.87 -7.63 -8.73 -5.59 -2.86 0.00 0.00 0.00 0.00 0.00 0.00 0.00
0 0 0 0 0 0 0 0 0 0 0 0 0 0 0
1.00 -3.34 -3.51 -3.00 -4.66 -4.93 -2.69 -1.53 0.00 0.00 0.00 0.00 0.00 0.00 0.00
0 0 0 0 0 0 0 0 0 0 0 0 0 0 0
1.00 -2.73 -2.83 -2.40 -3.49 -3.50 -2.06 -1.19 0.00 0.00 0.00 0.00 0.00 0.00 0.00
0 0 0 0 0 0 0 0 0 0 0 0 0 0 0
