1.00 -1.82 -2.48 -2.41 -1.91 -3.02 -2.33 -1.02 0.00 0.00 0.00 0.00 0.00 0.00 0.00
1.00 -1.80 -1.63 -0.81 -2.07 -2.30 -0.89 -0.81 0.00 0.00 0.00 0.00 0.00 0.00 0.00
1.00 0.09 1.47 2.28 -0.46 0.99 2.09 0.31 0.00 0.00 0.00 0.00 0.00 0.00 0.00
0 0 0 0 0 0 0 0 0 0 0 0 0 0 0
1.00 2.88 3.71 3.49 3.01 4.41 3.33 1.54 0.00 0.00 0.00 0.00 0.00 0.00 0.00
0 0 0 0 0 0 0 0 0 0 0 0 0 0 0
1.00 2.88 3.71 3.49 3.01 4.41 3.33 1.54 0.00 0.00 0.00 0.00 0.00 0.00 0.00
0 0 0 0 0 0 0 0 0 0 0 0 0 0 0
1.00 4.21 4.39 3.73 5.26 5.83 3.63 2.03 0.00 0.00 0.00 0.00 0.00 0.00 0.00
0 0 0 0 0 0 0 0 0 0 0 0 0 0 0
1.00 3.59 4.08 3.72 5.11 6.01 3.98 1.96 0.00 0.00 0.00 0.00 0.00 0.00 0.00
0 0 0 0 0 0 0 0 0 0 0 0 0 0 0
1.00 3.13 3.24 2.68 4.53 4.82 2.91 1.56 0.00 0.00 0.00 0.00 0.00 0.00 0.00
0 0 0 0 0 0 0 0 0 0 0 0 0 0 0
1.00 1.73 1.26 0.70 2.41 1.93 0.75 0.67 0.00 0.00 0.00 0.00 0.00 0.00 0.00
0 0 0 0 0 0 0 0 0 0 0 0 0 0 0
1.00 -0.82 -1.40 -1.84 -1.54 -2.59 -2.34 -0.77 0.00 0.00 0.00 0.00 0.00 0.00 0.00
0 0 0 0 0 0 0 0 0 0 0 0 0 0 0
1.00 -3.75 -4.75 -4.93 -5.77 -7.33 -5.16 -2.21 0.00 0.00 0.00 0.00 0.00 0.00 0.00
0 0 0 0 0 0 0 0 0 0 0 0 0 0 0
1.00 -2.23 -3.10 -3.14 -4.11 -4.87 -3.10 -1.40 0.00 0.00 0.00 0.00 0.00 0.00 0.00
0 0 0 0 0 0 0 0 0 0 0 0 0 0 0
1.00 -3.41 -3.79 -3.12 -4.44 -4.80 -2.89 -1.59 0.00 0.00 0.00 0.00 0.00 0.00 0.00
0 0 0 0 0 0 0 0 0 0 0 0 0 0 0
