1.00 1.09 1.55 1.13 1.19 1.64 0.90 0.52 0.00 0.00 0.00 0.00 0.00 0.00 0.00
1.00 0.74 1.20 1.04 0.92 1.26 0.76 0.38 0.00 0.00 0.00 0.00 0.00 0.00 0.00
1.00 0.59 0.98 0.83 0.76 1.04 0.59 0.30 0.00 0.00 0.00 0.00 0.00 0.00 0.00
0 0 0 0 0 0 0 0 0 0 0 0 0 0 0
1.00 0.39 0.49 0.41 0.38 0.76 0.36 0.19 0.00 0.00 0.00 0.00 0.00 0.00 0.00
0 0 0 0 0 0 0 0 0 0 0 0 0 0 0
1.00 0.39 0.49 0.41 0.38 0.76 0.36 0.19 0.00 0.00 0.00 0.00 0.00 0.00 0.00
0 0 0 0 0 0 0 0 0 0 0 0 0 0 0
1.00 0.15 0.06 -0.24 0.14 0.17 -0.11 0.04 0.00 0.00 0.00 0.00 0.00 0.00 0.00
0 0 0 0 0 0 0 0 0 0 0 0 0 0 0
1.00 -0.41 -0.66 -0.76 -0.26 -0.55 -0.58 -0.24 0.00 0.00 0.00 0.00 0.00 0.00 0.00
0 0 0 0 0 0 0 0 0 0 0 0 0 0 0
1.00 -0.83 -1.16 -1.12 -0.75 -1.27 -0.90 -0.38 0.00 0.00 0.00 0.00 0.00 0.00 0.00
0 0 0 0 0 0 0 0 0 0 0 0 0 0 0
1.00 -0.47 -0.67 -0.56 -0.46 -0.70 -0.47 -0.25 0.00 0.00 0.00 0.00 0.00 0.00 0.00
0 0 0 0 0 0 0 0 0 0 0 0 0 0 0
1.00 -0.57 -0.98 -1.01 -0.59 -0.85 -0.79 -0.32 0.00 0.00 0.00 0.00 0.00 0.00 0.00
0 0 0 0 0 0 0 0 0 0 0 0 0 0 0
1.00 -0.73 -1.13 -1.24 -0.80 -1.29 -0.90 -0.39 0.00 0.00 0.00 0.00 0.00 0.00 0.00
0 0 0 0 0 0 0 0 0 0 0 0 0 0 0
1.00 -0.97 -1.35 -1.23 -0.91 -1.33 -1.09 -0.49 0.00 0.00 0.00 0.00 0.00 0.00 0.00
0 0 0 0 0 0 0 0 0 0 0 0 0 0 0
1.00 -0.38 -0.60 -0.48 -0.47 -0.56 -0.41 -0.18 0.00 0.00 0.00 0.00 0.00 0.00 0.00
0 0 0 0 0 0 0 0 0 0 0 0 0 0 0
