1.00 -0.68 -0.97 -0.89 -0.38 -0.75 -0.54 -0.32 0.00 0.00 0.00 0.00 0.00 0.00 0.00
1.00 -0.92 -0.91 -0.93 -0.73 -0.69 -0.63 -0.32 0.00 0.00 0.00 0.00 0.00 0.00 0.00
1.00 -0.27 -0.45 -0.42 -0.12 -0.64 -0.27 -0.19 0.00 0.00 0.00 0.00 0.00 0.00 0.00
0 0 0 0 0 0 0 0 0 0 0 0 0 0 0
1.00 -0.36 -0.52 -0.37 -0.36 -0.28 -0.34 -0.19 0.00 0.00 0.00 0.00 0.00 0.00 0.00
0 0 0 0 0 0 0 0 0 0 0 0 0 0 0
1.00 -0.36 -0.52 -0.37 -0.36 -0.28 -0.34 -0.19 0.00 0.00 0.00 0.00 0.00 0.00 0.00
0 0 0 0 0 0 0 0 0 0 0 0 0 0 0
1.00 -0.29 -0.39 -0.26 -0.37 -0.27 -0.14 -0.14 0.00 0.00 0.00 0.00 0.00 0.00 0.00
0 0 0 0 0 0 0 0 0 0 0 0 0 0 0
1.00 -0.28 -0.30 -0.23 -0.28 -0.21 -0.18 -0.09 0.00 0.00 0.00 0.00 0.00 0.00 0.00
0 0 0 0 0 0 0 0 0 0 0 0 0 0 0
1.00 -0.27 -0.08 -0.07 -0.25 -0.12 -0.10 -0.06 0.00 0.00 0.00 0.00 0.00 0.00 0.00
0 0 0 0 0 0 0 0 0 0 0 0 0 0 0
1.00 -0.06 -0.04 -0.11 -0.11 -0.08 -0.04 0.05 0.00 0.00 0.00 0.00 0.00 0.00 0.00
0 0 0 0 0 0 0 0 0 0 0 0 0 0 0
1.00 -0.14 0.00 -0.04 0.05 -0.13 0.08 -0.00 0.00 0.00 0.00 0.00 0.00 0.00 0.00
0 0 0 0 0 0 0 0 0 0 0 0 0 0 0
1.00 0.03 0.13 0.06 -0.12 0.11 0.08 0.02 0.00 0.00 0.00 0.00 0.00 0.00 0.00
0 0 0 0 0 0 0 0 0 0 0 0 0 0 0
1.00 0.10 0.07 0.17 -0.03 0.04 -0.03 0.08 0.00 0.00 0.00 0.00 0.00 0.00 0.00
0 0 0 0 0 0 0 0 0 0 0 0 0 0 0
1.00 0.13 0.07 0.11 0.11 0.04 0.13 0.02 0.00 0.00 0.00 0.00 0.00 0.00 0.00
0 0 0 0 0 0 0 0 0 0 0 0 0 0 0
