1.00 1.74 3.26 3.66 1.47 3.79 3.60 1.25 0.00 0.00 0.00 0.00 0.00 0.00 0.00
1.00 3.52 4.02 3.89 4.50 5.87 4.15 1.89 0.00 0.00 0.00 0.00 0.00 0.00 0.00
1.00 3.71 3.78 3.33 5.48 6.00 3.58 1.98 0.00 0.00 0.00 0.00 0.00 0.00 0.00
0 0 0 0 0 0 0 0 0 0 0 0 0 0 0
1.00 2.57 2.34 1.71 3.74 3.57 1.78 1.20 0.00 0.00 0.00 0.00 0.00 0.00 0.00
0 0 0 0 0 0 0 0 0 0 0 0 0 0 0
1.00 2.57 2.34 1.71 3.74 3.57 1.78 1.20 0.00 0.00 0.00 0.00 0.00 0.00 0.00
0 0 0 0 0 0 0 0 0 0 0 0 0 0 0
1.00 0.69 0.14 -0.56 0.43 -0.48 -0.69 -0.00 0.00 0.00 0.00 0.00 0.00 0.00 0.00
0 0 0 0 0 0 0 0 0 0 0 0 0 0 0
1.00 -2.07 -2.84 -3.24 -3.58 -5.10 -3.84 -1.54 0.00 0.00 0.00 0.00 0.00 0.00 0.00
0 0 0 0 0 0 0 0 0 0 0 0 0 0 0
1.00 -0.56 -1.15 -1.54 -2.05 -2.99 -2.19 -0.79 0.00 0.00 0.00 0.00 0.00 0.00 0.00
0 0 0 0 0 0 0 0 0 0 0 0 0 0 0
1.00 -2.46 -3.11 -2.76 -3.84 -4.57 -2.86 -1.46 0.00 0.00 0.00 0.00 0.00 0.00 0.00
0 0 0 0 0 0 0 0 0 0 0 0 0 0 0
1.00 -3.16 -3.57 -3.06 -4.06 -4.49 -2.63 -1.51 0.00 0.00 0.00 0.00 0.00 0.00 0.00
0 0 0 0 0 0 0 0 0 0 0 0 0 0 0
1.00 -3.13 -2.97 -2.70 -3.40 -3.46 -2.30 -1.22 0.00 0.00 0.00 0.00 0.00 0.00 0.00
0 0 0 0 0 0 0 0 0 0 0 0 0 0 0
1.00 -2.62 -2.60 -2.22 -2.44 -2.39 -1.85 -1.01 0.00 0.00 0.00 0.00 0.00 0.00 0.00
0 0 0 0 0 0 0 0 0 0 0 0 0 0 0
1.00 -1.37 -1.37 -1.09 -1.43 -1.31 -1.00 -0.55 0.00 0.00 0.00 0.00 0.00 0.00 0.00
0 0 0 0 0 0 0 0 0 0 0 0 0 0 0
