1.00 0.97 1.18 0.86 1.04 1.33 0.63 0.41 0.00 0.00 0.00 0.00 0.00 0.00 0.00
1.00 0.54 0.52 0.21 0.82 0.87 0.21 0.30 0.00 0.00 0.00 0.00 0.00 0.00 0.00
1.00 0.60 0.67 0.49 0.89 0.88 0.52 0.33 0.00 0.00 0.00 0.00 0.00 0.00 0.00
0 0 0 0 0 0 0 0 0 0 0 0 0 0 0
1.00 0.02 -0.19 -0.24 0.20 -0.12 -0.22 -0.05 0.00 0.00 0.00 0.00 0.00 0.00 0.00
0 0 0 0 0 0 0 0 0 0 0 0 0 0 0
1.00 0.02 -0.19 -0.24 0.20 -0.12 -0.22 -0.05 0.00 0.00 0.00 0.00 0.00 0.00 0.00
0 0 0 0 0 0 0 0 0 0 0 0 0 0 0
1.00 -0.42 -0.75 -0.89 -0.36 -0.80 -0.75 -0.26 0.00 0.00 0.00 0.00 0.00 0.00 0.00
0 0 0 0 0 0 0 0 0 0 0 0 0 0 0
1.00 -0.90 -1.35 -1.35 -1.05 -1.40 -1.06 -0.55 0.00 0.00 0.00 0.00 0.00 0.00 0.00
0 0 0 0 0 0 0 0 0 0 0 0 0 0 0
1.00 -0.26 -0.30 -0.31 -0.29 -0.45 -0.26 -0.13 0.00 0.00 0.00 0.00 0.00 0.00 0.00
0 0 0 0 0 0 0 0 0 0 0 0 0 0 0
1.00 -0.40 -0.63 -0.72 -0.39 -0.64 -0.60 -0.22 0.00 0.00 0.00 0.00 0.00 0.00 0.00
0 0 0 0 0 0 0 0 0 0 0 0 0 0 0
1.00 -0.39 -0.60 -0.68 -0.39 -0.62 -0.57 -0.21 0.00 0.00 0.00 0.00 0.00 0.00 0.00
0 0 0 0 0 0 0 0 0 0 0 0 0 0 0
1.00 -0.66 -0.94 -1.03 -0.64 -0.91 -0.85 -0.33 0.00 0.00 0.00 0.00 0.00 0.00 0.00
0 0 0 0 0 0 0 0 0 0 0 0 0 0 0
1.00 -0.82 -1.14 -1.02 -0.78 -1.00 -0.84 -0.42 0.00 0.00 0.00 0.00 0.00 0.00 0.00
0 0 0 0 0 0 0 0 0 0 0 0 0 0 0
1.00 -0.27 -0.42 -0.34 -0.40 -0.48 -0.35 -0.18 0.00 0.00 0.00 0.00 0.00 0.00 0.00
0 0 0 0 0 0 0 0 0 0 0 0 0 0 0
