1.00 1.11 0.96 0.74 1.10 0.94 0.38 0.37 0.00 0.00 0.00 0.00 0.00 0.00 0.00
1.00 0.38 0.08 -0.12 0.55 0.27 -0.06 0.06 0.00 0.00 0.00 0.00 0.00 0.00 0.00
1.00 -0.08 -0.44 -0.54 0.01 -0.15 -0.33 -0.10 0.00 0.00 0.00 0.00 0.00 0.00 0.00
0 0 0 0 0 0 0 0 0 0 0 0 0 0 0
1.00 -0.52 -0.88 -0.79 -0.24 -0.55 -0.44 -0.23 0.00 0.00 0.00 0.00 0.00 0.00 0.00
0 0 0 0 0 0 0 0 0 0 0 0 0 0 0
1.00 -0.52 -0.88 -0.79 -0.24 -0.55 -0.44 -0.23 0.00 0.00 0.00 0.00 0.00 0.00 0.00
0 0 0 0 0 0 0 0 0 0 0 0 0 0 0
1.00 -0.81 -0.85 -0.75 -0.53 -0.54 -0.51 -0.21 0.00 0.00 0.00 0.00 0.00 0.00 0.00
0 0 0 0 0 0 0 0 0 0 0 0 0 0 0
1.00 -0.45 -0.56 -0.32 -0.17 -0.33 -0.24 -0.15 0.00 0.00 0.00 0.00 0.00 0.00 0.00
0 0 0 0 0 0 0 0 0 0 0 0 0 0 0
1.00 -0.19 -0.35 -0.40 -0.07 -0.22 -0.30 -0.05 0.00 0.00 0.00 0.00 0.00 0.00 0.00
0 0 0 0 0 0 0 0 0 0 0 0 0 0 0
1.00 -0.38 -0.44 -0.29 -0.25 -0.39 -0.09 -0.14 0.00 0.00 0.00 0.00 0.00 0.00 0.00
0 0 0 0 0 0 0 0 0 0 0 0 0 0 0
1.00 -0.27 -0.32 -0.30 -0.27 -0.18 -0.19 -0.11 0.00 0.00 0.00 0.00 0.00 0.00 0.00
0 0 0 0 0 0 0 0 0 0 0 0 0 0 0
1.00 -0.30 -0.27 -0.19 -0.12 -0.35 -0.19 -0.14 0.00 0.00 0.00 0.00 0.00 0.00 0.00
0 0 0 0 0 0 0 0 0 0 0 0 0 0 0
1.00 -0.25 -0.15 -0.08 -0.18 -0.19 -0.09 -0.11 0.00 0.00 0.00 0.00 0.00 0.00 0.00
0 0 0 0 0 0 0 0 0 0 0 0 0 0 0
1.00 -0.06 -0.12 -0.04 -0.03 -0.18 -0.01 -0.06 0.00 0.00 0.00 0.00 0.00 0.00 0.00
0 0 0 0 0 0 0 0 0 0 0 0 0 0 0
