1.00 0.74 1.00 0.86 0.74 1.01 0.70 0.34 0.00 0.00 0.00 0.00 0.00 0.00 0.00
1.00 0.58 0.78 0.64 0.60 0.80 0.53 0.27 0.00 0.00 0.00 0.00 0.00 0.00 0.00
1.00 0.30 0.25 0.20 0.43 0.37 0.11 0.16 0.00 0.00 0.00 0.00 0.00 0.00 0.00
0 0 0 0 0 0 0 0 0 0 0 0 0 0 0
1.00 -0.12 -0.32 -0.32 -0.08 -0.31 -0.29 -0.12 0.00 0.00 0.00 0.00 0.00 0.00 0.00
0 0 0 0 0 0 0 0 0 0 0 0 0 0 0
1.00 -0.12 -0.32 -0.32 -0.08 -0.31 -0.29 -0.12 0.00 0.00 0.00 0.00 0.00 0.00 0.00
0 0 0 0 0 0 0 0 0 0 0 0 0 0 0
1.00 -0.43 -0.54 -0.62 -0.37 -0.59 -0.48 -0.21 0.00 0.00 0.00 0.00 0.00 0.00 0.00
0 0 0 0 0 0 0 0 0 0 0 0 0 0 0
1.00 -0.01 0.29 0.09 0.02 0.09 0.13 0.08 0.00 0.00 0.00 0.00 0.00 0.00 0.00
0 0 0 0 0 0 0 0 0 0 0 0 0 0 0
1.00 -0.02 -0.21 -0.20 -0.16 -0.43 -0.19 -0.08 0.00 0.00 0.00 0.00 0.00 0.00 0.00
0 0 0 0 0 0 0 0 0 0 0 0 0 0 0
1.00 -0.47 -0.52 -0.59 -0.48 -0.62 -0.58 -0.20 0.00 0.00 0.00 0.00 0.00 0.00 0.00
0 0 0 0 0 0 0 0 0 0 0 0 0 0 0
1.00 -0.64 -0.96 -1.06 -0.53 -0.86 -0.76 -0.34 0.00 0.00 0.00 0.00 0.00 0.00 0.00
0 0 0 0 0 0 0 0 0 0 0 0 0 0 0
1.00 -0.76 -1.22 -1.21 -0.68 -0.89 -0.97 -0.40 0.00 0.00 0.00 0.00 0.00 0.00 0.00
0 0 0 0 0 0 0 0 0 0 0 0 0 0 0
1.00 -0.31 -0.63 -0.54 -0.33 -0.63 -0.24 -0.18 0.00 0.00 0.00 0.00 0.00 0.00 0.00
0 0 0 0 0 0 0 0 0 0 0 0 0 0 0
1.00 -0.45 -0.49 -0.48 -0.35 -0.40 -0.38 -0.22 0.00 0.00 0.00 0.00 0.00 0.00 0.00
0 0 0 0 0 0 0 0 0 0 0 0 0 0 0
