1.00 -0.62 -0.06 0.22 -0.90 -0.52 0.01 -0.16 0.00 0.00 0.00 0.00 0.00 0.00 0.00
1.00 0.39 0.68 0.76 0.14 0.58 0.54 0.17 0.00 0.00 0.00 0.00 0.00 0.00 0.00
1.00 1.05 1.00 0.82 1.10 1.12 0.66 0.37 0.00 0.00 0.00 0.00 0.00 0.00 0.00
0 0 0 0 0 0 0 0 0 0 0 0 0 0 0
1.00 1.29 0.95 0.63 1.41 1.33 0.50 0.48 0.00 0.00 0.00 0.00 0.00 0.00 0.00
0 0 0 0 0 0 0 0 0 0 0 0 0 0 0
1.00 1.29 0.95 0.63 1.41 1.33 0.50 0.48 0.00 0.00 0.00 0.00 0.00 0.00 0.00
0 0 0 0 0 0 0 0 0 0 0 0 0 0 0
1.00 1.34 1.44 1.19 1.20 1.41 0.87 0.57 0.00 0.00 0.00 0.00 0.00 0.00 0.00
0 0 0 0 0 0 0 0 0 0 0 0 0 0 0
1.00 0.46 0.13 -0.13 0.52 0.25 -0.14 0.13 0.00 0.00 0.00 0.00 0.00 0.00 0.00
0 0 0 0 0 0 0 0 0 0 0 0 0 0 0
1.00 -0.10 -0.48 -0.31 0.09 -0.18 -0.23 -0.15 0.00 0.00 0.00 0.00 0.00 0.00 0.00
0 0 0 0 0 0 0 0 0 0 0 0 0 0 0
1.00 -0.22 -0.45 -0.54 -0.05 -0.23 -0.45 -0.15 0.00 0.00 0.00 0.00 0.00 0.00 0.00
0 0 0 0 0 0 0 0 0 0 0 0 0 0 0
1.00 -0.44 -0.71 -0.70 -0.30 -0.45 -0.48 -0.19 0.00 0.00 0.00 0.00 0.00 0.00 0.00
0 0 0 0 0 0 0 0 0 0 0 0 0 0 0
1.00 -0.85 -1.03 -0.92 -0.50 -0.70 -0.50 -0.32 0.00 0.00 0.00 0.00 0.00 0.00 0.00
0 0 0 0 0 0 0 0 0 0 0 0 0 0 0
1.00 -0.36 -0.59 -0.52 -0.35 -0.46 -0.42 -0.20 0.00 0.00 0.00 0.00 0.00 0.00 0.00
0 0 0 0 0 0 0 0 0 0 0 0 0 0 0
1.00 -0.51 -0.63 -0.47 -0.26 -0.45 -0.36 -0.22 0.00 0.00 0.00 0.00 0.00 0.00 0.00
0 0 0 0 0 0 0 0 0 0 0 0 0 0 0
