1.00 0.75 1.15 1.32 0.46 1.03 1.02 0.31 0.00 0.00 0.00 0.00 0.00 0.00 0.00
1.00 0.96 1.51 1.44 1.28 1.47 1.03 0.47 0.00 0.00 0.00 0.00 0.00 0.00 0.00
1.00 0.95 1.12 0.94 1.06 1.06 0.69 0.43 0.00 0.00 0.00 0.00 0.00 0.00 0.00
0 0 0 0 0 0 0 0 0 0 0 0 0 0 0
1.00 0.57 0.55 0.36 0.61 0.57 0.35 0.18 0.00 0.00 0.00 0.00 0.00 0.00 0.00
0 0 0 0 0 0 0 0 0 0 0 0 0 0 0
1.00 0.57 0.55 0.36 0.61 0.57 0.35 0.18 0.00 0.00 0.00 0.00 0.00 0.00 0.00
0 0 0 0 0 0 0 0 0 0 0 0 0 0 0
1.00 0.22 0.01 -0.16 0.16 0.11 -0.10 0.08 0.00 0.00 0.00 0.00 0.00 0.00 0.00
0 0 0 0 0 0 0 0 0 0 0 0 0 0 0
1.00 0.50 0.55 0.25 0.69 0.63 0.29 0.25 0.00 0.00 0.00 0.00 0.00 0.00 0.00
0 0 0 0 0 0 0 0 0 0 0 0 0 0 0
1.00 0.09 -0.19 -0.31 0.02 -0.26 -0.20 -0.06 0.00 0.00 0.00 0.00 0.00 0.00 0.00
0 0 0 0 0 0 0 0 0 0 0 0 0 0 0
1.00 -0.56 -0.60 -0.60 -0.66 -0.64 -0.69 -0.22 0.00 0.00 0.00 0.00 0.00 0.00 0.00
0 0 0 0 0 0 0 0 0 0 0 0 0 0 0
1.00 -0.70 -1.01 -1.04 -0.69 -1.06 -0.77 -0.39 0.00 0.00 0.00 0.00 0.00 0.00 0.00
0 0 0 0 0 0 0 0 0 0 0 0 0 0 0
1.00 -1.05 -1.54 -1.48 -1.13 -1.42 -1.19 -0.52 0.00 0.00 0.00 0.00 0.00 0.00 0.00
0 0 0 0 0 0 0 0 0 0 0 0 0 0 0
1.00 -0.41 -0.68 -0.60 -0.40 -0.70 -0.54 -0.25 0.00 0.00 0.00 0.00 0.00 0.00 0.00
0 0 0 0 0 0 0 0 0 0 0 0 0 0 0
1.00 -0.35 -0.57 -0.64 -0.44 -0.67 -0.61 -0.22 0.00 0.00 0.00 0.00 0.00 0.00 0.00
0 0 0 0 0 0 0 0 0 0 0 0 0 0 0
