1.00 1.22 0.93 0.43 1.28 0.97 0.33 0.40 0.00 0.00 0.00 0.00 0.00 0.00 0.00
1.00 0.32 -0.28 -0.62 0.25 -0.10 -0.34 -0.08 0.00 0.00 0.00 0.00 0.00 0.00 0.00
1.00 -0.47 -0.65 -0.59 -0.20 -0.35 -0.45 -0.21 0.00 0.00 0.00 0.00 0.00 0.00 0.00
0 0 0 0 0 0 0 0 0 0 0 0 0 0 0
1.00 -0.49 -0.73 -0.50 -0.31 -0.35 -0.38 -0.20 0.00 0.00 0.00 0.00 0.00 0.00 0.00
0 0 0 0 0 0 0 0 0 0 0 0 0 0 0
1.00 -0.49 -0.73 -0.50 -0.31 -0.35 -0.38 -0.20 0.00 0.00 0.00 0.00 0.00 0.00 0.00
0 0 0 0 0 0 0 0 0 0 0 0 0 0 0
1.00 -0.48 -0.72 -0.54 -0.16 -0.28 -0.38 -0.19 0.00 0.00 0.00 0.00 0.00 0.00 0.00
0 0 0 0 0 0 0 0 0 0 0 0 0 0 0
1.00 -0.09 -0.11 -0.25 -0.07 -0.06 -0.13 -0.03 0.00 0.00 0.00 0.00 0.00 0.00 0.00
0 0 0 0 0 0 0 0 0 0 0 0 0 0 0
1.00 -0.15 -0.32 -0.20 -0.14 -0.15 -0.04 -0.08 0.00 0.00 0.00 0.00 0.00 0.00 0.00
0 0 0 0 0 0 0 0 0 0 0 0 0 0 0
1.00 -0.14 -0.28 -0.17 -0.15 -0.15 -0.02 -0.07 0.00 0.00 0.00 0.00 0.00 0.00 0.00
0 0 0 0 0 0 0 0 0 0 0 0 0 0 0
1.00 -0.21 -0.18 -0.12 -0.15 -0.11 -0.11 -0.06 0.00 0.00 0.00 0.00 0.00 0.00 0.00
0 0 0 0 0 0 0 0 0 0 0 0 0 0 0
1.00 -0.08 -0.15 -0.13 -0.04 -0.22 -0.07 -0.04 0.00 0.00 0.00 0.00 0.00 0.00 0.00
0 0 0 0 0 0 0 0 0 0 0 0 0 0 0
1.00 -0.08 -0.00 -0.10 -0.07 -0.05 -0.14 0.00 0.00 0.00 0.00 0.00 0.00 0.00 0.00
0 0 0 0 0 0 0 0 0 0 0 0 0 0 0
1.00 -0.09 -0.04 -0.06 -0.08 0.06 0.07 0.04 0.00 0.00 0.00 0.00 0.00 0.00 0.00
0 0 0 0 0 0 0 0 0 0 0 0 0 0 0
