1.00 -1.87 -2.69 -2.75 -2.34 -3.10 -2.63 -1.12 0.00 0.00 0.00 0.00 0.00 0.00 0.00
1.00 -2.31 -2.89 -2.38 -2.72 -3.40 -2.23 -1.22 0.00 0.00 0.00 0.00 0.00 0.00 0.00
1.00 -1.81 -0.69 0.86 -2.35 -1.66 0.49 -0.53 0.00 0.00 0.00 0.00 0.00 0.00 0.00
0 0 0 0 0 0 0 0 0 0 0 0 0 0 0
1.00 1.45 3.06 3.23 1.09 2.96 3.05 1.06 0.00 0.00 0.00 0.00 0.00 0.00 0.00
0 0 0 0 0 0 0 0 0 0 0 0 0 0 0
1.00 1.45 3.06 3.23 1.09 2.96 3.05 1.06 0.00 0.00 0.00 0.00 0.00 0.00 0.00
0 0 0 0 0 0 0 0 0 0 0 0 0 0 0
1.00 3.66 3.96 3.51 4.17 5.13 3.49 1.83 0.00 0.00 0.00 0.00 0.00 0.00 0.00
0 0 0 0 0 0 0 0 0 0 0 0 0 0 0
1.00 3.97 3.69 2.81 5.26 5.04 2.70 1.73 0.00 0.00 0.00 0.00 0.00 0.00 0.00
0 0 0 0 0 0 0 0 0 0 0 0 0 0 0
1.00 3.76 3.79 3.43 5.29 5.80 3.35 1.76 0.00 0.00 0.00 0.00 0.00 0.00 0.00
0 0 0 0 0 0 0 0 0 0 0 0 0 0 0
1.00 2.48 2.23 1.56 3.39 3.13 1.62 1.00 0.00 0.00 0.00 0.00 0.00 0.00 0.00
0 0 0 0 0 0 0 0 0 0 0 0 0 0 0
1.00 0.33 0.01 -0.24 0.20 -0.56 -0.78 -0.19 0.00 0.00 0.00 0.00 0.00 0.00 0.00
0 0 0 0 0 0 0 0 0 0 0 0 0 0 0
1.00 -1.99 -2.58 -2.71 -3.15 -4.09 -3.24 -1.33 0.00 0.00 0.00 0.00 0.00 0.00 0.00
0 0 0 0 0 0 0 0 0 0 0 0 0 0 0
1.00 -4.65 -5.43 -5.38 -6.40 -7.62 -4.99 -2.49 0.00 0.00 0.00 0.00 0.00 0.00 0.00
0 0 0 0 0 0 0 0 0 0 0 0 0 0 0
1.00 -2.87 -3.56 -3.21 -4.24 -4.84 -2.93 -1.57 0.00 0.00 0.00 0.00 0.00 0.00 0.00
0 0 0 0 0 0 0 0 0 0 0 0 0 0 0
