1.00 0.80 0.37 0.00 0.93 0.47 -0.07 0.20 0.00 0.00 0.00 0.00 0.00 0.00 0.00
1.00 -0.09 -0.62 -0.88 0.06 -0.26 -0.54 -0.10 0.00 0.00 0.00 0.00 0.00 0.00 0.00
1.00 -0.78 -1.10 -0.95 -0.59 -0.75 -0.46 -0.34 0.00 0.00 0.00 0.00 0.00 0.00 0.00
0 0 0 0 0 0 0 0 0 0 0 0 0 0 0
1.00 -0.89 -1.21 -0.99 -0.61 -0.80 -0.66 -0.31 0.00 0.00 0.00 0.00 0.00 0.00 0.00
0 0 0 0 0 0 0 0 0 0 0 0 0 0 0
1.00 -0.89 -1.21 -0.99 -0.61 -0.80 -0.66 -0.31 0.00 0.00 0.00 0.00 0.00 0.00 0.00
0 0 0 0 0 0 0 0 0 0 0 0 0 0 0
1.00 -0.47 -0.55 -0.44 -0.29 -0.40 -0.28 -0.14 0.00 0.00 0.00 0.00 0.00 0.00 0.00
0 0 0 0 0 0 0 0 0 0 0 0 0 0 0
1.00 -0.26 -0.41 -0.49 -0.26 -0.30 -0.38 -0.11 0.00 0.00 0.00 0.00 0.00 0.00 0.00
0 0 0 0 0 0 0 0 0 0 0 0 0 0 0
1.00 -0.41 -0.48 -0.40 -0.27 -0.30 -0.25 -0.17 0.00 0.00 0.00 0.00 0.00 0.00 0.00
0 0 0 0 0 0 0 0 0 0 0 0 0 0 0
1.00 -0.43 -0.49 -0.28 -0.32 -0.32 -0.17 -0.12 0.00 0.00 0.00 0.00 0.00 0.00 0.00
0 0 0 0 0 0 0 0 0 0 0 0 0 0 0
1.00 -0.29 -0.33 -0.16 -0.23 -0.22 -0.14 -0.07 0.00 0.00 0.00 0.00 0.00 0.00 0.00
0 0 0 0 0 0 0 0 0 0 0 0 0 0 0
1.00 -0.11 -0.03 -0.11 -0.09 0.07 0.11 -0.04 0.00 0.00 0.00 0.00 0.00 0.00 0.00
0 0 0 0 0 0 0 0 0 0 0 0 0 0 0
1.00 -0.08 -0.17 -0.11 -0.09 -0.11 -0.08 -0.06 0.00 0.00 0.00 0.00 0.00 0.00 0.00
0 0 0 0 0 0 0 0 0 0 0 0 0 0 0
1.00 -0.05 -0.07 0.01 -0.15 -0.08 0.01 -0.02 0.00 0.00 0.00 0.00 0.00 0.00 0.00
0 0 0 0 0 0 0 0 0 0 0 0 0 0 0
