1.00 -2.57 -2.62 -2.53 -3.06 -3.80 -2.61 -1.17 0.00 0.00 0.00 0.00 0.00 0.00 0.00
1.00 -1.67 -0.51 0.47 -2.55 -1.98 -0.10 -0.51 0.00 0.00 0.00 0.00 0.00 0.00 0.00
1.00 1.76 2.34 2.78 1.11 2.58 2.72 0.85 0.00 0.00 0.00 0.00 0.00 0.00 0.00
0 0 0 0 0 0 0 0 0 0 0 0 0 0 0
1.00 3.71 3.40 3.35 4.56 5.37 3.67 1.55 0.00 0.00 0.00 0.00 0.00 0.00 0.00
0 0 0 0 0 0 0 0 0 0 0 0 0 0 0
1.00 3.71 3.40 3.35 4.56 5.37 3.67 1.55 0.00 0.00 0.00 0.00 0.00 0.00 0.00
0 0 0 0 0 0 0 0 0 0 0 0 0 0 0
1.00 4.33 3.63 3.11 6.11 6.19 3.40 1.85 0.00 0.00 0.00 0.00 0.00 0.00 0.00
0 0 0 0 0 0 0 0 0 0 0 0 0 0 0
1.00 3.67 3.47 3.40 6.11 6.41 4.05 1.71 0.00 0.00 0.00 0.00 0.00 0.00 0.00
0 0 0 0 0 0 0 0 0 0 0 0 0 0 0
1.00 2.79 2.54 2.37 4.47 4.86 2.80 1.38 0.00 0.00 0.00 0.00 0.00 0.00 0.00
0 0 0 0 0 0 0 0 0 0 0 0 0 0 0
1.00 1.27 0.95 0.69 1.65 1.32 0.69 0.46 0.00 0.00 0.00 0.00 0.00 0.00 0.00
0 0 0 0 0 0 0 0 0 0 0 0 0 0 0
1.00 -0.92 -1.22 -1.79 -2.08 -2.84 -2.21 -0.68 0.00 0.00 0.00 0.00 0.00 0.00 0.00
0 0 0 0 0 0 0 0 0 0 0 0 0 0 0
1.00 -3.77 -4.26 -4.81 -6.34 -7.97 -5.56 -2.20 0.00 0.00 0.00 0.00 0.00 0.00 0.00
0 0 0 0 0 0 0 0 0 0 0 0 0 0 0
1.00 -2.26 -2.47 -2.76 -4.46 -5.08 -3.28 -1.40 0.00 0.00 0.00 0.00 0.00 0.00 0.00
0 0 0 0 0 0 0 0 0 0 0 0 0 0 0
1.00 -3.24 -2.83 -2.74 -4.63 -4.63 -2.89 -1.36 0.00 0.00 0.00 0.00 0.00 0.00 0.00
0 0 0 0 0 0 0 0 0 0 0 0 0 0 0
