1.00 0.91 0.48 0.18 0.84 0.57 -0.01 0.18 0.00 0.00 0.00 0.00 0.00 0.00 0.00
1.00 0.06 -0.43 -0.41 0.18 -0.17 -0.26 -0.12 0.00 0.00 0.00 0.00 0.00 0.00 0.00
1.00 -0.38 -0.49 -0.46 -0.14 -0.16 -0.33 -0.13 0.00 0.00 0.00 0.00 0.00 0.00 0.00
0 0 0 0 0 0 0 0 0 0 0 0 0 0 0
1.00 -0.52 -0.61 -0.50 -0.38 -0.31 -0.33 -0.17 0.00 0.00 0.00 0.00 0.00 0.00 0.00
0 0 0 0 0 0 0 0 0 0 0 0 0 0 0
1.00 -0.52 -0.61 -0.50 -0.38 -0.31 -0.33 -0.17 0.00 0.00 0.00 0.00 0.00 0.00 0.00
0 0 0 0 0 0 0 0 0 0 0 0 0 0 0
1.00 -0.47 -0.70 -0.69 -0.38 -0.51 -0.32 -0.21 0.00 0.00 0.00 0.00 0.00 0.00 0.00
0 0 0 0 0 0 0 0 0 0 0 0 0 0 0
1.00 -0.21 -0.32 -0.20 -0.19 -0.21 -0.19 -0.10 0.00 0.00 0.00 0.00 0.00 0.00 0.00
0 0 0 0 0 0 0 0 0 0 0 0 0 0 0
1.00 -0.21 -0.16 -0.23 -0.09 -0.13 -0.22 -0.03 0.00 0.00 0.00 0.00 0.00 0.00 0.00
0 0 0 0 0 0 0 0 0 0 0 0 0 0 0
1.00 -0.21 -0.22 -0.20 -0.30 -0.08 -0.16 -0.10 0.00 0.00 0.00 0.00 0.00 0.00 0.00
0 0 0 0 0 0 0 0 0 0 0 0 0 0 0
1.00 -0.09 -0.24 -0.25 0.17 -0.13 -0.21 -0.08 0.00 0.00 0.00 0.00 0.00 0.00 0.00
0 0 0 0 0 0 0 0 0 0 0 0 0 0 0
1.00 -0.31 -0.27 -0.12 -0.37 -0.27 -0.01 -0.11 0.00 0.00 0.00 0.00 0.00 0.00 0.00
0 0 0 0 0 0 0 0 0 0 0 0 0 0 0
1.00 -0.17 -0.15 -0.05 -0.10 -0.14 -0.19 -0.03 0.00 0.00 0.00 0.00 0.00 0.00 0.00
0 0 0 0 0 0 0 0 0 0 0 0 0 0 0
1.00 0.02 -0.08 -0.05 0.06 0.01 0.08 0.02 0.00 0.00 0.00 0.00 0.00 0.00 0.00
0 0 0 0 0 0 0 0 0 0 0 0 0 0 0
