1.00 -2.88 -2.96 -1.71 -3.40 -3.86 -1.76 -1.34 0.00 0.00 0.00 0.00 0.00 0.00 0.00
1.00 -1.22 0.36 1.66 -2.09 -0.51 1.21 -0.23 0.00 0.00 0.00 0.00 0.00 0.00 0.00
1.00 2.39 3.54 3.47 2.15 4.01 3.28 1.35 0.00 0.00 0.00 0.00 0.00 0.00 0.00
0 0 0 0 0 0 0 0 0 0 0 0 0 0 0
1.00 3.99 4.12 3.65 5.01 5.63 3.66 1.91 0.00 0.00 0.00 0.00 0.00 0.00 0.00
0 0 0 0 0 0 0 0 0 0 0 0 0 0 0
1.00 3.99 4.12 3.65 5.01 5.63 3.66 1.91 0.00 0.00 0.00 0.00 0.00 0.00 0.00
0 0 0 0 0 0 0 0 0 0 0 0 0 0 0
1.00 4.17 3.73 2.81 5.66 5.49 2.80 1.86 0.00 0.00 0.00 0.00 0.00 0.00 0.00
0 0 0 0 0 0 0 0 0 0 0 0 0 0 0
1.00 4.74 4.87 3.86 6.82 7.04 3.88 2.31 0.00 0.00 0.00 0.00 0.00 0.00 0.00
0 0 0 0 0 0 0 0 0 0 0 0 0 0 0
1.00 2.81 2.45 1.61 3.59 2.73 0.91 1.04 0.00 0.00 0.00 0.00 0.00 0.00 0.00
0 0 0 0 0 0 0 0 0 0 0 0 0 0 0
1.00 -0.26 -1.01 -1.79 -1.19 -2.80 -2.40 -0.68 0.00 0.00 0.00 0.00 0.00 0.00 0.00
0 0 0 0 0 0 0 0 0 0 0 0 0 0 0
1.00 -3.48 -4.23 -4.19 -5.46 -6.58 -4.20 -2.00 0.00 0.00 0.00 0.00 0.00 0.00 0.00
0 0 0 0 0 0 0 0 0 0 0 0 0 0 0
1.00 -5.42 -5.86 -5.03 -7.03 -7.41 -4.67 -2.55 0.00 0.00 0.00 0.00 0.00 0.00 0.00
0 0 0 0 0 0 0 0 0 0 0 0 0 0 0
1.00 -2.77 -2.81 -2.35 -3.72 -3.84 -2.28 -1.28 0.00 0.00 0.00 0.00 0.00 0.00 0.00
0 0 0 0 0 0 0 0 0 0 0 0 0 0 0
1.00 -2.29 -2.44 -2.05 -2.78 -3.13 -1.96 -1.05 0.00 0.00 0.00 0.00 0.00 0.00 0.00
0 0 0 0 0 0 0 0 0 0 0 0 0 0 0
