1.00 0.92 1.26 1.44 0.63 1.22 0.99 0.43 0.00 0.00 0.00 0.00 0.00 0.00 0.00
1.00 0.73 0.98 1.16 0.45 0.98 0.78 0.34 0.00 0.00 0.00 0.00 0.00 0.00 0.00
1.00 0.79 0.92 0.69 0.99 1.00 0.55 0.36 0.00 0.00 0.00 0.00 0.00 0.00 0.00
0 0 0 0 0 0 0 0 0 0 0 0 0 0 0
1.00 0.16 0.27 0.06 0.41 0.28 0.13 0.10 0.00 0.00 0.00 0.00 0.00 0.00 0.00
0 0 0 0 0 0 0 0 0 0 0 0 0 0 0
1.00 0.16 0.27 0.06 0.41 0.28 0.13 0.10 0.00 0.00 0.00 0.00 0.00 0.00 0.00
0 0 0 0 0 0 0 0 0 0 0 0 0 0 0
1.00 -0.19 -0.42 -0.63 -0.22 -0.43 -0.39 -0.18 0.00 0.00 0.00 0.00 0.00 0.00 0.00
0 0 0 0 0 0 0 0 0 0 0 0 0 0 0
1.00 0.12 0.13 -0.00 0.25 0.10 -0.03 0.02 0.00 0.00 0.00 0.00 0.00 0.00 0.00
0 0 0 0 0 0 0 0 0 0 0 0 0 0 0
1.00 -0.21 -0.33 -0.29 -0.22 -0.37 -0.37 -0.13 0.00 0.00 0.00 0.00 0.00 0.00 0.00
0 0 0 0 0 0 0 0 0 0 0 0 0 0 0
1.00 -0.48 -0.47 -0.71 -0.48 -0.73 -0.48 -0.24 0.00 0.00 0.00 0.00 0.00 0.00 0.00
0 0 0 0 0 0 0 0 0 0 0 0 0 0 0
1.00 -0.68 -0.96 -0.99 -0.83 -0.99 -0.68 -0.38 0.00 0.00 0.00 0.00 0.00 0.00 0.00
0 0 0 0 0 0 0 0 0 0 0 0 0 0 0
1.00 -0.95 -1.44 -1.33 -0.94 -1.19 -1.03 -0.46 0.00 0.00 0.00 0.00 0.00 0.00 0.00
0 0 0 0 0 0 0 0 0 0 0 0 0 0 0
1.00 -0.48 -0.55 -0.48 -0.39 -0.58 -0.36 -0.22 0.00 0.00 0.00 0.00 0.00 0.00 0.00
0 0 0 0 0 0 0 0 0 0 0 0 0 0 0
1.00 -0.41 -0.46 -0.37 -0.31 -0.48 -0.27 -0.17 0.00 0.00 0.00 0.00 0.00 0.00 0.00
0 0 0 0 0 0 0 0 0 0 0 0 0 0 0
