1.00 3.16 4.96 5.04 3.08 5.49 4.70 1.85 0.00 0.00 0.00 0.00 0.00 0.00 0.00
1.00 2.98 3.69 3.53 3.31 4.91 3.59 1.62 0.00 0.00 0.00 0.00 0.00 0.00 0.00
1.00 3.50 3.81 3.36 4.70 5.65 3.39 1.79 0.00 0.00 0.00 0.00 0.00 0.00 0.00
0 0 0 0 0 0 0 0 0 0 0 0 0 0 0
1.00 2.97 2.74 2.29 4.28 4.20 2.17 1.30 0.00 0.00 0.00 0.00 0.00 0.00 0.00
0 0 0 0 0 0 0 0 0 0 0 0 0 0 0
1.00 2.97 2.74 2.29 4.28 4.20 2.17 1.30 0.00 0.00 0.00 0.00 0.00 0.00 0.00
0 0 0 0 0 0 0 0 0 0 0 0 0 0 0
1.00 1.60 1.03 0.44 1.93 1.15 0.30 0.54 0.00 0.00 0.00 0.00 0.00 0.00 0.00
0 0 0 0 0 0 0 0 0 0 0 0 0 0 0
1.00 -0.67 -1.37 -1.80 -1.44 -2.76 -2.28 -0.67 0.00 0.00 0.00 0.00 0.00 0.00 0.00
0 0 0 0 0 0 0 0 0 0 0 0 0 0 0
1.00 1.54 1.06 0.06 0.70 -0.29 -0.74 0.25 0.00 0.00 0.00 0.00 0.00 0.00 0.00
0 0 0 0 0 0 0 0 0 0 0 0 0 0 0
1.00 -0.98 -2.04 -2.32 -2.36 -3.64 -2.53 -0.96 0.00 0.00 0.00 0.00 0.00 0.00 0.00
0 0 0 0 0 0 0 0 0 0 0 0 0 0 0
1.00 -3.08 -3.38 -3.23 -4.31 -4.82 -2.91 -1.53 0.00 0.00 0.00 0.00 0.00 0.00 0.00
0 0 0 0 0 0 0 0 0 0 0 0 0 0 0
1.00 -3.44 -3.50 -2.99 -3.97 -4.05 -2.51 -1.36 0.00 0.00 0.00 0.00 0.00 0.00 0.00
0 0 0 0 0 0 0 0 0 0 0 0 0 0 0
1.00 -2.93 -2.96 -2.39 -3.04 -3.10 -1.98 -1.09 0.00 0.00 0.00 0.00 0.00 0.00 0.00
0 0 0 0 0 0 0 0 0 0 0 0 0 0 0
1.00 -2.41 -2.43 -2.00 -2.23 -2.26 -1.54 -0.95 0.00 0.00 0.00 0.00 0.00 0.00 0.00
0 0 0 0 0 0 0 0 0 0 0 0 0 0 0
