1.00 1.45 2.03 2.20 0.80 1.63 1.57 0.62 0.00 0.00 0.00 0.00 0.00 0.00 0.00
1.00 1.41 2.11 2.25 1.30 1.86 1.64 0.67 0.00 0.00 0.00 0.00 0.00 0.00 0.00
1.00 0.93 1.42 1.43 0.95 1.48 1.09 0.51 0.00 0.00 0.00 0.00 0.00 0.00 0.00
0 0 0 0 0 0 0 0 0 0 0 0 0 0 0
1.00 0.68 1.08 0.92 0.82 0.95 0.79 0.28 0.00 0.00 0.00 0.00 0.00 0.00 0.00
0 0 0 0 0 0 0 0 0 0 0 0 0 0 0
1.00 0.68 1.08 0.92 0.82 0.95 0.79 0.28 0.00 0.00 0.00 0.00 0.00 0.00 0.00
0 0 0 0 0 0 0 0 0 0 0 0 0 0 0
1.00 0.40 0.50 0.53 0.48 0.54 0.25 0.13 0.00 0.00 0.00 0.00 0.00 0.00 0.00
0 0 0 0 0 0 0 0 0 0 0 0 0 0 0
1.00 0.14 -0.00 -0.46 0.09 -0.14 -0.24 -0.03 0.00 0.00 0.00 0.00 0.00 0.00 0.00
0 0 0 0 0 0 0 0 0 0 0 0 0 0 0
1.00 0.19 0.23 0.42 0.27 0.30 0.31 0.06 0.00 0.00 0.00 0.00 0.00 0.00 0.00
0 0 0 0 0 0 0 0 0 0 0 0 0 0 0
1.00 0.04 0.12 0.01 -0.03 -0.03 -0.05 -0.01 0.00 0.00 0.00 0.00 0.00 0.00 0.00
0 0 0 0 0 0 0 0 0 0 0 0 0 0 0
1.00 -0.04 0.02 -0.08 -0.09 -0.10 -0.11 -0.04 0.00 0.00 0.00 0.00 0.00 0.00 0.00
0 0 0 0 0 0 0 0 0 0 0 0 0 0 0
1.00 -0.32 -0.60 -0.71 -0.42 -0.64 -0.45 -0.16 0.00 0.00 0.00 0.00 0.00 0.00 0.00
0 0 0 0 0 0 0 0 0 0 0 0 0 0 0
1.00 -0.75 -0.94 -0.79 -0.71 -0.87 -0.56 -0.29 0.00 0.00 0.00 0.00 0.00 0.00 0.00
0 0 0 0 0 0 0 0 0 0 0 0 0 0 0
1.00 -0.78 -1.20 -1.36 -0.71 -1.07 -1.05 -0.29 0.00 0.00 0.00 0.00 0.00 0.00 0.00
0 0 0 0 0 0 0 0 0 0 0 0 0 0 0
