1.00 -0.57 1.22 2.21 -1.27 0.62 2.02 0.18 0.00 0.00 0.00 0.00 0.00 0.00 0.00
1.00 2.50 3.45 3.12 2.57 4.06 3.02 1.42 0.00 0.00 0.00 0.00 0.00 0.00 0.00
1.00 3.40 3.52 3.05 4.29 4.83 2.96 1.60 0.00 0.00 0.00 0.00 0.00 0.00 0.00
0 0 0 0 0 0 0 0 0 0 0 0 0 0 0
1.00 3.37 3.00 2.13 4.42 3.99 1.96 1.33 0.00 0.00 0.00 0.00 0.00 0.00 0.00
0 0 0 0 0 0 0 0 0 0 0 0 0 0 0
1.00 3.37 3.00 2.13 4.42 3.99 1.96 1.33 0.00 0.00 0.00 0.00 0.00 0.00 0.00
0 0 0 0 0 0 0 0 0 0 0 0 0 0 0
1.00 3.88 3.95 3.27 5.34 5.62 3.07 1.78 0.00 0.00 0.00 0.00 0.00 0.00 0.00
0 0 0 0 0 0 0 0 0 0 0 0 0 0 0
1.00 2.26 2.17 1.23 2.60 2.18 0.69 0.83 0.00 0.00 0.00 0.00 0.00 0.00 0.00
0 0 0 0 0 0 0 0 0 0 0 0 0 0 0
1.00 -0.36 -1.18 -1.66 -1.22 -2.60 -2.09 -0.68 0.00 0.00 0.00 0.00 0.00 0.00 0.00
0 0 0 0 0 0 0 0 0 0 0 0 0 0 0
1.00 -3.09 -4.04 -3.96 -4.84 -5.96 -3.82 -1.87 0.00 0.00 0.00 0.00 0.00 0.00 0.00
0 0 0 0 0 0 0 0 0 0 0 0 0 0 0
1.00 -4.95 -5.31 -4.58 -6.21 -6.57 -4.04 -2.18 0.00 0.00 0.00 0.00 0.00 0.00 0.00
0 0 0 0 0 0 0 0 0 0 0 0 0 0 0
1.00 -2.62 -2.67 -2.47 -3.51 -3.59 -2.12 -1.13 0.00 0.00 0.00 0.00 0.00 0.00 0.00
0 0 0 0 0 0 0 0 0 0 0 0 0 0 0
1.00 -2.22 -2.24 -1.88 -2.58 -2.49 -1.55 -0.88 0.00 0.00 0.00 0.00 0.00 0.00 0.00
0 0 0 0 0 0 0 0 0 0 0 0 0 0 0
1.00 -1.58 -1.76 -1.46 -1.66 -1.84 -1.28 -0.68 0.00 0.00 0.00 0.00 0.00 0.00 0.00
0 0 0 0 0 0 0 0 0 0 0 0 0 0 0
