1.00 2.37 4.30 4.69 2.34 4.55 4.23 1.46 0.00 0.00 0.00 0.00 0.00 0.00 0.00
1.00 2.38 3.39 3.40 2.42 4.32 3.44 1.41 0.00 0.00 0.00 0.00 0.00 0.00 0.00
1.00 3.19 3.53 3.15 4.02 4.76 3.33 1.55 0.00 0.00 0.00 0.00 0.00 0.00 0.00
0 0 0 0 0 0 0 0 0 0 0 0 0 0 0
1.00 2.77 2.99 2.49 3.90 4.38 2.51 1.36 0.00 0.00 0.00 0.00 0.00 0.00 0.00
0 0 0 0 0 0 0 0 0 0 0 0 0 0 0
1.00 2.77 2.99 2.49 3.90 4.38 2.51 1.36 0.00 0.00 0.00 0.00 0.00 0.00 0.00
0 0 0 0 0 0 0 0 0 0 0 0 0 0 0
1.00 2.06 1.47 0.90 2.61 2.21 0.63 0.76 0.00 0.00 0.00 0.00 0.00 0.00 0.00
0 0 0 0 0 0 0 0 0 0 0 0 0 0 0
1.00 -0.26 -1.08 -1.68 -0.72 -2.44 -2.25 -0.61 0.00 0.00 0.00 0.00 0.00 0.00 0.00
0 0 0 0 0 0 0 0 0 0 0 0 0 0 0
1.00 0.89 0.40 -0.37 0.21 -1.08 -1.07 -0.07 0.00 0.00 0.00 0.00 0.00 0.00 0.00
0 0 0 0 0 0 0 0 0 0 0 0 0 0 0
1.00 -1.34 -1.91 -2.01 -2.83 -3.70 -2.39 -1.04 0.00 0.00 0.00 0.00 0.00 0.00 0.00
0 0 0 0 0 0 0 0 0 0 0 0 0 0 0
1.00 -2.92 -3.31 -3.11 -4.13 -4.34 -2.81 -1.45 0.00 0.00 0.00 0.00 0.00 0.00 0.00
0 0 0 0 0 0 0 0 0 0 0 0 0 0 0
1.00 -3.35 -3.90 -3.35 -3.87 -4.38 -2.77 -1.46 0.00 0.00 0.00 0.00 0.00 0.00 0.00
0 0 0 0 0 0 0 0 0 0 0 0 0 0 0
1.00 -3.73 -3.54 -2.94 -3.80 -3.77 -2.39 -1.38 0.00 0.00 0.00 0.00 0.00 0.00 0.00
0 0 0 0 0 0 0 0 0 0 0 0 0 0 0
1.00 -1.66 -1.62 -1.40 -1.63 -1.79 -1.04 -0.64 0.00 0.00 0.00 0.00 0.00 0.00 0.00
0 0 0 0 0 0 0 0 0 0 0 0 0 0 0
