1.00 1.10 1.24 1.28 0.72 0.98 0.91 0.42 0.00 0.00 0.00 0.00 0.00 0.00 0.00
1.00 0.79 1.20 1.25 0.70 1.18 0.86 0.36 0.00 0.00 0.00 0.00 0.00 0.00 0.00
1.00 0.84 0.95 0.73 0.90 0.89 0.63 0.19 0.00 0.00 0.00 0.00 0.00 0.00 0.00
0 0 0 0 0 0 0 0 0 0 0 0 0 0 0
1.00 0.89 1.04 0.93 0.93 0.96 0.74 0.33 0.00 0.00 0.00 0.00 0.00 0.00 0.00
0 0 0 0 0 0 0 0 0 0 0 0 0 0 0
1.00 0.89 1.04 0.93 0.93 0.96 0.74 0.33 0.00 0.00 0.00 0.00 0.00 0.00 0.00
0 0 0 0 0 0 0 0 0 0 0 0 0 0 0
1.00 0.28 0.16 -0.24 0.37 0.10 -0.10 -0.22 0.00 0.00 0.00 0.00 0.00 0.00 0.00
0 0 0 0 0 0 0 0 0 0 0 0 0 0 0
1.00 -0.60 -0.55 -0.52 -0.49 -0.60 -0.33 -0.60 0.00 0.00 0.00 0.00 0.00 0.00 0.00
0 0 0 0 0 0 0 0 0 0 0 0 0 0 0
1.00 -0.44 -0.18 -0.15 -0.50 -0.13 -0.09 -0.19 0.00 0.00 0.00 0.00 0.00 0.00 0.00
0 0 0 0 0 0 0 0 0 0 0 0 0 0 0
1.00 -0.14 -0.24 -0.21 -0.10 -0.05 -0.08 0.05 0.00 0.00 0.00 0.00 0.00 0.00 0.00
0 0 0 0 0 0 0 0 0 0 0 0 0 0 0
1.00 -0.24 -0.65 -0.62 -0.29 -0.63 -0.59 0.09 0.00 0.00 0.00 0.00 0.00 0.00 0.00
0 0 0 0 0 0 0 0 0 0 0 0 0 0 0
1.00 -0.22 -0.26 -0.06 -0.21 -0.16 -0.11 0.00 0.00 0.00 0.00 0.00 0.00 0.00 0.00
0 0 0 0 0 0 0 0 0 0 0 0 0 0 0
1.00 -0.17 -0.15 -0.28 -0.02 -0.24 -0.34 0.08 0.00 0.00 0.00 0.00 0.00 0.00 0.00
0 0 0 0 0 0 0 0 0 0 0 0 0 0 0
1.00 -0.53 -0.88 -0.81 -0.57 -0.88 -0.64 -0.17 0.00 0.00 0.00 0.00 0.00 0.00 0.00
0 0 0 0 0 0 0 0 0 0 0 0 0 0 0
