1.00 1.11 0.80 0.28 1.09 0.83 0.24 0.31 0.00 0.00 0.00 0.00 0.00 0.00 0.00
1.00 0.07 -0.50 -0.77 0.10 -0.29 -0.56 -0.14 0.00 0.00 0.00 0.00 0.00 0.00 0.00
1.00 -0.84 -1.24 -0.98 -0.72 -1.02 -0.73 -0.38 0.00 0.00 0.00 0.00 0.00 0.00 0.00
0 0 0 0 0 0 0 0 0 0 0 0 0 0 0
1.00 -1.12 -1.42 -1.24 -0.99 -1.19 -0.93 -0.48 0.00 0.00 0.00 0.00 0.00 0.00 0.00
0 0 0 0 0 0 0 0 0 0 0 0 0 0 0
1.00 -1.12 -1.42 -1.24 -0.99 -1.19 -0.93 -0.48 0.00 0.00 0.00 0.00 0.00 0.00 0.00
0 0 0 0 0 0 0 0 0 0 0 0 0 0 0
1.00 -1.48 -1.65 -1.50 -1.25 -1.51 -0.96 -0.58 0.00 0.00 0.00 0.00 0.00 0.00 0.00
0 0 0 0 0 0 0 0 0 0 0 0 0 0 0
1.00 -0.57 -0.88 -0.81 -0.49 -0.79 -0.61 -0.30 0.00 0.00 0.00 0.00 0.00 0.00 0.00
0 0 0 0 0 0 0 0 0 0 0 0 0 0 0
1.00 -0.57 -0.81 -0.71 -0.53 -0.70 -0.50 -0.30 0.00 0.00 0.00 0.00 0.00 0.00 0.00
0 0 0 0 0 0 0 0 0 0 0 0 0 0 0
1.00 -0.62 -0.46 -0.36 -0.38 -0.35 -0.32 -0.18 0.00 0.00 0.00 0.00 0.00 0.00 0.00
0 0 0 0 0 0 0 0 0 0 0 0 0 0 0
1.00 -0.40 -0.32 -0.27 -0.43 -0.24 -0.09 -0.12 0.00 0.00 0.00 0.00 0.00 0.00 0.00
0 0 0 0 0 0 0 0 0 0 0 0 0 0 0
1.00 -0.32 -0.22 -0.13 -0.23 -0.05 -0.01 -0.05 0.00 0.00 0.00 0.00 0.00 0.00 0.00
0 0 0 0 0 0 0 0 0 0 0 0 0 0 0
1.00 -0.06 -0.06 -0.08 -0.12 -0.16 0.03 -0.01 0.00 0.00 0.00 0.00 0.00 0.00 0.00
0 0 0 0 0 0 0 0 0 0 0 0 0 0 0
1.00 -0.15 -0.09 -0.14 0.01 -0.08 -0.13 -0.05 0.00 0.00 0.00 0.00 0.00 0.00 0.00
0 0 0 0 0 0 0 0 0 0 0 0 0 0 0
