1.00 -1.83 -2.41 -2.50 -2.00 -2.79 -2.19 -0.97 0.00 0.00 0.00 0.00 0.00 0.00 0.00
1.00 -0.50 1.01 2.29 -0.80 0.66 1.84 0.27 0.00 0.00 0.00 0.00 0.00 0.00 0.00
1.00 3.03 4.06 4.05 2.94 4.32 3.56 1.68 0.00 0.00 0.00 0.00 0.00 0.00 0.00
0 0 0 0 0 0 0 0 0 0 0 0 0 0 0
1.00 4.63 5.03 4.43 5.13 5.89 3.97 2.26 0.00 0.00 0.00 0.00 0.00 0.00 0.00
0 0 0 0 0 0 0 0 0 0 0 0 0 0 0
1.00 4.63 5.03 4.43 5.13 5.89 3.97 2.26 0.00 0.00 0.00 0.00 0.00 0.00 0.00
0 0 0 0 0 0 0 0 0 0 0 0 0 0 0
1.00 3.58 3.94 3.80 4.43 5.27 3.64 1.87 0.00 0.00 0.00 0.00 0.00 0.00 0.00
0 0 0 0 0 0 0 0 0 0 0 0 0 0 0
1.00 2.95 3.23 2.67 4.25 4.76 2.78 1.57 0.00 0.00 0.00 0.00 0.00 0.00 0.00
0 0 0 0 0 0 0 0 0 0 0 0 0 0 0
1.00 1.87 1.90 1.33 2.70 2.57 1.25 0.90 0.00 0.00 0.00 0.00 0.00 0.00 0.00
0 0 0 0 0 0 0 0 0 0 0 0 0 0 0
1.00 0.09 -0.55 -1.10 -0.17 -1.29 -1.49 -0.22 0.00 0.00 0.00 0.00 0.00 0.00 0.00
0 0 0 0 0 0 0 0 0 0 0 0 0 0 0
1.00 -2.81 -3.72 -3.77 -4.41 -5.82 -3.95 -1.77 0.00 0.00 0.00 0.00 0.00 0.00 0.00
0 0 0 0 0 0 0 0 0 0 0 0 0 0 0
1.00 0.27 -0.21 -0.59 -0.51 -1.40 -1.09 -0.30 0.00 0.00 0.00 0.00 0.00 0.00 0.00
0 0 0 0 0 0 0 0 0 0 0 0 0 0 0
1.00 -1.64 -1.74 -1.67 -2.65 -2.94 -1.80 -0.88 0.00 0.00 0.00 0.00 0.00 0.00 0.00
0 0 0 0 0 0 0 0 0 0 0 0 0 0 0
1.00 -2.25 -2.52 -2.23 -3.21 -3.44 -2.04 -1.11 0.00 0.00 0.00 0.00 0.00 0.00 0.00
0 0 0 0 0 0 0 0 0 0 0 0 0 0 0
