1.00 0.77 1.20 1.49 0.43 0.98 1.05 0.38 0.00 0.00 0.00 0.00 0.00 0.00 0.00
1.00 0.49 0.83 1.11 0.13 0.57 0.74 0.24 0.00 0.00 0.00 0.00 0.00 0.00 0.00
1.00 0.84 1.37 1.33 0.89 1.58 1.14 0.49 0.00 0.00 0.00 0.00 0.00 0.00 0.00
0 0 0 0 0 0 0 0 0 0 0 0 0 0 0
1.00 1.24 1.42 1.29 1.61 1.90 1.20 0.61 0.00 0.00 0.00 0.00 0.00 0.00 0.00
0 0 0 0 0 0 0 0 0 0 0 0 0 0 0
1.00 1.24 1.42 1.29 1.61 1.90 1.20 0.61 0.00 0.00 0.00 0.00 0.00 0.00 0.00
0 0 0 0 0 0 0 0 0 0 0 0 0 0 0
1.00 1.11 1.23 0.79 1.48 1.53 0.94 0.50 0.00 0.00 0.00 0.00 0.00 0.00 0.00
0 0 0 0 0 0 0 0 0 0 0 0 0 0 0
1.00 1.13 1.26 0.92 1.48 1.57 0.86 0.58 0.00 0.00 0.00 0.00 0.00 0.00 0.00
0 0 0 0 0 0 0 0 0 0 0 0 0 0 0
1.00 0.55 0.63 0.23 0.74 0.84 0.25 0.24 0.00 0.00 0.00 0.00 0.00 0.00 0.00
0 0 0 0 0 0 0 0 0 0 0 0 0 0 0
1.00 -0.24 -0.29 -0.30 0.03 -0.26 -0.21 -0.05 0.00 0.00 0.00 0.00 0.00 0.00 0.00
0 0 0 0 0 0 0 0 0 0 0 0 0 0 0
1.00 -0.53 -0.84 -0.85 -0.72 -1.02 -0.66 -0.35 0.00 0.00 0.00 0.00 0.00 0.00 0.00
0 0 0 0 0 0 0 0 0 0 0 0 0 0 0
1.00 -1.06 -1.33 -1.39 -1.26 -1.67 -1.24 -0.54 0.00 0.00 0.00 0.00 0.00 0.00 0.00
0 0 0 0 0 0 0 0 0 0 0 0 0 0 0
1.00 -0.18 -0.36 -0.37 -0.12 -0.30 -0.43 -0.13 0.00 0.00 0.00 0.00 0.00 0.00 0.00
0 0 0 0 0 0 0 0 0 0 0 0 0 0 0
1.00 -0.57 -0.74 -0.71 -0.71 -0.78 -0.56 -0.27 0.00 0.00 0.00 0.00 0.00 0.00 0.00
0 0 0 0 0 0 0 0 0 0 0 0 0 0 0
