1.00 0.94 0.70 0.46 1.09 0.89 0.37 0.32 0.00 0.00 0.00 0.00 0.00 0.00 0.00
1.00 0.67 0.10 -0.19 0.82 0.43 -0.27 0.07 0.00 0.00 0.00 0.00 0.00 0.00 0.00
1.00 0.61 0.31 0.27 0.60 0.42 0.18 0.17 0.00 0.00 0.00 0.00 0.00 0.00 0.00
0 0 0 0 0 0 0 0 0 0 0 0 0 0 0
1.00 0.12 -0.20 -0.05 0.05 -0.07 -0.03 0.02 0.00 0.00 0.00 0.00 0.00 0.00 0.00
0 0 0 0 0 0 0 0 0 0 0 0 0 0 0
1.00 0.12 -0.20 -0.05 0.05 -0.07 -0.03 0.02 0.00 0.00 0.00 0.00 0.00 0.00 0.00
0 0 0 0 0 0 0 0 0 0 0 0 0 0 0
1.00 -0.12 -0.24 -0.43 -0.05 -0.08 -0.35 -0.03 0.00 0.00 0.00 0.00 0.00 0.00 0.00
0 0 0 0 0 0 0 0 0 0 0 0 0 0 0
1.00 -0.85 -1.26 -1.35 -0.75 -1.07 -0.78 -0.55 0.00 0.00 0.00 0.00 0.00 0.00 0.00
0 0 0 0 0 0 0 0 0 0 0 0 0 0 0
1.00 -1.27 -1.24 -0.95 -1.13 -1.12 -0.63 -0.52 0.00 0.00 0.00 0.00 0.00 0.00 0.00
0 0 0 0 0 0 0 0 0 0 0 0 0 0 0
1.00 -0.64 -0.67 -0.54 -0.49 -0.60 -0.30 -0.29 0.00 0.00 0.00 0.00 0.00 0.00 0.00
0 0 0 0 0 0 0 0 0 0 0 0 0 0 0
1.00 -0.53 -0.70 -0.70 -0.37 -0.57 -0.57 -0.33 0.00 0.00 0.00 0.00 0.00 0.00 0.00
0 0 0 0 0 0 0 0 0 0 0 0 0 0 0
1.00 -0.59 -0.42 -0.25 -0.51 -0.41 -0.15 -0.21 0.00 0.00 0.00 0.00 0.00 0.00 0.00
0 0 0 0 0 0 0 0 0 0 0 0 0 0 0
1.00 -0.04 -0.08 -0.05 0.05 -0.14 -0.16 0.08 0.00 0.00 0.00 0.00 0.00 0.00 0.00
0 0 0 0 0 0 0 0 0 0 0 0 0 0 0
1.00 0.07 0.03 0.13 -0.06 0.10 0.18 0.16 0.00 0.00 0.00 0.00 0.00 0.00 0.00
0 0 0 0 0 0 0 0 0 0 0 0 0 0 0
