1.00 -2.10 -1.71 -0.43 -2.50 -2.48 -0.63 -0.85 0.00 0.00 0.00 0.00 0.00 0.00 0.00
1.00 0.75 2.10 2.50 0.27 2.11 2.33 0.69 0.00 0.00 0.00 0.00 0.00 0.00 0.00
1.00 3.33 3.87 3.36 3.62 4.83 3.17 1.62 0.00 0.00 0.00 0.00 0.00 0.00 0.00
0 0 0 0 0 0 0 0 0 0 0 0 0 0 0
1.00 4.38 3.99 2.89 5.66 5.52 2.76 1.89 0.00 0.00 0.00 0.00 0.00 0.00 0.00
0 0 0 0 0 0 0 0 0 0 0 0 0 0 0
1.00 4.38 3.99 2.89 5.66 5.52 2.76 1.89 0.00 0.00 0.00 0.00 0.00 0.00 0.00
0 0 0 0 0 0 0 0 0 0 0 0 0 0 0
1.00 4.04 4.17 3.47 5.66 6.03 3.36 1.98 0.00 0.00 0.00 0.00 0.00 0.00 0.00
0 0 0 0 0 0 0 0 0 0 0 0 0 0 0
1.00 2.67 2.45 1.67 3.59 3.13 1.17 1.08 0.00 0.00 0.00 0.00 0.00 0.00 0.00
0 0 0 0 0 0 0 0 0 0 0 0 0 0 0
1.00 0.45 0.09 -0.55 0.08 -0.84 -1.01 -0.20 0.00 0.00 0.00 0.00 0.00 0.00 0.00
0 0 0 0 0 0 0 0 0 0 0 0 0 0 0
1.00 -2.10 -2.83 -3.08 -3.42 -4.67 -3.21 -1.42 0.00 0.00 0.00 0.00 0.00 0.00 0.00
0 0 0 0 0 0 0 0 0 0 0 0 0 0 0
1.00 -4.49 -5.34 -5.00 -6.24 -7.01 -4.50 -2.28 0.00 0.00 0.00 0.00 0.00 0.00 0.00
0 0 0 0 0 0 0 0 0 0 0 0 0 0 0
1.00 -2.84 -2.98 -2.69 -3.83 -3.90 -2.21 -1.33 0.00 0.00 0.00 0.00 0.00 0.00 0.00
0 0 0 0 0 0 0 0 0 0 0 0 0 0 0
1.00 -2.52 -2.40 -2.17 -2.93 -2.84 -1.75 -1.05 0.00 0.00 0.00 0.00 0.00 0.00 0.00
0 0 0 0 0 0 0 0 0 0 0 0 0 0 0
1.00 -1.90 -1.98 -1.83 -2.02 -2.20 -1.44 -0.77 0.00 0.00 0.00 0.00 0.00 0.00 0.00
0 0 0 0 0 0 0 0 0 0 0 0 0 0 0
