1.00 -1.33 -2.10 -2.31 -1.34 -2.30 -2.03 -0.79 0.00 0.00 0.00 0.00 0.00 0.00 0.00
1.00 -1.30 -1.37 -0.33 -1.45 -1.87 -0.33 -0.59 0.00 0.00 0.00 0.00 0.00 0.00 0.00
1.00 0.80 2.75 3.37 0.63 2.80 3.00 0.83 0.00 0.00 0.00 0.00 0.00 0.00 0.00
0 0 0 0 0 0 0 0 0 0 0 0 0 0 0
1.00 4.62 5.37 4.91 5.13 6.61 4.52 2.27 0.00 0.00 0.00 0.00 0.00 0.00 0.00
0 0 0 0 0 0 0 0 0 0 0 0 0 0 0
1.00 4.62 5.37 4.91 5.13 6.61 4.52 2.27 0.00 0.00 0.00 0.00 0.00 0.00 0.00
0 0 0 0 0 0 0 0 0 0 0 0 0 0 0
1.00 3.21 3.62 3.46 3.86 4.85 3.35 1.63 0.00 0.00 0.00 0.00 0.00 0.00 0.00
0 0 0 0 0 0 0 0 0 0 0 0 0 0 0
1.00 3.07 3.27 3.03 4.06 4.59 3.02 1.55 0.00 0.00 0.00 0.00 0.00 0.00 0.00
0 0 0 0 0 0 0 0 0 0 0 0 0 0 0
1.00 2.46 2.62 2.47 3.35 3.81 2.53 1.28 0.00 0.00 0.00 0.00 0.00 0.00 0.00
0 0 0 0 0 0 0 0 0 0 0 0 0 0 0
1.00 1.93 1.59 1.11 2.62 2.64 1.31 0.83 0.00 0.00 0.00 0.00 0.00 0.00 0.00
0 0 0 0 0 0 0 0 0 0 0 0 0 0 0
1.00 0.33 -0.29 -0.73 0.46 -0.38 -0.78 -0.09 0.00 0.00 0.00 0.00 0.00 0.00 0.00
0 0 0 0 0 0 0 0 0 0 0 0 0 0 0
1.00 -2.11 -2.67 -3.12 -2.99 -4.48 -3.51 -1.34 0.00 0.00 0.00 0.00 0.00 0.00 0.00
0 0 0 0 0 0 0 0 0 0 0 0 0 0 0
1.00 0.25 -0.12 -0.63 -0.73 -1.56 -1.30 -0.26 0.00 0.00 0.00 0.00 0.00 0.00 0.00
0 0 0 0 0 0 0 0 0 0 0 0 0 0 0
1.00 -1.68 -2.40 -2.70 -3.38 -4.48 -3.00 -1.25 0.00 0.00 0.00 0.00 0.00 0.00 0.00
0 0 0 0 0 0 0 0 0 0 0 0 0 0 0
