1.00 3.03 4.34 4.54 2.77 4.72 4.02 1.66 0.00 0.00 0.00 0.00 0.00 0.00 0.00
1.00 2.21 2.86 2.70 2.24 3.04 2.65 1.16 0.00 0.00 0.00 0.00 0.00 0.00 0.00
1.00 2.47 2.82 2.50 2.91 3.61 2.34 1.15 0.00 0.00 0.00 0.00 0.00 0.00 0.00
0 0 0 0 0 0 0 0 0 0 0 0 0 0 0
1.00 1.86 2.12 1.84 2.23 2.77 1.76 0.87 0.00 0.00 0.00 0.00 0.00 0.00 0.00
0 0 0 0 0 0 0 0 0 0 0 0 0 0 0
1.00 1.86 2.12 1.84 2.23 2.77 1.76 0.87 0.00 0.00 0.00 0.00 0.00 0.00 0.00
0 0 0 0 0 0 0 0 0 0 0 0 0 0 0
1.00 1.80 1.52 0.98 2.30 2.17 1.01 0.74 0.00 0.00 0.00 0.00 0.00 0.00 0.00
0 0 0 0 0 0 0 0 0 0 0 0 0 0 0
1.00 0.77 0.15 -0.42 0.94 0.21 -0.45 0.15 0.00 0.00 0.00 0.00 0.00 0.00 0.00
0 0 0 0 0 0 0 0 0 0 0 0 0 0 0
1.00 1.60 1.66 1.05 2.21 1.93 0.94 0.71 0.00 0.00 0.00 0.00 0.00 0.00 0.00
0 0 0 0 0 0 0 0 0 0 0 0 0 0 0
1.00 -0.30 -0.68 -0.99 -0.63 -1.35 -1.30 -0.35 0.00 0.00 0.00 0.00 0.00 0.00 0.00
0 0 0 0 0 0 0 0 0 0 0 0 0 0 0
1.00 -2.52 -3.19 -3.32 -3.50 -4.64 -3.44 -1.46 0.00 0.00 0.00 0.00 0.00 0.00 0.00
0 0 0 0 0 0 0 0 0 0 0 0 0 0 0
1.00 -4.79 -5.87 -5.58 -6.41 -7.60 -5.07 -2.50 0.00 0.00 0.00 0.00 0.00 0.00 0.00
0 0 0 0 0 0 0 0 0 0 0 0 0 0 0
1.00 -3.51 -3.80 -3.34 -4.44 -4.54 -2.87 -1.58 0.00 0.00 0.00 0.00 0.00 0.00 0.00
0 0 0 0 0 0 0 0 0 0 0 0 0 0 0
1.00 -2.91 -3.13 -2.66 -3.24 -3.42 -2.18 -1.24 0.00 0.00 0.00 0.00 0.00 0.00 0.00
0 0 0 0 0 0 0 0 0 0 0 0 0 0 0
