1.00 -2.80 -2.65 -2.15 -3.48 -4.07 -2.37 -1.20 0.00 0.00 0.00 0.00 0.00 0.00 0.00
1.00 -1.37 0.00 0.89 -2.39 -1.51 0.42 -0.38 0.00 0.00 0.00 0.00 0.00 0.00 0.00
1.00 2.13 2.57 2.86 1.59 3.21 2.89 1.07 0.00 0.00 0.00 0.00 0.00 0.00 0.00
0 0 0 0 0 0 0 0 0 0 0 0 0 0 0
1.00 3.73 3.48 3.40 4.99 5.83 3.72 1.69 0.00 0.00 0.00 0.00 0.00 0.00 0.00
0 0 0 0 0 0 0 0 0 0 0 0 0 0 0
1.00 3.73 3.48 3.40 4.99 5.83 3.72 1.69 0.00 0.00 0.00 0.00 0.00 0.00 0.00
0 0 0 0 0 0 0 0 0 0 0 0 0 0 0
1.00 4.15 3.31 2.78 6.06 5.78 3.38 1.69 0.00 0.00 0.00 0.00 0.00 0.00 0.00
0 0 0 0 0 0 0 0 0 0 0 0 0 0 0
1.00 3.54 3.22 3.17 5.65 6.00 3.83 1.73 0.00 0.00 0.00 0.00 0.00 0.00 0.00
0 0 0 0 0 0 0 0 0 0 0 0 0 0 0
1.00 2.46 2.23 2.09 3.67 3.79 2.44 1.11 0.00 0.00 0.00 0.00 0.00 0.00 0.00
0 0 0 0 0 0 0 0 0 0 0 0 0 0 0
1.00 0.91 0.62 0.35 1.05 0.87 0.27 0.34 0.00 0.00 0.00 0.00 0.00 0.00 0.00
0 0 0 0 0 0 0 0 0 0 0 0 0 0 0
1.00 -1.20 -1.71 -2.15 -2.67 -3.58 -2.68 -0.93 0.00 0.00 0.00 0.00 0.00 0.00 0.00
0 0 0 0 0 0 0 0 0 0 0 0 0 0 0
1.00 -4.10 -4.24 -4.73 -6.60 -7.90 -5.61 -2.24 0.00 0.00 0.00 0.00 0.00 0.00 0.00
0 0 0 0 0 0 0 0 0 0 0 0 0 0 0
1.00 -2.10 -2.42 -2.77 -4.31 -5.17 -3.47 -1.44 0.00 0.00 0.00 0.00 0.00 0.00 0.00
0 0 0 0 0 0 0 0 0 0 0 0 0 0 0
1.00 -3.18 -2.80 -2.58 -4.80 -4.78 -2.87 -1.49 0.00 0.00 0.00 0.00 0.00 0.00 0.00
0 0 0 0 0 0 0 0 0 0 0 0 0 0 0
