1.00 1.96 2.47 2.41 1.26 1.88 1.70 0.73 0.00 0.00 0.00 0.00 0.00 0.00 0.00
1.00 0.95 1.34 1.81 0.68 1.02 1.32 0.44 0.00 0.00 0.00 0.00 0.00 0.00 0.00
1.00 1.31 1.72 1.79 1.16 1.55 1.30 0.61 0.00 0.00 0.00 0.00 0.00 0.00 0.00
0 0 0 0 0 0 0 0 0 0 0 0 0 0 0
1.00 1.13 1.35 1.15 1.02 1.22 0.81 0.45 0.00 0.00 0.00 0.00 0.00 0.00 0.00
0 0 0 0 0 0 0 0 0 0 0 0 0 0 0
1.00 1.13 1.35 1.15 1.02 1.22 0.81 0.45 0.00 0.00 0.00 0.00 0.00 0.00 0.00
0 0 0 0 0 0 0 0 0 0 0 0 0 0 0
1.00 0.61 0.65 0.46 0.48 0.69 0.42 0.21 0.00 0.00 0.00 0.00 0.00 0.00 0.00
0 0 0 0 0 0 0 0 0 0 0 0 0 0 0
1.00 0.07 -0.05 -0.20 0.05 0.00 -0.12 -0.05 0.00 0.00 0.00 0.00 0.00 0.00 0.00
0 0 0 0 0 0 0 0 0 0 0 0 0 0 0
1.00 -0.69 -0.93 -1.40 -0.61 -0.85 -0.99 -0.32 0.00 0.00 0.00 0.00 0.00 0.00 0.00
0 0 0 0 0 0 0 0 0 0 0 0 0 0 0
1.00 -0.30 -0.38 -0.47 -0.09 -0.39 -0.42 -0.18 0.00 0.00 0.00 0.00 0.00 0.00 0.00
0 0 0 0 0 0 0 0 0 0 0 0 0 0 0
1.00 -0.58 -0.79 -0.96 -0.54 -0.86 -0.74 -0.32 0.00 0.00 0.00 0.00 0.00 0.00 0.00
0 0 0 0 0 0 0 0 0 0 0 0 0 0 0
1.00 -1.01 -1.41 -1.35 -0.92 -1.31 -1.03 -0.46 0.00 0.00 0.00 0.00 0.00 0.00 0.00
0 0 0 0 0 0 0 0 0 0 0 0 0 0 0
1.00 -1.37 -2.05 -2.04 -1.36 -1.75 -1.50 -0.62 0.00 0.00 0.00 0.00 0.00 0.00 0.00
0 0 0 0 0 0 0 0 0 0 0 0 0 0 0
1.00 -0.72 -0.84 -0.67 -0.48 -0.76 -0.45 -0.24 0.00 0.00 0.00 0.00 0.00 0.00 0.00
0 0 0 0 0 0 0 0 0 0 0 0 0 0 0
