1.00 1.66 1.91 1.54 1.46 1.89 1.12 0.71 0.00 0.00 0.00 0.00 0.00 0.00 0.00
1.00 1.42 1.10 0.65 1.64 1.30 0.45 0.45 0.00 0.00 0.00 0.00 0.00 0.00 0.00
1.00 0.65 -0.14 -0.53 0.83 0.06 -0.46 0.02 0.00 0.00 0.00 0.00 0.00 0.00 0.00
0 0 0 0 0 0 0 0 0 0 0 0 0 0 0
1.00 -0.69 -1.38 -1.58 -0.32 -1.18 -1.21 -0.41 0.00 0.00 0.00 0.00 0.00 0.00 0.00
0 0 0 0 0 0 0 0 0 0 0 0 0 0 0
1.00 -0.69 -1.38 -1.58 -0.32 -1.18 -1.21 -0.41 0.00 0.00 0.00 0.00 0.00 0.00 0.00
0 0 0 0 0 0 0 0 0 0 0 0 0 0 0
1.00 -1.33 -1.92 -1.99 -1.09 -1.57 -1.41 -0.63 0.00 0.00 0.00 0.00 0.00 0.00 0.00
0 0 0 0 0 0 0 0 0 0 0 0 0 0 0
1.00 -0.48 -0.70 -0.96 -0.30 -0.70 -0.57 -0.27 0.00 0.00 0.00 0.00 0.00 0.00 0.00
0 0 0 0 0 0 0 0 0 0 0 0 0 0 0
1.00 -0.77 -1.05 -1.15 -0.51 -0.88 -0.83 -0.38 0.00 0.00 0.00 0.00 0.00 0.00 0.00
0 0 0 0 0 0 0 0 0 0 0 0 0 0 0
1.00 -0.83 -0.93 -0.77 -0.58 -0.82 -0.49 -0.28 0.00 0.00 0.00 0.00 0.00 0.00 0.00
0 0 0 0 0 0 0 0 0 0 0 0 0 0 0
1.00 -0.70 -0.84 -0.76 -0.43 -0.65 -0.58 -0.28 0.00 0.00 0.00 0.00 0.00 0.00 0.00
0 0 0 0 0 0 0 0 0 0 0 0 0 0 0
1.00 -0.63 -0.88 -0.57 -0.52 -0.44 -0.40 -0.24 0.00 0.00 0.00 0.00 0.00 0.00 0.00
0 0 0 0 0 0 0 0 0 0 0 0 0 0 0
1.00 -0.31 -0.33 -0.35 -0.17 -0.26 -0.24 -0.13 0.00 0.00 0.00 0.00 0.00 0.00 0.00
0 0 0 0 0 0 0 0 0 0 0 0 0 0 0
1.00 -0.17 -0.26 -0.28 -0.23 -0.30 -0.15 -0.07 0.00 0.00 0.00 0.00 0.00 0.00 0.00
0 0 0 0 0 0 0 0 0 0 0 0 0 0 0
