1.00 -2.13 -2.74 -2.50 -2.54 -3.28 -2.31 -1.12 0.00 0.00 0.00 0.00 0.00 0.00 0.00
1.00 -1.86 -1.43 -0.29 -2.22 -2.12 -0.36 -0.75 0.00 0.00 0.00 0.00 0.00 0.00 0.00
1.00 0.54 2.02 2.72 0.16 1.82 2.21 0.57 0.00 0.00 0.00 0.00 0.00 0.00 0.00
0 0 0 0 0 0 0 0 0 0 0 0 0 0 0
1.00 3.29 3.99 3.67 3.55 4.70 3.48 1.65 0.00 0.00 0.00 0.00 0.00 0.00 0.00
0 0 0 0 0 0 0 0 0 0 0 0 0 0 0
1.00 3.29 3.99 3.67 3.55 4.70 3.48 1.65 0.00 0.00 0.00 0.00 0.00 0.00 0.00
0 0 0 0 0 0 0 0 0 0 0 0 0 0 0
1.00 4.45 4.44 3.81 5.50 6.07 3.55 2.07 0.00 0.00 0.00 0.00 0.00 0.00 0.00
0 0 0 0 0 0 0 0 0 0 0 0 0 0 0
1.00 3.13 3.33 2.99 4.22 4.85 3.09 1.60 0.00 0.00 0.00 0.00 0.00 0.00 0.00
0 0 0 0 0 0 0 0 0 0 0 0 0 0 0
1.00 2.57 2.29 2.07 3.77 3.80 2.09 1.24 0.00 0.00 0.00 0.00 0.00 0.00 0.00
0 0 0 0 0 0 0 0 0 0 0 0 0 0 0
1.00 1.22 0.73 0.02 1.65 1.09 -0.06 0.42 0.00 0.00 0.00 0.00 0.00 0.00 0.00
0 0 0 0 0 0 0 0 0 0 0 0 0 0 0
1.00 -1.35 -2.07 -2.73 -2.07 -3.71 -3.11 -1.09 0.00 0.00 0.00 0.00 0.00 0.00 0.00
0 0 0 0 0 0 0 0 0 0 0 0 0 0 0
1.00 2.83 2.64 1.80 3.34 2.54 1.10 1.03 0.00 0.00 0.00 0.00 0.00 0.00 0.00
0 0 0 0 0 0 0 0 0 0 0 0 0 0 0
1.00 0.25 -0.40 -1.17 -0.86 -2.17 -1.82 -0.50 0.00 0.00 0.00 0.00 0.00 0.00 0.00
0 0 0 0 0 0 0 0 0 0 0 0 0 0 0
1.00 -2.52 -3.35 -3.33 -4.55 -5.31 -3.36 -1.70 0.00 0.00 0.00 0.00 0.00 0.00 0.00
0 0 0 0 0 0 0 0 0 0 0 0 0 0 0
