1.00 0.40 2.35 3.37 -0.61 1.64 2.78 0.62 0.00 0.00 0.00 0.00 0.00 0.00 0.00
1.00 3.07 3.78 3.57 2.68 4.26 3.28 1.48 0.00 0.00 0.00 0.00 0.00 0.00 0.00
1.00 3.34 3.71 3.36 4.08 4.68 3.20 1.64 0.00 0.00 0.00 0.00 0.00 0.00 0.00
0 0 0 0 0 0 0 0 0 0 0 0 0 0 0
1.00 3.11 3.06 2.67 3.86 4.10 2.41 1.47 0.00 0.00 0.00 0.00 0.00 0.00 0.00
0 0 0 0 0 0 0 0 0 0 0 0 0 0 0
1.00 3.11 3.06 2.67 3.86 4.10 2.41 1.47 0.00 0.00 0.00 0.00 0.00 0.00 0.00
0 0 0 0 0 0 0 0 0 0 0 0 0 0 0
1.00 1.98 1.60 1.10 2.69 2.22 1.00 0.77 0.00 0.00 0.00 0.00 0.00 0.00 0.00
0 0 0 0 0 0 0 0 0 0 0 0 0 0 0
1.00 3.92 4.03 3.32 5.07 5.14 2.84 1.75 0.00 0.00 0.00 0.00 0.00 0.00 0.00
0 0 0 0 0 0 0 0 0 0 0 0 0 0 0
1.00 2.23 1.93 1.26 2.21 1.60 0.31 0.67 0.00 0.00 0.00 0.00 0.00 0.00 0.00
0 0 0 0 0 0 0 0 0 0 0 0 0 0 0
1.00 2.29 2.04 1.38 2.43 1.87 0.48 0.74 0.00 0.00 0.00 0.00 0.00 0.00 0.00
0 0 0 0 0 0 0 0 0 0 0 0 0 0 0
1.00 -0.28 -0.83 -1.50 -1.24 -2.41 -2.05 -0.66 0.00 0.00 0.00 0.00 0.00 0.00 0.00
0 0 0 0 0 0 0 0 0 0 0 0 0 0 0
1.00 -3.04 -3.91 -3.79 -4.65 -5.72 -3.57 -1.80 0.00 0.00 0.00 0.00 0.00 0.00 0.00
0 0 0 0 0 0 0 0 0 0 0 0 0 0 0
1.00 -4.92 -5.10 -4.31 -5.98 -6.13 -3.54 -2.12 0.00 0.00 0.00 0.00 0.00 0.00 0.00
0 0 0 0 0 0 0 0 0 0 0 0 0 0 0
1.00 -4.74 -4.65 -3.76 -5.10 -4.95 -2.88 -1.84 0.00 0.00 0.00 0.00 0.00 0.00 0.00
0 0 0 0 0 0 0 0 0 0 0 0 0 0 0
