1.00 1.44 2.80 3.21 0.74 2.98 2.88 0.98 0.00 0.00 0.00 0.00 0.00 0.00 0.00
1.00 3.19 3.51 3.17 3.55 4.60 3.15 1.56 0.00 0.00 0.00 0.00 0.00 0.00 0.00
1.00 3.22 3.06 2.54 4.04 4.23 2.37 1.42 0.00 0.00 0.00 0.00 0.00 0.00 0.00
0 0 0 0 0 0 0 0 0 0 0 0 0 0 0
1.00 2.21 1.78 0.91 2.85 2.37 0.87 0.88 0.00 0.00 0.00 0.00 0.00 0.00 0.00
0 0 0 0 0 0 0 0 0 0 0 0 0 0 0
1.00 2.21 1.78 0.91 2.85 2.37 0.87 0.88 0.00 0.00 0.00 0.00 0.00 0.00 0.00
0 0 0 0 0 0 0 0 0 0 0 0 0 0 0
1.00 0.42 -0.64 -1.63 0.33 -1.21 -1.86 -0.27 0.00 0.00 0.00 0.00 0.00 0.00 0.00
0 0 0 0 0 0 0 0 0 0 0 0 0 0 0
1.00 -0.91 -1.81 -2.50 -2.28 -3.85 -2.94 -1.04 0.00 0.00 0.00 0.00 0.00 0.00 0.00
0 0 0 0 0 0 0 0 0 0 0 0 0 0 0
1.00 -3.17 -4.00 -3.91 -4.74 -5.47 -3.78 -1.71 0.00 0.00 0.00 0.00 0.00 0.00 0.00
0 0 0 0 0 0 0 0 0 0 0 0 0 0 0
1.00 -4.24 -4.70 -4.11 -4.85 -5.39 -3.55 -1.90 0.00 0.00 0.00 0.00 0.00 0.00 0.00
0 0 0 0 0 0 0 0 0 0 0 0 0 0 0
1.00 -3.98 -4.15 -3.73 -4.06 -4.67 -3.02 -1.68 0.00 0.00 0.00 0.00 0.00 0.00 0.00
0 0 0 0 0 0 0 0 0 0 0 0 0 0 0
1.00 -2.13 -2.18 -1.88 -2.42 -2.74 -1.56 -0.95 0.00 0.00 0.00 0.00 0.00 0.00 0.00
0 0 0 0 0 0 0 0 0 0 0 0 0 0 0
1.00 -1.35 -1.51 -1.39 -1.65 -1.66 -1.18 -0.55 0.00 0.00 0.00 0.00 0.00 0.00 0.00
0 0 0 0 0 0 0 0 0 0 0 0 0 0 0
1.00 -0.91 -0.97 -1.02 -0.79 -1.08 -0.76 -0.35 0.00 0.00 0.00 0.00 0.00 0.00 0.00
0 0 0 0 0 0 0 0 0 0 0 0 0 0 0
