1.00 2.23 3.73 3.99 1.44 3.52 3.42 1.24 0.00 0.00 0.00 0.00 0.00 0.00 0.00
1.00 3.53 4.26 4.15 3.80 5.10 3.75 1.75 0.00 0.00 0.00 0.00 0.00 0.00 0.00
1.00 3.79 3.77 3.30 4.62 4.98 3.06 1.72 0.00 0.00 0.00 0.00 0.00 0.00 0.00
0 0 0 0 0 0 0 0 0 0 0 0 0 0 0
1.00 3.13 3.01 2.56 3.88 4.06 2.38 1.40 0.00 0.00 0.00 0.00 0.00 0.00 0.00
0 0 0 0 0 0 0 0 0 0 0 0 0 0 0
1.00 3.13 3.01 2.56 3.88 4.06 2.38 1.40 0.00 0.00 0.00 0.00 0.00 0.00 0.00
0 0 0 0 0 0 0 0 0 0 0 0 0 0 0
1.00 4.45 4.84 4.31 6.06 6.77 4.23 2.26 0.00 0.00 0.00 0.00 0.00 0.00 0.00
0 0 0 0 0 0 0 0 0 0 0 0 0 0 0
1.00 3.48 3.36 2.70 4.52 4.44 2.45 1.52 0.00 0.00 0.00 0.00 0.00 0.00 0.00
0 0 0 0 0 0 0 0 0 0 0 0 0 0 0
1.00 1.12 0.96 0.27 1.42 0.67 -0.24 0.27 0.00 0.00 0.00 0.00 0.00 0.00 0.00
0 0 0 0 0 0 0 0 0 0 0 0 0 0 0
1.00 -1.40 -2.11 -2.33 -2.47 -3.67 -2.64 -1.13 0.00 0.00 0.00 0.00 0.00 0.00 0.00
0 0 0 0 0 0 0 0 0 0 0 0 0 0 0
1.00 -3.98 -4.56 -4.43 -5.59 -6.56 -4.41 -2.07 0.00 0.00 0.00 0.00 0.00 0.00 0.00
0 0 0 0 0 0 0 0 0 0 0 0 0 0 0
1.00 -5.83 -6.26 -5.44 -7.25 -7.81 -4.83 -2.66 0.00 0.00 0.00 0.00 0.00 0.00 0.00
0 0 0 0 0 0 0 0 0 0 0 0 0 0 0
1.00 -3.70 -3.74 -3.24 -4.42 -4.40 -2.77 -1.58 0.00 0.00 0.00 0.00 0.00 0.00 0.00
0 0 0 0 0 0 0 0 0 0 0 0 0 0 0
1.00 -3.14 -3.01 -2.69 -3.21 -3.15 -2.10 -1.20 0.00 0.00 0.00 0.00 0.00 0.00 0.00
0 0 0 0 0 0 0 0 0 0 0 0 0 0 0
