1.00 0.37 0.19 0.11 0.49 0.24 0.07 0.13 0.00 0.00 0.00 0.00 0.00 0.00 0.00
1.00 0.38 0.22 0.13 0.50 0.28 0.09 0.14 0.00 0.00 0.00 0.00 0.00 0.00 0.00
1.00 -0.15 -0.14 -0.02 -0.01 0.04 0.16 0.06 0.00 0.00 0.00 0.00 0.00 0.00 0.00
0 0 0 0 0 0 0 0 0 0 0 0 0 0 0
1.00 -0.39 -0.29 -0.31 -0.20 -0.21 -0.13 -0.05 0.00 0.00 0.00 0.00 0.00 0.00 0.00
0 0 0 0 0 0 0 0 0 0 0 0 0 0 0
1.00 -0.39 -0.29 -0.31 -0.20 -0.21 -0.13 -0.05 0.00 0.00 0.00 0.00 0.00 0.00 0.00
0 0 0 0 0 0 0 0 0 0 0 0 0 0 0
1.00 -0.49 -0.76 -0.53 -0.44 -0.65 -0.49 -0.21 0.00 0.00 0.00 0.00 0.00 0.00 0.00
0 0 0 0 0 0 0 0 0 0 0 0 0 0 0
1.00 -0.81 -0.66 -0.62 -0.64 -0.67 -0.65 -0.23 0.00 0.00 0.00 0.00 0.00 0.00 0.00
0 0 0 0 0 0 0 0 0 0 0 0 0 0 0
1.00 -0.98 -0.87 -0.68 -0.80 -0.83 -0.51 -0.32 0.00 0.00 0.00 0.00 0.00 0.00 0.00
0 0 0 0 0 0 0 0 0 0 0 0 0 0 0
1.00 -0.59 -0.51 -0.38 -0.45 -0.51 -0.27 -0.23 0.00 0.00 0.00 0.00 0.00 0.00 0.00
0 0 0 0 0 0 0 0 0 0 0 0 0 0 0
1.00 -0.51 -0.33 -0.12 -0.34 -0.33 -0.15 -0.13 0.00 0.00 0.00 0.00 0.00 0.00 0.00
0 0 0 0 0 0 0 0 0 0 0 0 0 0 0
1.00 -0.36 -0.31 -0.17 -0.37 -0.29 -0.09 -0.07 0.00 0.00 0.00 0.00 0.00 0.00 0.00
0 0 0 0 0 0 0 0 0 0 0 0 0 0 0
1.00 -0.35 -0.13 -0.22 -0.27 -0.23 -0.05 -0.11 0.00 0.00 0.00 0.00 0.00 0.00 0.00
0 0 0 0 0 0 0 0 0 0 0 0 0 0 0
1.00 -0.25 -0.05 -0.17 -0.17 -0.14 -0.00 -0.07 0.00 0.00 0.00 0.00 0.00 0.00 0.00
0 0 0 0 0 0 0 0 0 0 0 0 0 0 0
