1.00 1.14 0.84 0.57 1.08 0.97 0.23 0.27 0.00 0.00 0.00 0.00 0.00 0.00 0.00
1.00 0.55 0.07 -0.21 0.58 0.28 -0.14 0.02 0.00 0.00 0.00 0.00 0.00 0.00 0.00
1.00 -0.30 -0.74 -0.77 -0.12 -0.53 -0.47 -0.24 0.00 0.00 0.00 0.00 0.00 0.00 0.00
0 0 0 0 0 0 0 0 0 0 0 0 0 0 0
1.00 -0.66 -1.01 -0.88 -0.29 -0.55 -0.59 -0.23 0.00 0.00 0.00 0.00 0.00 0.00 0.00
0 0 0 0 0 0 0 0 0 0 0 0 0 0 0
1.00 -0.66 -1.01 -0.88 -0.29 -0.55 -0.59 -0.23 0.00 0.00 0.00 0.00 0.00 0.00 0.00
0 0 0 0 0 0 0 0 0 0 0 0 0 0 0
1.00 -0.90 -1.01 -1.13 -0.49 -0.51 -0.71 -0.29 0.00 0.00 0.00 0.00 0.00 0.00 0.00
0 0 0 0 0 0 0 0 0 0 0 0 0 0 0
1.00 -1.00 -1.10 -0.94 -0.41 -0.73 -0.58 -0.30 0.00 0.00 0.00 0.00 0.00 0.00 0.00
0 0 0 0 0 0 0 0 0 0 0 0 0 0 0
1.00 -0.38 -0.67 -0.57 -0.28 -0.28 -0.43 -0.18 0.00 0.00 0.00 0.00 0.00 0.00 0.00
0 0 0 0 0 0 0 0 0 0 0 0 0 0 0
1.00 -0.51 -0.48 -0.58 -0.24 -0.33 -0.26 -0.15 0.00 0.00 0.00 0.00 0.00 0.00 0.00
0 0 0 0 0 0 0 0 0 0 0 0 0 0 0
1.00 -0.38 -0.43 -0.30 -0.16 -0.28 -0.22 -0.09 0.00 0.00 0.00 0.00 0.00 0.00 0.00
0 0 0 0 0 0 0 0 0 0 0 0 0 0 0
1.00 -0.22 -0.26 -0.16 -0.05 -0.19 -0.04 -0.06 0.00 0.00 0.00 0.00 0.00 0.00 0.00
0 0 0 0 0 0 0 0 0 0 0 0 0 0 0
1.00 -0.01 -0.19 -0.28 -0.07 -0.18 -0.39 -0.04 0.00 0.00 0.00 0.00 0.00 0.00 0.00
0 0 0 0 0 0 0 0 0 0 0 0 0 0 0
1.00 -0.07 -0.00 -0.11 -0.01 0.02 -0.15 -0.03 0.00 0.00 0.00 0.00 0.00 0.00 0.00
0 0 0 0 0 0 0 0 0 0 0 0 0 0 0
