1.00 -0.17 -0.35 -0.36 0.14 -0.13 -0.28 -0.05 0.00 0.00 0.00 0.00 0.00 0.00 0.00
1.00 -0.38 -0.58 -0.63 -0.29 -0.31 -0.28 -0.12 0.00 0.00 0.00 0.00 0.00 0.00 0.00
1.00 -0.70 -0.63 -0.60 -0.38 -0.37 -0.30 -0.19 0.00 0.00 0.00 0.00 0.00 0.00 0.00
0 0 0 0 0 0 0 0 0 0 0 0 0 0 0
1.00 -0.51 -0.47 -0.41 -0.18 -0.25 -0.20 -0.12 0.00 0.00 0.00 0.00 0.00 0.00 0.00
0 0 0 0 0 0 0 0 0 0 0 0 0 0 0
1.00 -0.51 -0.47 -0.41 -0.18 -0.25 -0.20 -0.12 0.00 0.00 0.00 0.00 0.00 0.00 0.00
0 0 0 0 0 0 0 0 0 0 0 0 0 0 0
1.00 -0.42 -0.43 -0.53 -0.16 -0.35 -0.26 -0.11 0.00 0.00 0.00 0.00 0.00 0.00 0.00
0 0 0 0 0 0 0 0 0 0 0 0 0 0 0
1.00 -0.46 -0.58 -0.45 -0.19 -0.37 -0.35 -0.18 0.00 0.00 0.00 0.00 0.00 0.00 0.00
0 0 0 0 0 0 0 0 0 0 0 0 0 0 0
1.00 -0.24 -0.05 -0.22 -0.23 -0.16 -0.08 -0.02 0.00 0.00 0.00 0.00 0.00 0.00 0.00
0 0 0 0 0 0 0 0 0 0 0 0 0 0 0
1.00 -0.20 -0.25 -0.11 -0.05 -0.08 0.16 -0.05 0.00 0.00 0.00 0.00 0.00 0.00 0.00
0 0 0 0 0 0 0 0 0 0 0 0 0 0 0
1.00 -0.10 -0.09 -0.17 0.06 -0.02 0.00 -0.06 0.00 0.00 0.00 0.00 0.00 0.00 0.00
0 0 0 0 0 0 0 0 0 0 0 0 0 0 0
1.00 0.01 -0.10 -0.14 -0.09 -0.02 -0.15 -0.05 0.00 0.00 0.00 0.00 0.00 0.00 0.00
0 0 0 0 0 0 0 0 0 0 0 0 0 0 0
1.00 -0.09 -0.02 0.06 -0.19 -0.16 -0.13 -0.06 0.00 0.00 0.00 0.00 0.00 0.00 0.00
0 0 0 0 0 0 0 0 0 0 0 0 0 0 0
1.00 -0.17 -0.11 -0.07 -0.28 0.01 -0.20 0.00 0.00 0.00 0.00 0.00 0.00 0.00 0.00
0 0 0 0 0 0 0 0 0 0 0 0 0 0 0
