1.00 3.73 5.37 5.46 3.48 5.81 4.93 1.99 0.00 0.00 0.00 0.00 0.00 0.00 0.00
1.00 3.12 3.76 3.58 3.18 4.60 3.27 1.60 0.00 0.00 0.00 0.00 0.00 0.00 0.00
1.00 3.49 3.60 2.93 4.27 4.92 2.99 1.71 0.00 0.00 0.00 0.00 0.00 0.00 0.00
0 0 0 0 0 0 0 0 0 0 0 0 0 0 0
1.00 2.82 2.31 1.68 3.57 3.12 1.54 1.11 0.00 0.00 0.00 0.00 0.00 0.00 0.00
0 0 0 0 0 0 0 0 0 0 0 0 0 0 0
1.00 2.82 2.31 1.68 3.57 3.12 1.54 1.11 0.00 0.00 0.00 0.00 0.00 0.00 0.00
0 0 0 0 0 0 0 0 0 0 0 0 0 0 0
1.00 1.20 0.53 -0.10 1.45 0.49 -0.31 0.20 0.00 0.00 0.00 0.00 0.00 0.00 0.00
0 0 0 0 0 0 0 0 0 0 0 0 0 0 0
1.00 3.36 3.01 2.27 3.89 3.33 1.70 1.20 0.00 0.00 0.00 0.00 0.00 0.00 0.00
0 0 0 0 0 0 0 0 0 0 0 0 0 0 0
1.00 1.20 0.70 -0.24 0.79 -0.29 -0.80 0.12 0.00 0.00 0.00 0.00 0.00 0.00 0.00
0 0 0 0 0 0 0 0 0 0 0 0 0 0 0
1.00 -1.38 -2.30 -2.57 -2.70 -3.61 -2.56 -1.10 0.00 0.00 0.00 0.00 0.00 0.00 0.00
0 0 0 0 0 0 0 0 0 0 0 0 0 0 0
1.00 -3.44 -3.99 -3.82 -4.68 -5.19 -3.31 -1.71 0.00 0.00 0.00 0.00 0.00 0.00 0.00
0 0 0 0 0 0 0 0 0 0 0 0 0 0 0
1.00 -4.40 -4.46 -3.79 -5.13 -5.28 -3.23 -1.85 0.00 0.00 0.00 0.00 0.00 0.00 0.00
0 0 0 0 0 0 0 0 0 0 0 0 0 0 0
1.00 -3.90 -3.79 -3.22 -4.08 -4.30 -2.74 -1.58 0.00 0.00 0.00 0.00 0.00 0.00 0.00
0 0 0 0 0 0 0 0 0 0 0 0 0 0 0
1.00 -2.03 -1.85 -1.66 -2.09 -2.05 -1.40 -0.81 0.00 0.00 0.00 0.00 0.00 0.00 0.00
0 0 0 0 0 0 0 0 0 0 0 0 0 0 0
