1.00 -0.73 0.99 2.16 -2.22 0.33 1.96 0.15 0.00 0.00 0.00 0.00 0.00 0.00 0.00
1.00 2.91 3.13 3.11 3.03 4.59 3.49 1.39 0.00 0.00 0.00 0.00 0.00 0.00 0.00
1.00 3.45 3.12 2.98 4.89 5.46 3.50 1.50 0.00 0.00 0.00 0.00 0.00 0.00 0.00
0 0 0 0 0 0 0 0 0 0 0 0 0 0 0
1.00 3.02 2.61 2.29 4.78 4.72 2.56 1.32 0.00 0.00 0.00 0.00 0.00 0.00 0.00
0 0 0 0 0 0 0 0 0 0 0 0 0 0 0
1.00 3.02 2.61 2.29 4.78 4.72 2.56 1.32 0.00 0.00 0.00 0.00 0.00 0.00 0.00
0 0 0 0 0 0 0 0 0 0 0 0 0 0 0
1.00 2.00 1.56 1.20 3.12 2.68 1.42 0.83 0.00 0.00 0.00 0.00 0.00 0.00 0.00
0 0 0 0 0 0 0 0 0 0 0 0 0 0 0
1.00 0.52 0.04 -0.61 0.44 -0.44 -0.84 -0.01 0.00 0.00 0.00 0.00 0.00 0.00 0.00
0 0 0 0 0 0 0 0 0 0 0 0 0 0 0
1.00 1.77 1.09 0.75 1.70 1.07 0.54 0.47 0.00 0.00 0.00 0.00 0.00 0.00 0.00
0 0 0 0 0 0 0 0 0 0 0 0 0 0 0
1.00 -0.74 -1.18 -1.72 -2.40 -3.32 -2.51 -0.75 0.00 0.00 0.00 0.00 0.00 0.00 0.00
0 0 0 0 0 0 0 0 0 0 0 0 0 0 0
1.00 -3.63 -3.94 -4.43 -6.35 -7.31 -5.07 -2.07 0.00 0.00 0.00 0.00 0.00 0.00 0.00
0 0 0 0 0 0 0 0 0 0 0 0 0 0 0
1.00 -6.43 -6.16 -5.55 -8.55 -8.96 -5.74 -2.80 0.00 0.00 0.00 0.00 0.00 0.00 0.00
0 0 0 0 0 0 0 0 0 0 0 0 0 0 0
1.00 -3.35 -2.80 -2.59 -4.20 -4.25 -2.75 -1.29 0.00 0.00 0.00 0.00 0.00 0.00 0.00
0 0 0 0 0 0 0 0 0 0 0 0 0 0 0
1.00 -2.64 -2.16 -2.02 -2.83 -2.86 -1.91 -0.94 0.00 0.00 0.00 0.00 0.00 0.00 0.00
0 0 0 0 0 0 0 0 0 0 0 0 0 0 0
