1.00 -0.64 -0.26 0.90 -0.49 -0.32 0.51 -0.10 0.00 0.00 0.00 0.00 0.00 0.00 0.00
1.00 1.12 1.73 1.92 0.70 1.48 1.40 0.46 0.00 0.00 0.00 0.00 0.00 0.00 0.00
1.00 0.85 1.34 1.50 0.50 1.14 1.09 0.34 0.00 0.00 0.00 0.00 0.00 0.00 0.00
0 0 0 0 0 0 0 0 0 0 0 0 0 0 0
1.00 1.35 1.62 1.55 1.02 1.34 1.08 0.45 0.00 0.00 0.00 0.00 0.00 0.00 0.00
0 0 0 0 0 0 0 0 0 0 0 0 0 0 0
1.00 1.35 1.62 1.55 1.02 1.34 1.08 0.45 0.00 0.00 0.00 0.00 0.00 0.00 0.00
0 0 0 0 0 0 0 0 0 0 0 0 0 0 0
1.00 1.40 1.77 1.56 1.30 1.78 1.28 0.66 0.00 0.00 0.00 0.00 0.00 0.00 0.00
0 0 0 0 0 0 0 0 0 0 0 0 0 0 0
1.00 1.39 1.77 1.53 1.45 1.69 1.27 0.58 0.00 0.00 0.00 0.00 0.00 0.00 0.00
0 0 0 0 0 0 0 0 0 0 0 0 0 0 0
1.00 0.92 1.01 0.66 1.03 1.11 0.70 0.39 0.00 0.00 0.00 0.00 0.00 0.00 0.00
0 0 0 0 0 0 0 0 0 0 0 0 0 0 0
1.00 0.18 0.21 -0.04 0.11 0.24 0.00 0.07 0.00 0.00 0.00 0.00 0.00 0.00 0.00
0 0 0 0 0 0 0 0 0 0 0 0 0 0 0
1.00 -0.34 -0.48 -0.46 -0.29 -0.44 -0.35 -0.17 0.00 0.00 0.00 0.00 0.00 0.00 0.00
0 0 0 0 0 0 0 0 0 0 0 0 0 0 0
1.00 -0.61 -1.04 -1.17 -0.68 -1.10 -1.08 -0.39 0.00 0.00 0.00 0.00 0.00 0.00 0.00
0 0 0 0 0 0 0 0 0 0 0 0 0 0 0
1.00 -1.14 -1.60 -1.57 -1.08 -1.50 -1.21 -0.49 0.00 0.00 0.00 0.00 0.00 0.00 0.00
0 0 0 0 0 0 0 0 0 0 0 0 0 0 0
1.00 -0.24 -0.44 -0.61 -0.25 -0.46 -0.63 -0.18 0.00 0.00 0.00 0.00 0.00 0.00 0.00
0 0 0 0 0 0 0 0 0 0 0 0 0 0 0
