1.00 0.72 0.28 -0.14 0.72 0.36 -0.09 0.13 0.00 0.00 0.00 0.00 0.00 0.00 0.00
1.00 -0.21 -0.50 -0.39 -0.04 -0.31 -0.31 -0.13 0.00 0.00 0.00 0.00 0.00 0.00 0.00
1.00 -0.58 -0.67 -0.45 -0.32 -0.49 -0.35 -0.16 0.00 0.00 0.00 0.00 0.00 0.00 0.00
0 0 0 0 0 0 0 0 0 0 0 0 0 0 0
1.00 -0.42 -0.55 -0.44 -0.11 -0.29 -0.35 -0.14 0.00 0.00 0.00 0.00 0.00 0.00 0.00
0 0 0 0 0 0 0 0 0 0 0 0 0 0 0
1.00 -0.42 -0.55 -0.44 -0.11 -0.29 -0.35 -0.14 0.00 0.00 0.00 0.00 0.00 0.00 0.00
0 0 0 0 0 0 0 0 0 0 0 0 0 0 0
1.00 -0.24 -0.57 -0.66 -0.02 -0.42 -0.27 -0.17 0.00 0.00 0.00 0.00 0.00 0.00 0.00
0 0 0 0 0 0 0 0 0 0 0 0 0 0 0
1.00 -0.57 -0.65 -0.46 -0.52 -0.53 -0.30 -0.26 0.00 0.00 0.00 0.00 0.00 0.00 0.00
0 0 0 0 0 0 0 0 0 0 0 0 0 0 0
1.00 -0.46 -0.43 -0.54 -0.31 -0.25 -0.30 -0.12 0.00 0.00 0.00 0.00 0.00 0.00 0.00
0 0 0 0 0 0 0 0 0 0 0 0 0 0 0
1.00 -0.21 -0.25 -0.35 -0.16 -0.20 -0.17 -0.10 0.00 0.00 0.00 0.00 0.00 0.00 0.00
0 0 0 0 0 0 0 0 0 0 0 0 0 0 0
1.00 -0.27 -0.35 -0.19 -0.01 -0.20 -0.18 -0.11 0.00 0.00 0.00 0.00 0.00 0.00 0.00
0 0 0 0 0 0 0 0 0 0 0 0 0 0 0
1.00 -0.18 0.03 -0.04 -0.18 -0.14 0.02 0.00 0.00 0.00 0.00 0.00 0.00 0.00 0.00
0 0 0 0 0 0 0 0 0 0 0 0 0 0 0
1.00 -0.12 -0.15 -0.21 0.02 -0.08 -0.12 -0.06 0.00 0.00 0.00 0.00 0.00 0.00 0.00
0 0 0 0 0 0 0 0 0 0 0 0 0 0 0
1.00 -0.05 -0.01 0.00 -0.11 0.12 0.07 0.04 0.00 0.00 0.00 0.00 0.00 0.00 0.00
0 0 0 0 0 0 0 0 0 0 0 0 0 0 0
