1.00 -2.84 -3.11 -2.40 -3.19 -3.93 -2.24 -1.31 0.00 0.00 0.00 0.00 0.00 0.00 0.00
1.00 -1.73 -0.24 1.28 -2.19 -1.14 0.70 -0.40 0.00 0.00 0.00 0.00 0.00 0.00 0.00
1.00 1.99 3.16 3.27 1.30 3.17 2.99 1.09 0.00 0.00 0.00 0.00 0.00 0.00 0.00
0 0 0 0 0 0 0 0 0 0 0 0 0 0 0
1.00 4.16 4.42 4.01 4.59 5.64 3.74 1.97 0.00 0.00 0.00 0.00 0.00 0.00 0.00
0 0 0 0 0 0 0 0 0 0 0 0 0 0 0
1.00 4.16 4.42 4.01 4.59 5.64 3.74 1.97 0.00 0.00 0.00 0.00 0.00 0.00 0.00
0 0 0 0 0 0 0 0 0 0 0 0 0 0 0
1.00 4.64 4.39 3.61 6.15 6.19 3.56 2.06 0.00 0.00 0.00 0.00 0.00 0.00 0.00
0 0 0 0 0 0 0 0 0 0 0 0 0 0 0
1.00 3.65 3.82 3.28 5.18 5.73 3.48 1.87 0.00 0.00 0.00 0.00 0.00 0.00 0.00
0 0 0 0 0 0 0 0 0 0 0 0 0 0 0
1.00 3.06 3.25 2.81 4.53 5.07 3.10 1.63 0.00 0.00 0.00 0.00 0.00 0.00 0.00
0 0 0 0 0 0 0 0 0 0 0 0 0 0 0
1.00 1.78 1.43 1.04 2.74 2.37 1.05 0.73 0.00 0.00 0.00 0.00 0.00 0.00 0.00
0 0 0 0 0 0 0 0 0 0 0 0 0 0 0
1.00 -0.57 -1.24 -1.74 -0.98 -2.24 -2.15 -0.64 0.00 0.00 0.00 0.00 0.00 0.00 0.00
0 0 0 0 0 0 0 0 0 0 0 0 0 0 0
1.00 -4.20 -5.33 -5.68 -6.36 -8.29 -5.95 -2.53 0.00 0.00 0.00 0.00 0.00 0.00 0.00
0 0 0 0 0 0 0 0 0 0 0 0 0 0 0
1.00 -3.71 -4.08 -3.90 -5.84 -6.06 -3.55 -1.85 0.00 0.00 0.00 0.00 0.00 0.00 0.00
0 0 0 0 0 0 0 0 0 0 0 0 0 0 0
1.00 -3.69 -3.87 -3.16 -5.02 -5.05 -2.96 -1.68 0.00 0.00 0.00 0.00 0.00 0.00 0.00
0 0 0 0 0 0 0 0 0 0 0 0 0 0 0
