1.00 2.22 3.66 4.15 2.21 4.16 3.58 1.33 0.00 0.00 0.00 0.00 0.00 0.00 0.00
1.00 2.05 3.35 3.75 2.04 3.80 3.23 1.23 0.00 0.00 0.00 0.00 0.00 0.00 0.00
1.00 2.72 3.54 3.49 2.93 4.60 3.35 1.45 0.00 0.00 0.00 0.00 0.00 0.00 0.00
0 0 0 0 0 0 0 0 0 0 0 0 0 0 0
1.00 3.48 3.74 3.26 4.36 5.17 3.38 1.71 0.00 0.00 0.00 0.00 0.00 0.00 0.00
0 0 0 0 0 0 0 0 0 0 0 0 0 0 0
1.00 3.48 3.74 3.26 4.36 5.17 3.38 1.71 0.00 0.00 0.00 0.00 0.00 0.00 0.00
0 0 0 0 0 0 0 0 0 0 0 0 0 0 0
1.00 3.31 3.13 2.67 4.54 4.89 2.87 1.59 0.00 0.00 0.00 0.00 0.00 0.00 0.00
0 0 0 0 0 0 0 0 0 0 0 0 0 0 0
1.00 2.38 1.90 1.13 3.42 2.95 1.11 0.94 0.00 0.00 0.00 0.00 0.00 0.00 0.00
0 0 0 0 0 0 0 0 0 0 0 0 0 0 0
1.00 -2.45 -3.88 -4.94 -4.07 -6.61 -5.35 -1.90 0.00 0.00 0.00 0.00 0.00 0.00 0.00
0 0 0 0 0 0 0 0 0 0 0 0 0 0 0
1.00 -2.02 -3.10 -3.68 -3.55 -4.96 -3.67 -1.51 0.00 0.00 0.00 0.00 0.00 0.00 0.00
0 0 0 0 0 0 0 0 0 0 0 0 0 0 0
1.00 -4.19 -4.56 -3.91 -5.38 -5.78 -3.47 -1.89 0.00 0.00 0.00 0.00 0.00 0.00 0.00
0 0 0 0 0 0 0 0 0 0 0 0 0 0 0
1.00 -3.75 -3.96 -3.30 -4.58 -4.96 -2.95 -1.65 0.00 0.00 0.00 0.00 0.00 0.00 0.00
0 0 0 0 0 0 0 0 0 0 0 0 0 0 0
1.00 -3.33 -3.46 -2.96 -3.73 -4.03 -2.61 -1.39 0.00 0.00 0.00 0.00 0.00 0.00 0.00
0 0 0 0 0 0 0 0 0 0 0 0 0 0 0
1.00 -1.92 -1.99 -1.71 -2.60 -2.55 -1.60 -0.87 0.00 0.00 0.00 0.00 0.00 0.00 0.00
0 0 0 0 0 0 0 0 0 0 0 0 0 0 0
