1.00 -1.31 -1.18 -0.90 -1.35 -1.16 -0.74 -0.37 0.00 0.00 0.00 0.00 0.00 0.00 0.00
1.00 -0.86 -0.24 0.20 -0.25 0.36 0.45 -0.01 0.00 0.00 0.00 0.00 0.00 0.00 0.00
1.00 3.18 3.16 2.50 3.27 3.53 2.24 1.07 0.00 0.00 0.00 0.00 0.00 0.00 0.00
0 0 0 0 0 0 0 0 0 0 0 0 0 0 0
1.00 3.40 2.89 2.13 2.77 2.92 1.91 1.01 0.00 0.00 0.00 0.00 0.00 0.00 0.00
0 0 0 0 0 0 0 0 0 0 0 0 0 0 0
1.00 3.40 2.89 2.13 2.77 2.92 1.91 1.01 0.00 0.00 0.00 0.00 0.00 0.00 0.00
0 0 0 0 0 0 0 0 0 0 0 0 0 0 0
1.00 2.35 2.02 1.49 1.99 2.10 1.45 0.72 0.00 0.00 0.00 0.00 0.00 0.00 0.00
0 0 0 0 0 0 0 0 0 0 0 0 0 0 0
1.00 1.52 1.20 0.76 0.97 1.00 0.66 0.36 0.00 0.00 0.00 0.00 0.00 0.00 0.00
0 0 0 0 0 0 0 0 0 0 0 0 0 0 0
1.00 0.45 0.26 0.27 0.19 0.07 0.18 0.08 0.00 0.00 0.00 0.00 0.00 0.00 0.00
0 0 0 0 0 0 0 0 0 0 0 0 0 0 0
1.00 -0.51 -0.38 -0.35 -0.59 -0.52 -0.38 -0.15 0.00 0.00 0.00 0.00 0.00 0.00 0.00
0 0 0 0 0 0 0 0 0 0 0 0 0 0 0
1.00 -1.20 -1.19 -1.14 -1.30 -1.54 -1.04 -0.41 0.00 0.00 0.00 0.00 0.00 0.00 0.00
0 0 0 0 0 0 0 0 0 0 0 0 0 0 0
1.00 -0.32 -0.21 -0.11 -0.41 -0.31 -0.21 -0.07 0.00 0.00 0.00 0.00 0.00 0.00 0.00
0 0 0 0 0 0 0 0 0 0 0 0 0 0 0
1.00 -0.53 -0.67 -0.58 -0.60 -0.76 -0.53 -0.20 0.00 0.00 0.00 0.00 0.00 0.00 0.00
0 0 0 0 0 0 0 0 0 0 0 0 0 0 0
1.00 -0.66 -0.78 -0.65 -0.66 -0.83 -0.58 -0.23 0.00 0.00 0.00 0.00 0.00 0.00 0.00
0 0 0 0 0 0 0 0 0 0 0 0 0 0 0
