1.00 1.15 0.98 0.57 1.24 1.01 0.35 0.37 0.00 0.00 0.00 0.00 0.00 0.00 0.00
1.00 0.36 -0.15 -0.29 0.61 -0.00 -0.32 0.02 0.00 0.00 0.00 0.00 0.00 0.00 0.00
1.00 -0.76 -0.90 -1.02 -0.47 -0.56 -0.54 -0.27 0.00 0.00 0.00 0.00 0.00 0.00 0.00
0 0 0 0 0 0 0 0 0 0 0 0 0 0 0
1.00 -0.82 -1.15 -1.18 -0.55 -0.80 -0.76 -0.29 0.00 0.00 0.00 0.00 0.00 0.00 0.00
0 0 0 0 0 0 0 0 0 0 0 0 0 0 0
1.00 -0.82 -1.15 -1.18 -0.55 -0.80 -0.76 -0.29 0.00 0.00 0.00 0.00 0.00 0.00 0.00
0 0 0 0 0 0 0 0 0 0 0 0 0 0 0
1.00 -1.12 -1.55 -1.49 -0.91 -1.29 -0.97 -0.49 0.00 0.00 0.00 0.00 0.00 0.00 0.00
0 0 0 0 0 0 0 0 0 0 0 0 0 0 0
1.00 -0.44 -0.56 -0.63 -0.35 -0.36 -0.31 -0.19 0.00 0.00 0.00 0.00 0.00 0.00 0.00
0 0 0 0 0 0 0 0 0 0 0 0 0 0 0
1.00 -0.47 -0.74 -0.55 -0.37 -0.35 -0.29 -0.26 0.00 0.00 0.00 0.00 0.00 0.00 0.00
0 0 0 0 0 0 0 0 0 0 0 0 0 0 0
1.00 -0.46 -0.61 -0.47 -0.33 -0.27 -0.38 -0.13 0.00 0.00 0.00 0.00 0.00 0.00 0.00
0 0 0 0 0 0 0 0 0 0 0 0 0 0 0
1.00 -0.51 -0.47 -0.55 -0.34 -0.57 -0.38 -0.18 0.00 0.00 0.00 0.00 0.00 0.00 0.00
0 0 0 0 0 0 0 0 0 0 0 0 0 0 0
1.00 -0.57 -0.59 -0.43 -0.43 -0.49 -0.24 -0.20 0.00 0.00 0.00 0.00 0.00 0.00 0.00
0 0 0 0 0 0 0 0 0 0 0 0 0 0 0
1.00 -0.33 -0.27 -0.31 -0.25 -0.23 -0.15 -0.11 0.00 0.00 0.00 0.00 0.00 0.00 0.00
0 0 0 0 0 0 0 0 0 0 0 0 0 0 0
1.00 -0.25 -0.29 -0.27 -0.17 -0.27 -0.06 -0.07 0.00 0.00 0.00 0.00 0.00 0.00 0.00
0 0 0 0 0 0 0 0 0 0 0 0 0 0 0
