1.00 -0.97 -1.25 -0.67 -1.01 -1.40 -0.66 -0.50 0.00 0.00 0.00 0.00 0.00 0.00 0.00
1.00 0.52 2.01 2.92 0.21 1.73 2.26 0.56 0.00 0.00 0.00 0.00 0.00 0.00 0.00
1.00 3.80 4.94 4.78 3.82 5.58 4.27 1.92 0.00 0.00 0.00 0.00 0.00 0.00 0.00
0 0 0 0 0 0 0 0 0 0 0 0 0 0 0
1.00 1.00 2.34 2.89 0.62 2.42 2.67 0.80 0.00 0.00 0.00 0.00 0.00 0.00 0.00
0 0 0 0 0 0 0 0 0 0 0 0 0 0 0
1.00 1.00 2.34 2.89 0.62 2.42 2.67 0.80 0.00 0.00 0.00 0.00 0.00 0.00 0.00
0 0 0 0 0 0 0 0 0 0 0 0 0 0 0
1.00 2.57 3.27 3.21 2.93 4.30 3.27 1.40 0.00 0.00 0.00 0.00 0.00 0.00 0.00
0 0 0 0 0 0 0 0 0 0 0 0 0 0 0
1.00 2.98 3.08 2.78 4.01 4.54 2.92 1.45 0.00 0.00 0.00 0.00 0.00 0.00 0.00
0 0 0 0 0 0 0 0 0 0 0 0 0 0 0
1.00 2.53 2.22 1.60 3.53 3.46 1.59 1.16 0.00 0.00 0.00 0.00 0.00 0.00 0.00
0 0 0 0 0 0 0 0 0 0 0 0 0 0 0
1.00 0.76 0.14 -0.47 1.04 0.10 -0.73 0.09 0.00 0.00 0.00 0.00 0.00 0.00 0.00
0 0 0 0 0 0 0 0 0 0 0 0 0 0 0
1.00 -1.95 -3.18 -3.81 -3.02 -4.92 -4.07 -1.50 0.00 0.00 0.00 0.00 0.00 0.00 0.00
0 0 0 0 0 0 0 0 0 0 0 0 0 0 0
1.00 -1.80 -2.78 -3.23 -2.96 -4.24 -3.27 -1.32 0.00 0.00 0.00 0.00 0.00 0.00 0.00
0 0 0 0 0 0 0 0 0 0 0 0 0 0 0
1.00 -4.57 -5.19 -4.75 -5.84 -6.34 -4.19 -2.14 0.00 0.00 0.00 0.00 0.00 0.00 0.00
0 0 0 0 0 0 0 0 0 0 0 0 0 0 0
1.00 -4.64 -4.86 -4.16 -5.00 -5.43 -3.29 -1.91 0.00 0.00 0.00 0.00 0.00 0.00 0.00
0 0 0 0 0 0 0 0 0 0 0 0 0 0 0
