1.00 -1.15 -1.59 -1.06 -0.61 -1.15 -0.67 -0.39 0.00 0.00 0.00 0.00 0.00 0.00 0.00
1.00 -0.31 0.51 1.29 -0.25 0.26 0.94 0.11 0.00 0.00 0.00 0.00 0.00 0.00 0.00
1.00 1.53 2.04 2.01 0.85 1.41 1.11 0.43 0.00 0.00 0.00 0.00 0.00 0.00 0.00
0 0 0 0 0 0 0 0 0 0 0 0 0 0 0
1.00 1.47 1.94 2.01 0.87 1.38 1.36 0.45 0.00 0.00 0.00 0.00 0.00 0.00 0.00
0 0 0 0 0 0 0 0 0 0 0 0 0 0 0
1.00 1.47 1.94 2.01 0.87 1.38 1.36 0.45 0.00 0.00 0.00 0.00 0.00 0.00 0.00
0 0 0 0 0 0 0 0 0 0 0 0 0 0 0
1.00 1.48 1.76 1.68 0.99 1.43 1.23 0.59 0.00 0.00 0.00 0.00 0.00 0.00 0.00
0 0 0 0 0 0 0 0 0 0 0 0 0 0 0
1.00 1.22 1.63 1.63 0.79 1.15 1.12 0.51 0.00 0.00 0.00 0.00 0.00 0.00 0.00
0 0 0 0 0 0 0 0 0 0 0 0 0 0 0
1.00 0.89 0.97 0.76 0.51 0.83 0.54 0.29 0.00 0.00 0.00 0.00 0.00 0.00 0.00
0 0 0 0 0 0 0 0 0 0 0 0 0 0 0
1.00 0.14 0.11 -0.23 0.20 0.15 0.04 0.05 0.00 0.00 0.00 0.00 0.00 0.00 0.00
0 0 0 0 0 0 0 0 0 0 0 0 0 0 0
1.00 -0.44 -0.62 -0.74 -0.30 -0.43 -0.57 -0.15 0.00 0.00 0.00 0.00 0.00 0.00 0.00
0 0 0 0 0 0 0 0 0 0 0 0 0 0 0
1.00 -0.98 -1.51 -1.84 -0.71 -1.27 -1.34 -0.46 0.00 0.00 0.00 0.00 0.00 0.00 0.00
0 0 0 0 0 0 0 0 0 0 0 0 0 0 0
1.00 -0.23 -0.40 -0.40 -0.27 -0.32 -0.34 -0.14 0.00 0.00 0.00 0.00 0.00 0.00 0.00
0 0 0 0 0 0 0 0 0 0 0 0 0 0 0
1.00 -0.49 -0.81 -0.80 -0.44 -0.64 -0.58 -0.26 0.00 0.00 0.00 0.00 0.00 0.00 0.00
0 0 0 0 0 0 0 0 0 0 0 0 0 0 0
