1.00 -0.22 -0.43 -0.53 -0.12 -0.27 -0.22 -0.09 0.00 0.00 0.00 0.00 0.00 0.00 0.00
1.00 -0.46 -0.41 -0.51 -0.32 -0.30 -0.48 -0.12 0.00 0.00 0.00 0.00 0.00 0.00 0.00
1.00 -0.61 -0.83 -0.68 -0.38 -0.56 -0.43 -0.26 0.00 0.00 0.00 0.00 0.00 0.00 0.00
0 0 0 0 0 0 0 0 0 0 0 0 0 0 0
1.00 -0.71 -0.84 -0.77 -0.51 -0.57 -0.32 -0.22 0.00 0.00 0.00 0.00 0.00 0.00 0.00
0 0 0 0 0 0 0 0 0 0 0 0 0 0 0
1.00 -0.71 -0.84 -0.77 -0.51 -0.57 -0.32 -0.22 0.00 0.00 0.00 0.00 0.00 0.00 0.00
0 0 0 0 0 0 0 0 0 0 0 0 0 0 0
1.00 -0.67 -0.80 -0.65 -0.42 -0.62 -0.39 -0.23 0.00 0.00 0.00 0.00 0.00 0.00 0.00
0 0 0 0 0 0 0 0 0 0 0 0 0 0 0
1.00 -0.36 -0.46 -0.33 -0.16 -0.42 -0.24 -0.13 0.00 0.00 0.00 0.00 0.00 0.00 0.00
0 0 0 0 0 0 0 0 0 0 0 0 0 0 0
1.00 -0.24 -0.32 -0.36 -0.14 -0.26 -0.13 -0.07 0.00 0.00 0.00 0.00 0.00 0.00 0.00
0 0 0 0 0 0 0 0 0 0 0 0 0 0 0
1.00 -0.33 -0.23 -0.11 -0.18 -0.20 -0.19 -0.07 0.00 0.00 0.00 0.00 0.00 0.00 0.00
0 0 0 0 0 0 0 0 0 0 0 0 0 0 0
1.00 -0.23 -0.11 -0.21 -0.27 -0.15 -0.05 -0.08 0.00 0.00 0.00 0.00 0.00 0.00 0.00
0 0 0 0 0 0 0 0 0 0 0 0 0 0 0
1.00 -0.13 -0.17 -0.11 -0.25 -0.15 -0.09 -0.09 0.00 0.00 0.00 0.00 0.00 0.00 0.00
0 0 0 0 0 0 0 0 0 0 0 0 0 0 0
1.00 -0.10 -0.16 -0.07 -0.12 -0.02 -0.00 -0.02 0.00 0.00 0.00 0.00 0.00 0.00 0.00
0 0 0 0 0 0 0 0 0 0 0 0 0 0 0
1.00 -0.08 -0.02 -0.03 -0.07 -0.08 -0.09 -0.03 0.00 0.00 0.00 0.00 0.00 0.00 0.00
0 0 0 0 0 0 0 0 0 0 0 0 0 0 0
