1.00 -1.19 -1.89 -2.29 -1.08 -1.99 -1.91 -0.69 0.00 0.00 0.00 0.00 0.00 0.00 0.00
1.00 -1.21 -1.32 -0.48 -1.29 -1.45 -0.47 -0.54 0.00 0.00 0.00 0.00 0.00 0.00 0.00
1.00 0.79 2.40 3.28 0.46 1.97 2.53 0.68 0.00 0.00 0.00 0.00 0.00 0.00 0.00
0 0 0 0 0 0 0 0 0 0 0 0 0 0 0
1.00 4.24 5.21 4.89 4.26 5.87 4.40 1.99 0.00 0.00 0.00 0.00 0.00 0.00 0.00
0 0 0 0 0 0 0 0 0 0 0 0 0 0 0
1.00 4.24 5.21 4.89 4.26 5.87 4.40 1.99 0.00 0.00 0.00 0.00 0.00 0.00 0.00
0 0 0 0 0 0 0 0 0 0 0 0 0 0 0
1.00 3.55 4.10 3.90 4.02 5.39 3.95 1.81 0.00 0.00 0.00 0.00 0.00 0.00 0.00
0 0 0 0 0 0 0 0 0 0 0 0 0 0 0
1.00 3.12 2.76 1.96 4.05 3.73 1.68 1.26 0.00 0.00 0.00 0.00 0.00 0.00 0.00
0 0 0 0 0 0 0 0 0 0 0 0 0 0 0
1.00 1.24 0.26 -0.75 1.14 -0.22 -1.23 0.07 0.00 0.00 0.00 0.00 0.00 0.00 0.00
0 0 0 0 0 0 0 0 0 0 0 0 0 0 0
1.00 1.59 0.93 0.36 1.06 0.12 -0.29 0.29 0.00 0.00 0.00 0.00 0.00 0.00 0.00
0 0 0 0 0 0 0 0 0 0 0 0 0 0 0
1.00 1.62 0.99 0.44 1.17 0.27 -0.18 0.32 0.00 0.00 0.00 0.00 0.00 0.00 0.00
0 0 0 0 0 0 0 0 0 0 0 0 0 0 0
1.00 -0.66 -1.29 -1.59 -1.68 -2.41 -1.75 -0.70 0.00 0.00 0.00 0.00 0.00 0.00 0.00
0 0 0 0 0 0 0 0 0 0 0 0 0 0 0
1.00 -2.55 -2.89 -2.64 -3.28 -3.57 -2.37 -1.20 0.00 0.00 0.00 0.00 0.00 0.00 0.00
0 0 0 0 0 0 0 0 0 0 0 0 0 0 0
1.00 -3.25 -3.44 -3.05 -3.60 -3.78 -2.29 -1.34 0.00 0.00 0.00 0.00 0.00 0.00 0.00
0 0 0 0 0 0 0 0 0 0 0 0 0 0 0
