1.00 -0.73 0.38 1.40 -0.63 0.03 0.93 0.00 0.00 0.00 0.00 0.00 0.00 0.00 0.00
1.00 1.35 1.78 1.81 0.78 1.21 1.24 0.52 0.00 0.00 0.00 0.00 0.00 0.00 0.00
1.00 1.25 1.33 1.62 0.76 0.91 1.17 0.34 0.00 0.00 0.00 0.00 0.00 0.00 0.00
0 0 0 0 0 0 0 0 0 0 0 0 0 0 0
1.00 1.16 1.53 1.45 0.98 1.20 1.00 0.44 0.00 0.00 0.00 0.00 0.00 0.00 0.00
0 0 0 0 0 0 0 0 0 0 0 0 0 0 0
1.00 1.16 1.53 1.45 0.98 1.20 1.00 0.44 0.00 0.00 0.00 0.00 0.00 0.00 0.00
0 0 0 0 0 0 0 0 0 0 0 0 0 0 0
1.00 0.83 1.05 0.72 0.67 0.87 0.35 0.30 0.00 0.00 0.00 0.00 0.00 0.00 0.00
0 0 0 0 0 0 0 0 0 0 0 0 0 0 0
1.00 0.36 0.03 -0.30 0.13 0.05 -0.10 -0.01 0.00 0.00 0.00 0.00 0.00 0.00 0.00
0 0 0 0 0 0 0 0 0 0 0 0 0 0 0
1.00 0.40 0.21 0.13 0.25 0.26 0.10 0.10 0.00 0.00 0.00 0.00 0.00 0.00 0.00
0 0 0 0 0 0 0 0 0 0 0 0 0 0 0
1.00 -0.22 -0.38 -0.62 -0.26 -0.52 -0.43 -0.20 0.00 0.00 0.00 0.00 0.00 0.00 0.00
0 0 0 0 0 0 0 0 0 0 0 0 0 0 0
1.00 -0.81 -1.07 -1.12 -0.60 -0.93 -0.78 -0.35 0.00 0.00 0.00 0.00 0.00 0.00 0.00
0 0 0 0 0 0 0 0 0 0 0 0 0 0 0
1.00 -1.07 -1.42 -1.43 -0.81 -1.22 -1.07 -0.46 0.00 0.00 0.00 0.00 0.00 0.00 0.00
0 0 0 0 0 0 0 0 0 0 0 0 0 0 0
1.00 -0.09 -0.30 -0.40 -0.15 -0.21 -0.28 -0.05 0.00 0.00 0.00 0.00 0.00 0.00 0.00
0 0 0 0 0 0 0 0 0 0 0 0 0 0 0
1.00 -0.52 -0.79 -0.94 -0.50 -0.68 -0.80 -0.25 0.00 0.00 0.00 0.00 0.00 0.00 0.00
0 0 0 0 0 0 0 0 0 0 0 0 0 0 0
