1.00 -0.46 -0.79 -0.79 -0.32 -0.43 -0.58 -0.21 0.00 0.00 0.00 0.00 0.00 0.00 0.00
1.00 -0.75 -1.03 -0.92 -0.54 -0.70 -0.53 -0.29 0.00 0.00 0.00 0.00 0.00 0.00 0.00
1.00 -0.98 -1.00 -0.97 -0.64 -0.75 -0.56 -0.30 0.00 0.00 0.00 0.00 0.00 0.00 0.00
0 0 0 0 0 0 0 0 0 0 0 0 0 0 0
1.00 -0.88 -1.09 -0.92 -0.59 -0.89 -0.50 -0.29 0.00 0.00 0.00 0.00 0.00 0.00 0.00
0 0 0 0 0 0 0 0 0 0 0 0 0 0 0
1.00 -0.88 -1.09 -0.92 -0.59 -0.89 -0.50 -0.29 0.00 0.00 0.00 0.00 0.00 0.00 0.00
0 0 0 0 0 0 0 0 0 0 0 0 0 0 0
1.00 -0.39 -0.53 -0.42 -0.29 -0.51 -0.19 -0.12 0.00 0.00 0.00 0.00 0.00 0.00 0.00
0 0 0 0 0 0 0 0 0 0 0 0 0 0 0
1.00 -0.30 -0.44 -0.42 -0.22 -0.13 -0.33 -0.10 0.00 0.00 0.00 0.00 0.00 0.00 0.00
0 0 0 0 0 0 0 0 0 0 0 0 0 0 0
1.00 -0.23 -0.42 -0.22 -0.23 -0.34 -0.18 -0.11 0.00 0.00 0.00 0.00 0.00 0.00 0.00
0 0 0 0 0 0 0 0 0 0 0 0 0 0 0
1.00 -0.23 -0.19 -0.15 -0.19 -0.05 0.03 -0.06 0.00 0.00 0.00 0.00 0.00 0.00 0.00
0 0 0 0 0 0 0 0 0 0 0 0 0 0 0
1.00 -0.11 -0.01 -0.02 0.06 -0.15 -0.18 -0.02 0.00 0.00 0.00 0.00 0.00 0.00 0.00
0 0 0 0 0 0 0 0 0 0 0 0 0 0 0
1.00 -0.06 0.05 -0.05 0.00 0.11 0.04 -0.04 0.00 0.00 0.00 0.00 0.00 0.00 0.00
0 0 0 0 0 0 0 0 0 0 0 0 0 0 0
1.00 -0.04 0.07 -0.05 0.06 -0.14 0.00 0.00 0.00 0.00 0.00 0.00 0.00 0.00 0.00
0 0 0 0 0 0 0 0 0 0 0 0 0 0 0
1.00 0.01 0.01 0.04 0.15 -0.00 -0.04 0.01 0.00 0.00 0.00 0.00 0.00 0.00 0.00
0 0 0 0 0 0 0 0 0 0 0 0 0 0 0
