1.00 -1.90 -0.51 1.18 -2.45 -1.36 0.77 -0.49 0.00 0.00 0.00 0.00 0.00 0.00 0.00
1.00 1.66 3.15 3.14 1.05 2.99 2.65 1.03 0.00 0.00 0.00 0.00 0.00 0.00 0.00
1.00 3.09 3.48 3.18 3.25 4.10 2.92 1.35 0.00 0.00 0.00 0.00 0.00 0.00 0.00
0 0 0 0 0 0 0 0 0 0 0 0 0 0 0
1.00 3.35 3.21 2.71 4.12 4.34 2.49 1.45 0.00 0.00 0.00 0.00 0.00 0.00 0.00
0 0 0 0 0 0 0 0 0 0 0 0 0 0 0
1.00 3.35 3.21 2.71 4.12 4.34 2.49 1.45 0.00 0.00 0.00 0.00 0.00 0.00 0.00
0 0 0 0 0 0 0 0 0 0 0 0 0 0 0
1.00 2.74 2.41 1.68 3.68 3.21 1.48 1.16 0.00 0.00 0.00 0.00 0.00 0.00 0.00
0 0 0 0 0 0 0 0 0 0 0 0 0 0 0
1.00 3.61 3.68 3.17 4.78 4.99 2.78 1.62 0.00 0.00 0.00 0.00 0.00 0.00 0.00
0 0 0 0 0 0 0 0 0 0 0 0 0 0 0
1.00 2.03 1.94 1.17 2.58 2.05 0.82 0.70 0.00 0.00 0.00 0.00 0.00 0.00 0.00
0 0 0 0 0 0 0 0 0 0 0 0 0 0 0
1.00 -0.19 -0.75 -1.33 -0.74 -1.91 -1.68 -0.49 0.00 0.00 0.00 0.00 0.00 0.00 0.00
0 0 0 0 0 0 0 0 0 0 0 0 0 0 0
1.00 -2.89 -3.64 -3.80 -4.19 -5.40 -3.80 -1.65 0.00 0.00 0.00 0.00 0.00 0.00 0.00
0 0 0 0 0 0 0 0 0 0 0 0 0 0 0
1.00 -5.31 -6.19 -5.48 -6.77 -7.16 -4.58 -2.43 0.00 0.00 0.00 0.00 0.00 0.00 0.00
0 0 0 0 0 0 0 0 0 0 0 0 0 0 0
1.00 -2.94 -3.18 -2.63 -3.83 -3.60 -2.33 -1.25 0.00 0.00 0.00 0.00 0.00 0.00 0.00
0 0 0 0 0 0 0 0 0 0 0 0 0 0 0
1.00 -2.72 -2.64 -2.26 -2.93 -2.94 -1.78 -1.06 0.00 0.00 0.00 0.00 0.00 0.00 0.00
0 0 0 0 0 0 0 0 0 0 0 0 0 0 0
