1.00 -0.05 1.31 1.95 -1.08 0.47 1.50 0.10 0.00 0.00 0.00 0.00 0.00 0.00 0.00
1.00 1.94 3.11 3.11 1.74 3.40 2.80 0.89 0.00 0.00 0.00 0.00 0.00 0.00 0.00
1.00 3.03 3.49 3.10 3.59 4.24 2.78 1.40 0.00 0.00 0.00 0.00 0.00 0.00 0.00
0 0 0 0 0 0 0 0 0 0 0 0 0 0 0
1.00 3.06 2.90 2.12 3.90 3.88 1.95 1.22 0.00 0.00 0.00 0.00 0.00 0.00 0.00
0 0 0 0 0 0 0 0 0 0 0 0 0 0 0
1.00 3.06 2.90 2.12 3.90 3.88 1.95 1.22 0.00 0.00 0.00 0.00 0.00 0.00 0.00
0 0 0 0 0 0 0 0 0 0 0 0 0 0 0
1.00 2.11 1.54 0.86 2.85 2.33 0.86 0.64 0.00 0.00 0.00 0.00 0.00 0.00 0.00
0 0 0 0 0 0 0 0 0 0 0 0 0 0 0
1.00 0.79 0.38 -0.30 0.77 -0.09 -0.74 0.01 0.00 0.00 0.00 0.00 0.00 0.00 0.00
0 0 0 0 0 0 0 0 0 0 0 0 0 0 0
1.00 -2.16 -3.26 -3.57 -3.49 -4.98 -3.69 -1.41 0.00 0.00 0.00 0.00 0.00 0.00 0.00
0 0 0 0 0 0 0 0 0 0 0 0 0 0 0
1.00 -2.54 -3.64 -3.85 -3.85 -5.33 -3.88 -1.51 0.00 0.00 0.00 0.00 0.00 0.00 0.00
0 0 0 0 0 0 0 0 0 0 0 0 0 0 0
1.00 -1.55 -2.27 -2.39 -2.93 -3.67 -2.34 -1.01 0.00 0.00 0.00 0.00 0.00 0.00 0.00
0 0 0 0 0 0 0 0 0 0 0 0 0 0 0
1.00 -3.03 -3.33 -2.77 -4.14 -4.21 -2.50 -1.31 0.00 0.00 0.00 0.00 0.00 0.00 0.00
0 0 0 0 0 0 0 0 0 0 0 0 0 0 0
1.00 -2.94 -2.86 -2.30 -3.32 -3.39 -1.89 -1.05 0.00 0.00 0.00 0.00 0.00 0.00 0.00
0 0 0 0 0 0 0 0 0 0 0 0 0 0 0
1.00 -2.26 -2.23 -1.71 -2.29 -2.20 -1.25 -0.70 0.00 0.00 0.00 0.00 0.00 0.00 0.00
0 0 0 0 0 0 0 0 0 0 0 0 0 0 0
