1.00 -0.19 -0.41 -0.55 -0.10 -0.19 -0.35 -0.10 0.00 0.00 0.00 0.00 0.00 0.00 0.00
1.00 -0.47 -0.45 -0.32 -0.22 -0.39 -0.20 -0.17 0.00 0.00 0.00 0.00 0.00 0.00 0.00
1.00 -0.59 -0.71 -0.60 -0.39 -0.50 -0.25 -0.24 0.00 0.00 0.00 0.00 0.00 0.00 0.00
0 0 0 0 0 0 0 0 0 0 0 0 0 0 0
1.00 -0.63 -0.76 -0.81 -0.26 -0.44 -0.44 -0.13 0.00 0.00 0.00 0.00 0.00 0.00 0.00
0 0 0 0 0 0 0 0 0 0 0 0 0 0 0
1.00 -0.63 -0.76 -0.81 -0.26 -0.44 -0.44 -0.13 0.00 0.00 0.00 0.00 0.00 0.00 0.00
0 0 0 0 0 0 0 0 0 0 0 0 0 0 0
1.00 -0.91 -0.92 -0.75 -0.53 -0.64 -0.50 -0.30 0.00 0.00 0.00 0.00 0.00 0.00 0.00
0 0 0 0 0 0 0 0 0 0 0 0 0 0 0
1.00 -0.41 -0.46 -0.46 -0.45 -0.23 -0.29 -0.18 0.00 0.00 0.00 0.00 0.00 0.00 0.00
0 0 0 0 0 0 0 0 0 0 0 0 0 0 0
1.00 -0.35 -0.37 -0.37 -0.43 -0.18 -0.24 -0.16 0.00 0.00 0.00 0.00 0.00 0.00 0.00
0 0 0 0 0 0 0 0 0 0 0 0 0 0 0
1.00 -0.21 -0.21 -0.14 -0.11 -0.11 -0.06 -0.04 0.00 0.00 0.00 0.00 0.00 0.00 0.00
0 0 0 0 0 0 0 0 0 0 0 0 0 0 0
1.00 -0.17 -0.31 -0.16 -0.06 -0.19 -0.10 -0.02 0.00 0.00 0.00 0.00 0.00 0.00 0.00
0 0 0 0 0 0 0 0 0 0 0 0 0 0 0
1.00 -0.13 -0.01 -0.03 0.06 -0.04 0.01 -0.00 0.00 0.00 0.00 0.00 0.00 0.00 0.00
0 0 0 0 0 0 0 0 0 0 0 0 0 0 0
1.00 -0.15 0.03 0.11 -0.05 -0.04 0.08 -0.03 0.00 0.00 0.00 0.00 0.00 0.00 0.00
0 0 0 0 0 0 0 0 0 0 0 0 0 0 0
1.00 -0.09 0.06 -0.10 0.08 0.01 -0.17 0.04 0.00 0.00 0.00 0.00 0.00 0.00 0.00
0 0 0 0 0 0 0 0 0 0 0 0 0 0 0
