1.00 1.62 2.86 3.41 0.79 2.58 2.83 0.86 0.00 0.00 0.00 0.00 0.00 0.00 0.00
1.00 0.98 2.13 2.73 0.12 1.77 2.26 0.58 0.00 0.00 0.00 0.00 0.00 0.00 0.00
1.00 2.51 3.14 2.90 2.71 3.76 2.73 1.27 0.00 0.00 0.00 0.00 0.00 0.00 0.00
0 0 0 0 0 0 0 0 0 0 0 0 0 0 0
1.00 2.62 2.64 2.21 3.28 3.61 2.16 1.17 0.00 0.00 0.00 0.00 0.00 0.00 0.00
0 0 0 0 0 0 0 0 0 0 0 0 0 0 0
1.00 2.62 2.64 2.21 3.28 3.61 2.16 1.17 0.00 0.00 0.00 0.00 0.00 0.00 0.00
0 0 0 0 0 0 0 0 0 0 0 0 0 0 0
1.00 1.93 1.49 1.07 2.75 2.21 0.94 0.74 0.00 0.00 0.00 0.00 0.00 0.00 0.00
0 0 0 0 0 0 0 0 0 0 0 0 0 0 0
1.00 0.44 -0.31 -1.08 0.73 -0.57 -1.34 -0.09 0.00 0.00 0.00 0.00 0.00 0.00 0.00
0 0 0 0 0 0 0 0 0 0 0 0 0 0 0
1.00 2.27 1.76 0.63 2.35 1.14 -0.07 0.54 0.00 0.00 0.00 0.00 0.00 0.00 0.00
0 0 0 0 0 0 0 0 0 0 0 0 0 0 0
1.00 -0.79 -2.05 -2.66 -1.93 -3.45 -2.76 -0.98 0.00 0.00 0.00 0.00 0.00 0.00 0.00
0 0 0 0 0 0 0 0 0 0 0 0 0 0 0
1.00 -3.66 -4.54 -4.23 -4.96 -5.61 -3.71 -1.88 0.00 0.00 0.00 0.00 0.00 0.00 0.00
0 0 0 0 0 0 0 0 0 0 0 0 0 0 0
1.00 -4.63 -4.60 -3.88 -5.23 -5.01 -3.08 -1.79 0.00 0.00 0.00 0.00 0.00 0.00 0.00
0 0 0 0 0 0 0 0 0 0 0 0 0 0 0
1.00 -3.91 -4.04 -3.44 -3.76 -4.11 -2.67 -1.42 0.00 0.00 0.00 0.00 0.00 0.00 0.00
0 0 0 0 0 0 0 0 0 0 0 0 0 0 0
1.00 -1.71 -1.91 -1.61 -1.61 -1.85 -1.18 -0.66 0.00 0.00 0.00 0.00 0.00 0.00 0.00
0 0 0 0 0 0 0 0 0 0 0 0 0 0 0
