1.00 -1.30 -1.64 -1.43 -0.75 -1.01 -0.93 -0.45 0.00 0.00 0.00 0.00 0.00 0.00 0.00
1.00 -0.54 -0.02 0.92 -0.44 -0.17 0.57 -0.06 0.00 0.00 0.00 0.00 0.00 0.00 0.00
1.00 1.26 2.01 2.14 0.62 1.33 1.36 0.46 0.00 0.00 0.00 0.00 0.00 0.00 0.00
0 0 0 0 0 0 0 0 0 0 0 0 0 0 0
1.00 1.93 2.18 2.07 1.02 1.31 1.42 0.58 0.00 0.00 0.00 0.00 0.00 0.00 0.00
0 0 0 0 0 0 0 0 0 0 0 0 0 0 0
1.00 1.93 2.18 2.07 1.02 1.31 1.42 0.58 0.00 0.00 0.00 0.00 0.00 0.00 0.00
0 0 0 0 0 0 0 0 0 0 0 0 0 0 0
1.00 1.73 2.28 2.11 1.07 1.51 1.42 0.66 0.00 0.00 0.00 0.00 0.00 0.00 0.00
0 0 0 0 0 0 0 0 0 0 0 0 0 0 0
1.00 1.45 1.97 1.77 1.07 1.46 1.17 0.65 0.00 0.00 0.00 0.00 0.00 0.00 0.00
0 0 0 0 0 0 0 0 0 0 0 0 0 0 0
1.00 0.96 1.06 0.94 0.65 1.00 0.70 0.36 0.00 0.00 0.00 0.00 0.00 0.00 0.00
0 0 0 0 0 0 0 0 0 0 0 0 0 0 0
1.00 0.33 0.26 0.21 0.33 0.24 0.14 0.14 0.00 0.00 0.00 0.00 0.00 0.00 0.00
0 0 0 0 0 0 0 0 0 0 0 0 0 0 0
1.00 -0.30 -0.58 -0.94 -0.31 -0.45 -0.54 -0.18 0.00 0.00 0.00 0.00 0.00 0.00 0.00
0 0 0 0 0 0 0 0 0 0 0 0 0 0 0
1.00 -1.40 -2.12 -2.41 -1.16 -1.88 -1.93 -0.92 0.00 0.00 0.00 0.00 0.00 0.00 0.00
0 0 0 0 0 0 0 0 0 0 0 0 0 0 0
1.00 -0.79 -1.07 -1.00 -0.81 -1.00 -0.88 -0.70 0.00 0.00 0.00 0.00 0.00 0.00 0.00
0 0 0 0 0 0 0 0 0 0 0 0 0 0 0
1.00 -0.96 -1.32 -1.27 -0.92 -1.00 -0.84 -0.61 0.00 0.00 0.00 0.00 0.00 0.00 0.00
0 0 0 0 0 0 0 0 0 0 0 0 0 0 0
