1.00 2.23 3.97 4.73 1.86 3.91 4.02 1.33 0.00 0.00 0.00 0.00 0.00 0.00 0.00
1.00 2.12 3.31 3.59 1.71 3.41 3.09 1.22 0.00 0.00 0.00 0.00 0.00 0.00 0.00
1.00 3.53 3.58 3.19 4.05 4.71 3.09 1.64 0.00 0.00 0.00 0.00 0.00 0.00 0.00
0 0 0 0 0 0 0 0 0 0 0 0 0 0 0
1.00 2.90 2.88 2.56 3.35 3.89 2.55 1.38 0.00 0.00 0.00 0.00 0.00 0.00 0.00
0 0 0 0 0 0 0 0 0 0 0 0 0 0 0
1.00 2.90 2.88 2.56 3.35 3.89 2.55 1.38 0.00 0.00 0.00 0.00 0.00 0.00 0.00
0 0 0 0 0 0 0 0 0 0 0 0 0 0 0
1.00 1.99 1.63 1.03 2.80 2.27 0.92 0.68 0.00 0.00 0.00 0.00 0.00 0.00 0.00
0 0 0 0 0 0 0 0 0 0 0 0 0 0 0
1.00 0.28 -0.37 -1.13 0.33 -0.63 -1.41 -0.40 0.00 0.00 0.00 0.00 0.00 0.00 0.00
0 0 0 0 0 0 0 0 0 0 0 0 0 0 0
1.00 2.25 1.72 0.73 2.36 1.45 0.25 0.41 0.00 0.00 0.00 0.00 0.00 0.00 0.00
0 0 0 0 0 0 0 0 0 0 0 0 0 0 0
1.00 -0.37 -1.14 -1.82 -1.45 -2.48 -2.13 -0.80 0.00 0.00 0.00 0.00 0.00 0.00 0.00
0 0 0 0 0 0 0 0 0 0 0 0 0 0 0
1.00 -2.98 -3.81 -3.82 -4.30 -5.16 -3.53 -1.73 0.00 0.00 0.00 0.00 0.00 0.00 0.00
0 0 0 0 0 0 0 0 0 0 0 0 0 0 0
1.00 -4.60 -5.02 -4.24 -5.40 -5.85 -3.45 -2.00 0.00 0.00 0.00 0.00 0.00 0.00 0.00
0 0 0 0 0 0 0 0 0 0 0 0 0 0 0
1.00 -4.65 -4.40 -3.44 -4.80 -4.62 -2.79 -1.64 0.00 0.00 0.00 0.00 0.00 0.00 0.00
0 0 0 0 0 0 0 0 0 0 0 0 0 0 0
1.00 -2.27 -2.18 -1.96 -2.55 -2.62 -1.65 -0.94 0.00 0.00 0.00 0.00 0.00 0.00 0.00
0 0 0 0 0 0 0 0 0 0 0 0 0 0 0
