1.00 2.18 3.04 3.63 1.52 3.34 3.60 1.08 0.00 0.00 0.00 0.00 0.00 0.00 0.00
1.00 2.07 2.65 2.98 1.48 3.34 3.18 1.09 0.00 0.00 0.00 0.00 0.00 0.00 0.00
1.00 3.35 3.22 3.08 4.23 5.36 3.54 1.47 0.00 0.00 0.00 0.00 0.00 0.00 0.00
0 0 0 0 0 0 0 0 0 0 0 0 0 0 0
1.00 3.16 2.90 2.52 4.83 5.09 2.88 1.34 0.00 0.00 0.00 0.00 0.00 0.00 0.00
0 0 0 0 0 0 0 0 0 0 0 0 0 0 0
1.00 3.16 2.90 2.52 4.83 5.09 2.88 1.34 0.00 0.00 0.00 0.00 0.00 0.00 0.00
0 0 0 0 0 0 0 0 0 0 0 0 0 0 0
1.00 2.41 1.73 1.24 3.42 2.79 1.49 0.90 0.00 0.00 0.00 0.00 0.00 0.00 0.00
0 0 0 0 0 0 0 0 0 0 0 0 0 0 0
1.00 0.34 -0.21 -1.07 -0.22 -1.19 -1.14 -0.16 0.00 0.00 0.00 0.00 0.00 0.00 0.00
0 0 0 0 0 0 0 0 0 0 0 0 0 0 0
1.00 2.34 1.62 0.79 1.70 1.16 0.71 0.60 0.00 0.00 0.00 0.00 0.00 0.00 0.00
0 0 0 0 0 0 0 0 0 0 0 0 0 0 0
1.00 -0.03 -0.64 -1.17 -1.62 -2.48 -2.12 -0.55 0.00 0.00 0.00 0.00 0.00 0.00 0.00
0 0 0 0 0 0 0 0 0 0 0 0 0 0 0
1.00 -2.14 -2.40 -2.44 -4.05 -4.59 -3.22 -1.28 0.00 0.00 0.00 0.00 0.00 0.00 0.00
0 0 0 0 0 0 0 0 0 0 0 0 0 0 0
1.00 -3.47 -3.27 -2.95 -4.39 -4.72 -3.22 -1.47 0.00 0.00 0.00 0.00 0.00 0.00 0.00
0 0 0 0 0 0 0 0 0 0 0 0 0 0 0
1.00 -3.56 -3.29 -2.70 -3.68 -3.78 -2.56 -1.24 0.00 0.00 0.00 0.00 0.00 0.00 0.00
0 0 0 0 0 0 0 0 0 0 0 0 0 0 0
1.00 -3.26 -2.81 -2.34 -2.75 -3.04 -2.11 -1.05 0.00 0.00 0.00 0.00 0.00 0.00 0.00
0 0 0 0 0 0 0 0 0 0 0 0 0 0 0
