1.00 -1.16 -0.92 -0.59 -1.43 -1.38 -0.54 -0.50 0.00 0.00 0.00 0.00 0.00 0.00 0.00
1.00 -0.44 0.10 0.33 -0.84 -0.29 0.42 -0.10 0.00 0.00 0.00 0.00 0.00 0.00 0.00
1.00 0.66 0.84 0.96 0.37 0.87 0.92 0.32 0.00 0.00 0.00 0.00 0.00 0.00 0.00
0 0 0 0 0 0 0 0 0 0 0 0 0 0 0
1.00 1.01 1.09 1.00 0.95 1.28 0.77 0.49 0.00 0.00 0.00 0.00 0.00 0.00 0.00
0 0 0 0 0 0 0 0 0 0 0 0 0 0 0
1.00 1.01 1.09 1.00 0.95 1.28 0.77 0.49 0.00 0.00 0.00 0.00 0.00 0.00 0.00
0 0 0 0 0 0 0 0 0 0 0 0 0 0 0
1.00 1.02 0.88 0.68 0.94 0.89 0.59 0.30 0.00 0.00 0.00 0.00 0.00 0.00 0.00
0 0 0 0 0 0 0 0 0 0 0 0 0 0 0
1.00 0.38 0.09 0.12 0.58 0.35 0.08 0.16 0.00 0.00 0.00 0.00 0.00 0.00 0.00
0 0 0 0 0 0 0 0 0 0 0 0 0 0 0
1.00 -0.32 -0.38 -0.28 0.01 -0.15 -0.16 0.01 0.00 0.00 0.00 0.00 0.00 0.00 0.00
0 0 0 0 0 0 0 0 0 0 0 0 0 0 0
1.00 -0.03 -0.18 -0.09 0.03 -0.18 -0.15 -0.07 0.00 0.00 0.00 0.00 0.00 0.00 0.00
0 0 0 0 0 0 0 0 0 0 0 0 0 0 0
1.00 -0.37 -0.30 -0.32 -0.18 -0.42 -0.20 -0.12 0.00 0.00 0.00 0.00 0.00 0.00 0.00
0 0 0 0 0 0 0 0 0 0 0 0 0 0 0
1.00 -0.61 -0.67 -0.40 -0.25 -0.44 -0.37 -0.22 0.00 0.00 0.00 0.00 0.00 0.00 0.00
0 0 0 0 0 0 0 0 0 0 0 0 0 0 0
1.00 -0.73 -0.71 -0.67 -0.48 -0.39 -0.43 -0.20 0.00 0.00 0.00 0.00 0.00 0.00 0.00
0 0 0 0 0 0 0 0 0 0 0 0 0 0 0
1.00 -0.24 -0.37 -0.39 -0.25 -0.18 -0.30 -0.16 0.00 0.00 0.00 0.00 0.00 0.00 0.00
0 0 0 0 0 0 0 0 0 0 0 0 0 0 0
