1.00 -1.35 -1.43 -1.14 -1.31 -1.93 -1.25 -0.69 0.00 0.00 0.00 0.00 0.00 0.00 0.00
1.00 0.20 1.23 2.09 -0.42 0.93 1.91 0.34 0.00 0.00 0.00 0.00 0.00 0.00 0.00
1.00 4.25 4.71 4.76 4.56 6.60 5.15 2.05 0.00 0.00 0.00 0.00 0.00 0.00 0.00
0 0 0 0 0 0 0 0 0 0 0 0 0 0 0
1.00 3.42 3.53 3.52 4.49 5.76 3.98 1.68 0.00 0.00 0.00 0.00 0.00 0.00 0.00
0 0 0 0 0 0 0 0 0 0 0 0 0 0 0
1.00 3.42 3.53 3.52 4.49 5.76 3.98 1.68 0.00 0.00 0.00 0.00 0.00 0.00 0.00
0 0 0 0 0 0 0 0 0 0 0 0 0 0 0
1.00 3.57 3.32 3.33 5.56 6.06 4.02 1.77 0.00 0.00 0.00 0.00 0.00 0.00 0.00
0 0 0 0 0 0 0 0 0 0 0 0 0 0 0
1.00 3.05 3.10 2.72 5.25 5.52 3.32 1.64 0.00 0.00 0.00 0.00 0.00 0.00 0.00
0 0 0 0 0 0 0 0 0 0 0 0 0 0 0
1.00 2.21 1.83 1.41 3.85 3.55 1.84 1.06 0.00 0.00 0.00 0.00 0.00 0.00 0.00
0 0 0 0 0 0 0 0 0 0 0 0 0 0 0
1.00 0.40 -0.24 -0.78 0.33 -0.68 -1.07 -0.09 0.00 0.00 0.00 0.00 0.00 0.00 0.00
0 0 0 0 0 0 0 0 0 0 0 0 0 0 0
1.00 -2.01 -2.65 -2.80 -4.29 -5.35 -3.67 -1.45 0.00 0.00 0.00 0.00 0.00 0.00 0.00
0 0 0 0 0 0 0 0 0 0 0 0 0 0 0
1.00 -0.21 -0.47 -1.04 -1.69 -2.26 -1.62 -0.44 0.00 0.00 0.00 0.00 0.00 0.00 0.00
0 0 0 0 0 0 0 0 0 0 0 0 0 0 0
1.00 -2.26 -2.44 -2.76 -4.51 -5.20 -3.49 -1.45 0.00 0.00 0.00 0.00 0.00 0.00 0.00
0 0 0 0 0 0 0 0 0 0 0 0 0 0 0
1.00 -4.09 -3.91 -3.80 -5.88 -6.37 -4.41 -2.00 0.00 0.00 0.00 0.00 0.00 0.00 0.00
0 0 0 0 0 0 0 0 0 0 0 0 0 0 0
