1.00 -2.80 -2.66 -2.04 -3.36 -3.89 -2.32 -1.22 0.00 0.00 0.00 0.00 0.00 0.00 0.00
1.00 -1.16 0.08 1.18 -2.41 -1.26 0.85 -0.29 0.00 0.00 0.00 0.00 0.00 0.00 0.00
1.00 2.29 2.83 2.84 1.88 3.58 3.06 1.10 0.00 0.00 0.00 0.00 0.00 0.00 0.00
0 0 0 0 0 0 0 0 0 0 0 0 0 0 0
1.00 3.72 3.42 3.10 4.95 5.46 3.46 1.61 0.00 0.00 0.00 0.00 0.00 0.00 0.00
0 0 0 0 0 0 0 0 0 0 0 0 0 0 0
1.00 3.72 3.42 3.10 4.95 5.46 3.46 1.61 0.00 0.00 0.00 0.00 0.00 0.00 0.00
0 0 0 0 0 0 0 0 0 0 0 0 0 0 0
1.00 4.00 3.26 2.68 5.68 5.62 3.04 1.67 0.00 0.00 0.00 0.00 0.00 0.00 0.00
0 0 0 0 0 0 0 0 0 0 0 0 0 0 0
1.00 4.71 4.19 3.96 7.17 7.34 4.66 2.21 0.00 0.00 0.00 0.00 0.00 0.00 0.00
0 0 0 0 0 0 0 0 0 0 0 0 0 0 0
1.00 3.33 3.05 2.47 5.30 5.08 3.03 1.58 0.00 0.00 0.00 0.00 0.00 0.00 0.00
0 0 0 0 0 0 0 0 0 0 0 0 0 0 0
1.00 1.48 1.05 0.58 1.67 1.11 0.30 0.52 0.00 0.00 0.00 0.00 0.00 0.00 0.00
0 0 0 0 0 0 0 0 0 0 0 0 0 0 0
1.00 -0.63 -1.05 -1.53 -2.16 -2.99 -2.22 -0.69 0.00 0.00 0.00 0.00 0.00 0.00 0.00
0 0 0 0 0 0 0 0 0 0 0 0 0 0 0
1.00 -3.24 -3.30 -3.53 -5.30 -6.09 -4.27 -1.81 0.00 0.00 0.00 0.00 0.00 0.00 0.00
0 0 0 0 0 0 0 0 0 0 0 0 0 0 0
1.00 -5.25 -5.10 -4.63 -6.96 -7.42 -4.88 -2.44 0.00 0.00 0.00 0.00 0.00 0.00 0.00
0 0 0 0 0 0 0 0 0 0 0 0 0 0 0
1.00 -2.95 -2.82 -2.31 -3.75 -3.85 -2.44 -1.24 0.00 0.00 0.00 0.00 0.00 0.00 0.00
0 0 0 0 0 0 0 0 0 0 0 0 0 0 0
