1.00 -1.32 -1.47 -1.81 -1.55 -2.10 -1.93 -0.58 0.00 0.00 0.00 0.00 0.00 0.00 0.00
1.00 -1.20 -0.65 0.14 -1.37 -1.40 -0.33 -0.37 0.00 0.00 0.00 0.00 0.00 0.00 0.00
1.00 1.57 2.26 2.62 1.02 2.20 2.51 0.69 0.00 0.00 0.00 0.00 0.00 0.00 0.00
0 0 0 0 0 0 0 0 0 0 0 0 0 0 0
1.00 4.04 3.81 3.77 4.88 6.19 4.49 1.78 0.00 0.00 0.00 0.00 0.00 0.00 0.00
0 0 0 0 0 0 0 0 0 0 0 0 0 0 0
1.00 4.04 3.81 3.77 4.88 6.19 4.49 1.78 0.00 0.00 0.00 0.00 0.00 0.00 0.00
0 0 0 0 0 0 0 0 0 0 0 0 0 0 0
1.00 2.26 2.23 2.01 3.38 4.18 2.87 1.11 0.00 0.00 0.00 0.00 0.00 0.00 0.00
0 0 0 0 0 0 0 0 0 0 0 0 0 0 0
1.00 2.00 1.77 1.80 3.59 3.69 2.27 1.00 0.00 0.00 0.00 0.00 0.00 0.00 0.00
0 0 0 0 0 0 0 0 0 0 0 0 0 0 0
1.00 1.79 1.53 1.48 2.83 3.11 1.66 0.87 0.00 0.00 0.00 0.00 0.00 0.00 0.00
0 0 0 0 0 0 0 0 0 0 0 0 0 0 0
1.00 1.20 0.85 0.62 1.89 1.72 0.81 0.49 0.00 0.00 0.00 0.00 0.00 0.00 0.00
0 0 0 0 0 0 0 0 0 0 0 0 0 0 0
1.00 -0.09 -0.45 -0.89 -0.21 -1.16 -1.17 -0.23 0.00 0.00 0.00 0.00 0.00 0.00 0.00
0 0 0 0 0 0 0 0 0 0 0 0 0 0 0
1.00 1.15 0.63 0.25 1.29 0.66 0.16 0.29 0.00 0.00 0.00 0.00 0.00 0.00 0.00
0 0 0 0 0 0 0 0 0 0 0 0 0 0 0
1.00 -1.13 -1.42 -1.72 -2.47 -3.43 -2.46 -0.83 0.00 0.00 0.00 0.00 0.00 0.00 0.00
0 0 0 0 0 0 0 0 0 0 0 0 0 0 0
1.00 -3.35 -3.13 -3.55 -5.82 -6.51 -4.31 -1.77 0.00 0.00 0.00 0.00 0.00 0.00 0.00
0 0 0 0 0 0 0 0 0 0 0 0 0 0 0
