1.00 0.28 0.81 1.01 0.73 1.33 1.18 0.30 0.00 0.00 0.00 0.00 0.00 0.00 0.00
1.00 1.51 1.37 1.02 1.79 2.25 1.47 0.59 0.00 0.00 0.00 0.00 0.00 0.00 0.00
1.00 1.33 1.19 0.76 1.50 1.63 0.86 0.45 0.00 0.00 0.00 0.00 0.00 0.00 0.00
0 0 0 0 0 0 0 0 0 0 0 0 0 0 0
1.00 1.05 0.90 0.53 1.18 1.23 0.59 0.33 0.00 0.00 0.00 0.00 0.00 0.00 0.00
0 0 0 0 0 0 0 0 0 0 0 0 0 0 0
1.00 1.05 0.90 0.53 1.18 1.23 0.59 0.33 0.00 0.00 0.00 0.00 0.00 0.00 0.00
0 0 0 0 0 0 0 0 0 0 0 0 0 0 0
1.00 0.36 0.30 0.13 0.36 0.25 0.11 0.15 0.00 0.00 0.00 0.00 0.00 0.00 0.00
0 0 0 0 0 0 0 0 0 0 0 0 0 0 0
1.00 -0.23 -0.33 -0.25 -0.27 -0.48 -0.37 -0.13 0.00 0.00 0.00 0.00 0.00 0.00 0.00
0 0 0 0 0 0 0 0 0 0 0 0 0 0 0
1.00 0.28 0.04 0.18 0.23 0.24 0.08 0.10 0.00 0.00 0.00 0.00 0.00 0.00 0.00
0 0 0 0 0 0 0 0 0 0 0 0 0 0 0
1.00 -0.51 -0.47 -0.52 -0.65 -0.78 -0.58 -0.19 0.00 0.00 0.00 0.00 0.00 0.00 0.00
0 0 0 0 0 0 0 0 0 0 0 0 0 0 0
1.00 -1.18 -0.98 -0.67 -1.23 -1.56 -0.81 -0.37 0.00 0.00 0.00 0.00 0.00 0.00 0.00
0 0 0 0 0 0 0 0 0 0 0 0 0 0 0
1.00 -1.36 -1.43 -1.10 -1.67 -1.91 -1.26 -0.56 0.00 0.00 0.00 0.00 0.00 0.00 0.00
0 0 0 0 0 0 0 0 0 0 0 0 0 0 0
1.00 -0.63 -0.52 -0.35 -0.66 -0.82 -0.48 -0.19 0.00 0.00 0.00 0.00 0.00 0.00 0.00
0 0 0 0 0 0 0 0 0 0 0 0 0 0 0
1.00 -0.51 -0.60 -0.50 -0.60 -0.85 -0.51 -0.22 0.00 0.00 0.00 0.00 0.00 0.00 0.00
0 0 0 0 0 0 0 0 0 0 0 0 0 0 0
