1.00 1.91 1.63 0.83 2.27 2.51 1.21 0.67 0.00 0.00 0.00 0.00 0.00 0.00 0.00
1.00 1.32 1.17 0.67 1.56 1.68 0.93 0.45 0.00 0.00 0.00 0.00 0.00 0.00 0.00
1.00 0.75 0.57 0.24 0.76 0.80 0.44 0.26 0.00 0.00 0.00 0.00 0.00 0.00 0.00
0 0 0 0 0 0 0 0 0 0 0 0 0 0 0
1.00 -0.10 0.11 0.10 -0.05 -0.17 -0.01 0.01 0.00 0.00 0.00 0.00 0.00 0.00 0.00
0 0 0 0 0 0 0 0 0 0 0 0 0 0 0
1.00 -0.10 0.11 0.10 -0.05 -0.17 -0.01 0.01 0.00 0.00 0.00 0.00 0.00 0.00 0.00
0 0 0 0 0 0 0 0 0 0 0 0 0 0 0
1.00 -0.29 -0.41 -0.19 -0.31 -0.52 -0.46 -0.11 0.00 0.00 0.00 0.00 0.00 0.00 0.00
0 0 0 0 0 0 0 0 0 0 0 0 0 0 0
1.00 -0.82 -0.84 -0.53 -1.15 -1.26 -0.71 -0.31 0.00 0.00 0.00 0.00 0.00 0.00 0.00
0 0 0 0 0 0 0 0 0 0 0 0 0 0 0
1.00 -0.56 -0.41 -0.31 -0.42 -0.57 -0.30 -0.18 0.00 0.00 0.00 0.00 0.00 0.00 0.00
0 0 0 0 0 0 0 0 0 0 0 0 0 0 0
1.00 -0.37 -0.19 0.12 -0.52 -0.42 -0.09 -0.11 0.00 0.00 0.00 0.00 0.00 0.00 0.00
0 0 0 0 0 0 0 0 0 0 0 0 0 0 0
1.00 -0.19 -0.04 0.25 -0.50 -0.54 -0.05 -0.06 0.00 0.00 0.00 0.00 0.00 0.00 0.00
0 0 0 0 0 0 0 0 0 0 0 0 0 0 0
1.00 -0.08 -0.34 -0.27 -0.69 -0.88 -0.45 -0.18 0.00 0.00 0.00 0.00 0.00 0.00 0.00
0 0 0 0 0 0 0 0 0 0 0 0 0 0 0
1.00 -0.72 -0.83 -0.80 -1.01 -1.42 -1.00 -0.38 0.00 0.00 0.00 0.00 0.00 0.00 0.00
0 0 0 0 0 0 0 0 0 0 0 0 0 0 0
1.00 -0.32 -0.27 -0.44 -0.62 -0.61 -0.54 -0.16 0.00 0.00 0.00 0.00 0.00 0.00 0.00
0 0 0 0 0 0 0 0 0 0 0 0 0 0 0
