1.00 -1.36 -1.27 -0.87 -1.17 -1.68 -1.08 -0.58 0.00 0.00 0.00 0.00 0.00 0.00 0.00
1.00 0.37 1.39 2.21 -0.10 0.97 1.89 0.36 0.00 0.00 0.00 0.00 0.00 0.00 0.00
1.00 4.18 4.58 4.35 4.34 6.06 4.76 1.95 0.00 0.00 0.00 0.00 0.00 0.00 0.00
0 0 0 0 0 0 0 0 0 0 0 0 0 0 0
1.00 3.21 3.23 2.94 3.95 5.00 3.39 1.51 0.00 0.00 0.00 0.00 0.00 0.00 0.00
0 0 0 0 0 0 0 0 0 0 0 0 0 0 0
1.00 3.21 3.23 2.94 3.95 5.00 3.39 1.51 0.00 0.00 0.00 0.00 0.00 0.00 0.00
0 0 0 0 0 0 0 0 0 0 0 0 0 0 0
1.00 2.58 2.63 2.42 3.16 4.17 2.84 1.24 0.00 0.00 0.00 0.00 0.00 0.00 0.00
0 0 0 0 0 0 0 0 0 0 0 0 0 0 0
1.00 2.61 2.38 2.12 4.29 4.50 2.68 1.24 0.00 0.00 0.00 0.00 0.00 0.00 0.00
0 0 0 0 0 0 0 0 0 0 0 0 0 0 0
1.00 1.99 1.65 1.34 3.65 3.19 1.74 0.85 0.00 0.00 0.00 0.00 0.00 0.00 0.00
0 0 0 0 0 0 0 0 0 0 0 0 0 0 0
1.00 0.81 0.12 -0.25 1.15 0.31 -0.34 0.17 0.00 0.00 0.00 0.00 0.00 0.00 0.00
0 0 0 0 0 0 0 0 0 0 0 0 0 0 0
1.00 -1.59 -1.98 -2.28 -3.10 -4.19 -3.04 -1.11 0.00 0.00 0.00 0.00 0.00 0.00 0.00
0 0 0 0 0 0 0 0 0 0 0 0 0 0 0
1.00 0.76 0.34 -0.10 -0.83 -1.48 -1.02 -0.19 0.00 0.00 0.00 0.00 0.00 0.00 0.00
0 0 0 0 0 0 0 0 0 0 0 0 0 0 0
1.00 -3.73 -4.06 -3.75 -5.91 -6.58 -4.37 -1.97 0.00 0.00 0.00 0.00 0.00 0.00 0.00
0 0 0 0 0 0 0 0 0 0 0 0 0 0 0
1.00 -4.51 -4.23 -3.80 -5.81 -6.04 -4.09 -1.89 0.00 0.00 0.00 0.00 0.00 0.00 0.00
0 0 0 0 0 0 0 0 0 0 0 0 0 0 0
