1.00 -0.02 1.40 2.25 -1.18 0.78 2.02 0.32 0.00 0.00 0.00 0.00 0.00 0.00 0.00
1.00 3.51 3.74 3.45 3.66 5.10 3.83 1.64 0.00 0.00 0.00 0.00 0.00 0.00 0.00
1.00 5.14 4.47 3.75 7.52 7.46 4.33 2.25 0.00 0.00 0.00 0.00 0.00 0.00 0.00
0 0 0 0 0 0 0 0 0 0 0 0 0 0 0
1.00 4.79 4.51 4.21 7.42 7.80 4.84 2.27 0.00 0.00 0.00 0.00 0.00 0.00 0.00
0 0 0 0 0 0 0 0 0 0 0 0 0 0 0
1.00 4.79 4.51 4.21 7.42 7.80 4.84 2.27 0.00 0.00 0.00 0.00 0.00 0.00 0.00
0 0 0 0 0 0 0 0 0 0 0 0 0 0 0
1.00 3.90 3.47 3.03 5.80 5.83 3.59 1.80 0.00 0.00 0.00 0.00 0.00 0.00 0.00
0 0 0 0 0 0 0 0 0 0 0 0 0 0 0
1.00 3.69 3.32 2.94 5.71 5.77 3.55 1.76 0.00 0.00 0.00 0.00 0.00 0.00 0.00
0 0 0 0 0 0 0 0 0 0 0 0 0 0 0
1.00 2.02 1.68 1.18 2.26 2.02 1.02 0.72 0.00 0.00 0.00 0.00 0.00 0.00 0.00
0 0 0 0 0 0 0 0 0 0 0 0 0 0 0
1.00 -0.43 -1.00 -1.56 -1.89 -3.00 -2.46 -0.76 0.00 0.00 0.00 0.00 0.00 0.00 0.00
0 0 0 0 0 0 0 0 0 0 0 0 0 0 0
1.00 -3.82 -4.11 -4.12 -6.06 -7.15 -4.84 -2.10 0.00 0.00 0.00 0.00 0.00 0.00 0.00
0 0 0 0 0 0 0 0 0 0 0 0 0 0 0
1.00 -5.94 -5.51 -4.88 -8.10 -8.20 -5.22 -2.57 0.00 0.00 0.00 0.00 0.00 0.00 0.00
0 0 0 0 0 0 0 0 0 0 0 0 0 0 0
1.00 -3.21 -2.84 -2.37 -4.42 -4.11 -2.49 -1.29 0.00 0.00 0.00 0.00 0.00 0.00 0.00
0 0 0 0 0 0 0 0 0 0 0 0 0 0 0
1.00 -2.62 -2.43 -1.89 -2.97 -2.92 -1.89 -0.99 0.00 0.00 0.00 0.00 0.00 0.00 0.00
0 0 0 0 0 0 0 0 0 0 0 0 0 0 0
