1.00 1.53 1.69 1.23 1.91 2.45 1.48 0.67 0.00 0.00 0.00 0.00 0.00 0.00 0.00
1.00 1.70 1.71 1.10 2.25 2.36 1.31 0.69 0.00 0.00 0.00 0.00 0.00 0.00 0.00
1.00 1.51 1.46 0.88 1.83 1.73 1.05 0.59 0.00 0.00 0.00 0.00 0.00 0.00 0.00
0 0 0 0 0 0 0 0 0 0 0 0 0 0 0
1.00 0.84 0.67 0.37 0.87 0.97 0.69 0.29 0.00 0.00 0.00 0.00 0.00 0.00 0.00
0 0 0 0 0 0 0 0 0 0 0 0 0 0 0
1.00 0.84 0.67 0.37 0.87 0.97 0.69 0.29 0.00 0.00 0.00 0.00 0.00 0.00 0.00
0 0 0 0 0 0 0 0 0 0 0 0 0 0 0
1.00 0.18 -0.02 -0.09 0.13 -0.01 -0.12 0.01 0.00 0.00 0.00 0.00 0.00 0.00 0.00
0 0 0 0 0 0 0 0 0 0 0 0 0 0 0
1.00 -0.70 -0.58 -0.39 -0.89 -1.02 -0.60 -0.28 0.00 0.00 0.00 0.00 0.00 0.00 0.00
0 0 0 0 0 0 0 0 0 0 0 0 0 0 0
1.00 -1.12 -1.24 -1.02 -1.49 -1.76 -1.17 -0.47 0.00 0.00 0.00 0.00 0.00 0.00 0.00
0 0 0 0 0 0 0 0 0 0 0 0 0 0 0
1.00 -0.56 -0.65 -0.54 -0.74 -0.89 -0.64 -0.22 0.00 0.00 0.00 0.00 0.00 0.00 0.00
0 0 0 0 0 0 0 0 0 0 0 0 0 0 0
1.00 -0.56 -0.63 -0.51 -0.81 -0.73 -0.42 -0.19 0.00 0.00 0.00 0.00 0.00 0.00 0.00
0 0 0 0 0 0 0 0 0 0 0 0 0 0 0
1.00 -0.50 -0.58 -0.41 -0.75 -0.99 -0.71 -0.26 0.00 0.00 0.00 0.00 0.00 0.00 0.00
0 0 0 0 0 0 0 0 0 0 0 0 0 0 0
1.00 -0.76 -0.79 -0.56 -0.81 -1.17 -0.77 -0.34 0.00 0.00 0.00 0.00 0.00 0.00 0.00
0 0 0 0 0 0 0 0 0 0 0 0 0 0 0
1.00 -0.76 -0.97 -0.78 -0.92 -1.20 -0.74 -0.43 0.00 0.00 0.00 0.00 0.00 0.00 0.00
0 0 0 0 0 0 0 0 0 0 0 0 0 0 0
