1.00 1.40 1.36 1.04 1.54 1.61 0.78 0.58 0.00 0.00 0.00 0.00 0.00 0.00 0.00
1.00 1.05 0.78 0.58 1.05 0.91 0.41 0.37 0.00 0.00 0.00 0.00 0.00 0.00 0.00
1.00 0.33 0.11 0.16 0.33 0.25 0.09 0.17 0.00 0.00 0.00 0.00 0.00 0.00 0.00
0 0 0 0 0 0 0 0 0 0 0 0 0 0 0
1.00 -0.16 -0.18 -0.19 -0.02 -0.12 -0.15 0.02 0.00 0.00 0.00 0.00 0.00 0.00 0.00
0 0 0 0 0 0 0 0 0 0 0 0 0 0 0
1.00 -0.16 -0.18 -0.19 -0.02 -0.12 -0.15 0.02 0.00 0.00 0.00 0.00 0.00 0.00 0.00
0 0 0 0 0 0 0 0 0 0 0 0 0 0 0
1.00 -0.30 -0.49 -0.39 -0.10 -0.34 -0.37 -0.15 0.00 0.00 0.00 0.00 0.00 0.00 0.00
0 0 0 0 0 0 0 0 0 0 0 0 0 0 0
1.00 -0.65 -0.90 -0.72 -0.34 -0.72 -0.50 -0.25 0.00 0.00 0.00 0.00 0.00 0.00 0.00
0 0 0 0 0 0 0 0 0 0 0 0 0 0 0
1.00 -0.18 -0.35 -0.40 -0.05 -0.28 -0.30 -0.04 0.00 0.00 0.00 0.00 0.00 0.00 0.00
0 0 0 0 0 0 0 0 0 0 0 0 0 0 0
1.00 -0.42 -0.60 -0.35 -0.34 -0.60 -0.27 -0.23 0.00 0.00 0.00 0.00 0.00 0.00 0.00
0 0 0 0 0 0 0 0 0 0 0 0 0 0 0
1.00 -0.47 -0.54 -0.37 -0.35 -0.49 -0.31 -0.17 0.00 0.00 0.00 0.00 0.00 0.00 0.00
0 0 0 0 0 0 0 0 0 0 0 0 0 0 0
1.00 -0.46 -0.47 -0.40 -0.40 -0.32 -0.31 -0.15 0.00 0.00 0.00 0.00 0.00 0.00 0.00
0 0 0 0 0 0 0 0 0 0 0 0 0 0 0
1.00 -0.42 -0.40 -0.35 -0.37 -0.28 -0.27 -0.14 0.00 0.00 0.00 0.00 0.00 0.00 0.00
0 0 0 0 0 0 0 0 0 0 0 0 0 0 0
1.00 -0.13 -0.30 -0.16 -0.09 -0.08 -0.12 -0.07 0.00 0.00 0.00 0.00 0.00 0.00 0.00
0 0 0 0 0 0 0 0 0 0 0 0 0 0 0
