1.00 2.74 4.19 4.50 2.30 4.75 4.68 1.51 0.00 0.00 0.00 0.00 0.00 0.00 0.00
1.00 2.61 3.17 3.17 2.70 4.38 3.59 1.40 0.00 0.00 0.00 0.00 0.00 0.00 0.00
1.00 3.42 3.56 3.45 4.97 5.89 3.95 1.70 0.00 0.00 0.00 0.00 0.00 0.00 0.00
0 0 0 0 0 0 0 0 0 0 0 0 0 0 0
1.00 3.31 3.10 2.46 5.16 5.09 2.89 1.51 0.00 0.00 0.00 0.00 0.00 0.00 0.00
0 0 0 0 0 0 0 0 0 0 0 0 0 0 0
1.00 3.31 3.10 2.46 5.16 5.09 2.89 1.51 0.00 0.00 0.00 0.00 0.00 0.00 0.00
0 0 0 0 0 0 0 0 0 0 0 0 0 0 0
1.00 2.30 1.69 1.19 3.23 2.75 1.14 0.84 0.00 0.00 0.00 0.00 0.00 0.00 0.00
0 0 0 0 0 0 0 0 0 0 0 0 0 0 0
1.00 0.38 -0.54 -1.20 -0.34 -1.70 -1.66 -0.28 0.00 0.00 0.00 0.00 0.00 0.00 0.00
0 0 0 0 0 0 0 0 0 0 0 0 0 0 0
1.00 1.20 0.61 0.02 0.28 -0.40 -0.42 0.08 0.00 0.00 0.00 0.00 0.00 0.00 0.00
0 0 0 0 0 0 0 0 0 0 0 0 0 0 0
1.00 -1.15 -1.49 -1.90 -3.05 -3.99 -2.91 -1.00 0.00 0.00 0.00 0.00 0.00 0.00 0.00
0 0 0 0 0 0 0 0 0 0 0 0 0 0 0
1.00 -3.78 -4.00 -4.11 -5.87 -6.80 -4.61 -2.05 0.00 0.00 0.00 0.00 0.00 0.00 0.00
0 0 0 0 0 0 0 0 0 0 0 0 0 0 0
1.00 -5.72 -5.59 -4.82 -7.00 -7.18 -4.65 -2.35 0.00 0.00 0.00 0.00 0.00 0.00 0.00
0 0 0 0 0 0 0 0 0 0 0 0 0 0 0
1.00 -2.64 -2.53 -2.17 -3.03 -3.27 -2.10 -1.14 0.00 0.00 0.00 0.00 0.00 0.00 0.00
0 0 0 0 0 0 0 0 0 0 0 0 0 0 0
1.00 -2.17 -2.22 -1.87 -2.37 -2.45 -1.77 -0.91 0.00 0.00 0.00 0.00 0.00 0.00 0.00
0 0 0 0 0 0 0 0 0 0 0 0 0 0 0
