1.00 1.57 1.72 1.65 1.47 1.91 1.61 0.76 0.00 0.00 0.00 0.00 0.00 0.00 0.00
1.00 1.24 0.98 0.62 1.22 1.15 0.48 0.45 0.00 0.00 0.00 0.00 0.00 0.00 0.00
1.00 -0.11 -0.56 -0.73 -0.03 -0.67 -0.80 -0.14 0.00 0.00 0.00 0.00 0.00 0.00 0.00
0 0 0 0 0 0 0 0 0 0 0 0 0 0 0
1.00 -1.05 -1.43 -1.29 -0.98 -1.40 -1.16 -0.49 0.00 0.00 0.00 0.00 0.00 0.00 0.00
0 0 0 0 0 0 0 0 0 0 0 0 0 0 0
1.00 -1.05 -1.43 -1.29 -0.98 -1.40 -1.16 -0.49 0.00 0.00 0.00 0.00 0.00 0.00 0.00
0 0 0 0 0 0 0 0 0 0 0 0 0 0 0
1.00 -0.64 -0.69 -0.67 -0.69 -0.72 -0.57 -0.26 0.00 0.00 0.00 0.00 0.00 0.00 0.00
0 0 0 0 0 0 0 0 0 0 0 0 0 0 0
1.00 -0.59 -0.68 -0.51 -0.48 -0.57 -0.46 -0.23 0.00 0.00 0.00 0.00 0.00 0.00 0.00
0 0 0 0 0 0 0 0 0 0 0 0 0 0 0
1.00 -0.63 -0.61 -0.53 -0.41 -0.35 -0.37 -0.16 0.00 0.00 0.00 0.00 0.00 0.00 0.00
0 0 0 0 0 0 0 0 0 0 0 0 0 0 0
1.00 -0.37 -0.57 -0.27 -0.06 -0.22 -0.13 -0.14 0.00 0.00 0.00 0.00 0.00 0.00 0.00
0 0 0 0 0 0 0 0 0 0 0 0 0 0 0
1.00 -0.32 -0.49 -0.22 -0.01 -0.14 -0.08 -0.12 0.00 0.00 0.00 0.00 0.00 0.00 0.00
0 0 0 0 0 0 0 0 0 0 0 0 0 0 0
1.00 -0.22 -0.21 -0.12 0.09 -0.10 -0.22 -0.02 0.00 0.00 0.00 0.00 0.00 0.00 0.00
0 0 0 0 0 0 0 0 0 0 0 0 0 0 0
1.00 -0.15 -0.23 -0.20 0.02 -0.11 -0.15 -0.05 0.00 0.00 0.00 0.00 0.00 0.00 0.00
0 0 0 0 0 0 0 0 0 0 0 0 0 0 0
1.00 -0.16 0.04 0.08 -0.05 0.08 0.07 -0.01 0.00 0.00 0.00 0.00 0.00 0.00 0.00
0 0 0 0 0 0 0 0 0 0 0 0 0 0 0
