1.00 -1.62 -1.73 -1.33 -2.04 -2.58 -1.30 -0.79 0.00 0.00 0.00 0.00 0.00 0.00 0.00
1.00 -0.30 1.01 1.88 -1.21 0.15 1.48 0.11 0.00 0.00 0.00 0.00 0.00 0.00 0.00
1.00 6.16 6.21 5.73 8.04 9.73 6.44 3.00 0.00 0.00 0.00 0.00 0.00 0.00 0.00
0 0 0 0 0 0 0 0 0 0 0 0 0 0 0
1.00 2.80 3.31 3.48 3.68 5.57 4.17 1.63 0.00 0.00 0.00 0.00 0.00 0.00 0.00
0 0 0 0 0 0 0 0 0 0 0 0 0 0 0
1.00 2.80 3.31 3.48 3.68 5.57 4.17 1.63 0.00 0.00 0.00 0.00 0.00 0.00 0.00
0 0 0 0 0 0 0 0 0 0 0 0 0 0 0
1.00 3.82 3.80 3.78 6.01 6.80 4.32 1.94 0.00 0.00 0.00 0.00 0.00 0.00 0.00
0 0 0 0 0 0 0 0 0 0 0 0 0 0 0
1.00 3.64 3.59 3.23 6.14 6.39 3.82 1.89 0.00 0.00 0.00 0.00 0.00 0.00 0.00
0 0 0 0 0 0 0 0 0 0 0 0 0 0 0
1.00 2.49 2.02 1.76 4.07 3.72 2.00 1.09 0.00 0.00 0.00 0.00 0.00 0.00 0.00
0 0 0 0 0 0 0 0 0 0 0 0 0 0 0
1.00 0.21 -0.34 -0.85 -0.23 -1.31 -1.41 -0.21 0.00 0.00 0.00 0.00 0.00 0.00 0.00
0 0 0 0 0 0 0 0 0 0 0 0 0 0 0
1.00 -2.82 -3.28 -3.84 -5.67 -6.99 -4.80 -1.86 0.00 0.00 0.00 0.00 0.00 0.00 0.00
0 0 0 0 0 0 0 0 0 0 0 0 0 0 0
1.00 -0.76 -1.32 -2.06 -3.20 -4.37 -3.01 -1.07 0.00 0.00 0.00 0.00 0.00 0.00 0.00
0 0 0 0 0 0 0 0 0 0 0 0 0 0 0
1.00 -3.16 -3.39 -3.47 -5.45 -5.91 -3.83 -1.74 0.00 0.00 0.00 0.00 0.00 0.00 0.00
0 0 0 0 0 0 0 0 0 0 0 0 0 0 0
1.00 -4.22 -3.99 -3.45 -5.34 -5.40 -3.54 -1.82 0.00 0.00 0.00 0.00 0.00 0.00 0.00
0 0 0 0 0 0 0 0 0 0 0 0 0 0 0
