1.00 0.19 0.07 -0.05 0.03 0.04 -0.12 -0.03 0.00 0.00 0.00 0.00 0.00 0.00 0.00
1.00 -0.25 -0.49 -0.31 -0.27 -0.37 -0.17 -0.13 0.00 0.00 0.00 0.00 0.00 0.00 0.00
1.00 -0.24 -0.47 -0.30 -0.26 -0.35 -0.17 -0.13 0.00 0.00 0.00 0.00 0.00 0.00 0.00
0 0 0 0 0 0 0 0 0 0 0 0 0 0 0
1.00 -0.90 -0.91 -0.72 -0.72 -0.97 -0.62 -0.29 0.00 0.00 0.00 0.00 0.00 0.00 0.00
0 0 0 0 0 0 0 0 0 0 0 0 0 0 0
1.00 -0.90 -0.91 -0.72 -0.72 -0.97 -0.62 -0.29 0.00 0.00 0.00 0.00 0.00 0.00 0.00
0 0 0 0 0 0 0 0 0 0 0 0 0 0 0
1.00 -1.09 -1.15 -0.90 -0.84 -0.99 -0.62 -0.34 0.00 0.00 0.00 0.00 0.00 0.00 0.00
0 0 0 0 0 0 0 0 0 0 0 0 0 0 0
1.00 -0.60 -0.64 -0.47 -0.54 -0.49 -0.46 -0.26 0.00 0.00 0.00 0.00 0.00 0.00 0.00
0 0 0 0 0 0 0 0 0 0 0 0 0 0 0
1.00 -0.52 -0.55 -0.45 -0.59 -0.68 -0.33 -0.20 0.00 0.00 0.00 0.00 0.00 0.00 0.00
0 0 0 0 0 0 0 0 0 0 0 0 0 0 0
1.00 -0.50 -0.41 -0.30 -0.41 -0.39 -0.25 -0.12 0.00 0.00 0.00 0.00 0.00 0.00 0.00
0 0 0 0 0 0 0 0 0 0 0 0 0 0 0
1.00 -0.49 -0.40 -0.37 -0.33 -0.20 -0.36 -0.15 0.00 0.00 0.00 0.00 0.00 0.00 0.00
0 0 0 0 0 0 0 0 0 0 0 0 0 0 0
1.00 -0.26 -0.34 -0.16 -0.14 -0.36 -0.24 -0.16 0.00 0.00 0.00 0.00 0.00 0.00 0.00
0 0 0 0 0 0 0 0 0 0 0 0 0 0 0
1.00 -0.02 -0.10 -0.15 0.02 -0.01 -0.17 0.02 0.00 0.00 0.00 0.00 0.00 0.00 0.00
0 0 0 0 0 0 0 0 0 0 0 0 0 0 0
1.00 -0.03 0.01 0.02 -0.04 -0.04 0.05 0.03 0.00 0.00 0.00 0.00 0.00 0.00 0.00
0 0 0 0 0 0 0 0 0 0 0 0 0 0 0
