1.00 1.07 1.11 1.15 1.51 1.76 1.37 0.63 0.00 0.00 0.00 0.00 0.00 0.00 0.00
1.00 1.41 1.09 0.94 1.64 1.60 0.97 0.58 0.00 0.00 0.00 0.00 0.00 0.00 0.00
1.00 0.28 0.22 -0.01 0.73 0.53 0.15 0.21 0.00 0.00 0.00 0.00 0.00 0.00 0.00
0 0 0 0 0 0 0 0 0 0 0 0 0 0 0
1.00 -0.71 -0.77 -0.84 -0.29 -0.65 -0.55 -0.09 0.00 0.00 0.00 0.00 0.00 0.00 0.00
0 0 0 0 0 0 0 0 0 0 0 0 0 0 0
1.00 -0.71 -0.77 -0.84 -0.29 -0.65 -0.55 -0.09 0.00 0.00 0.00 0.00 0.00 0.00 0.00
0 0 0 0 0 0 0 0 0 0 0 0 0 0 0
1.00 -1.71 -1.59 -1.30 -0.99 -1.16 -1.06 -0.42 0.00 0.00 0.00 0.00 0.00 0.00 0.00
0 0 0 0 0 0 0 0 0 0 0 0 0 0 0
1.00 -0.93 -0.87 -0.83 -0.47 -0.71 -0.61 -0.18 0.00 0.00 0.00 0.00 0.00 0.00 0.00
0 0 0 0 0 0 0 0 0 0 0 0 0 0 0
1.00 -0.89 -0.78 -0.79 -0.62 -0.66 -0.59 -0.30 0.00 0.00 0.00 0.00 0.00 0.00 0.00
0 0 0 0 0 0 0 0 0 0 0 0 0 0 0
1.00 -0.77 -0.68 -0.71 -0.56 -0.61 -0.55 -0.28 0.00 0.00 0.00 0.00 0.00 0.00 0.00
0 0 0 0 0 0 0 0 0 0 0 0 0 0 0
1.00 -0.86 -0.74 -0.56 -0.60 -0.55 -0.28 -0.17 0.00 0.00 0.00 0.00 0.00 0.00 0.00
0 0 0 0 0 0 0 0 0 0 0 0 0 0 0
1.00 -0.55 -0.54 -0.32 -0.38 -0.41 -0.31 -0.15 0.00 0.00 0.00 0.00 0.00 0.00 0.00
0 0 0 0 0 0 0 0 0 0 0 0 0 0 0
1.00 -0.29 -0.15 -0.20 -0.20 -0.24 -0.20 -0.03 0.00 0.00 0.00 0.00 0.00 0.00 0.00
0 0 0 0 0 0 0 0 0 0 0 0 0 0 0
1.00 -0.23 -0.22 -0.08 0.06 -0.12 -0.01 -0.08 0.00 0.00 0.00 0.00 0.00 0.00 0.00
0 0 0 0 0 0 0 0 0 0 0 0 0 0 0
