1.00 -2.14 -2.63 -2.55 -2.60 -3.71 -2.62 -1.12 0.00 0.00 0.00 0.00 0.00 0.00 0.00
1.00 -2.31 -1.78 -0.72 -3.11 -3.10 -0.97 -0.96 0.00 0.00 0.00 0.00 0.00 0.00 0.00
1.00 0.45 1.94 2.73 -0.38 1.91 2.84 0.62 0.00 0.00 0.00 0.00 0.00 0.00 0.00
0 0 0 0 0 0 0 0 0 0 0 0 0 0 0
1.00 3.86 4.02 3.43 4.56 5.57 3.77 1.80 0.00 0.00 0.00 0.00 0.00 0.00 0.00
0 0 0 0 0 0 0 0 0 0 0 0 0 0 0
1.00 3.86 4.02 3.43 4.56 5.57 3.77 1.80 0.00 0.00 0.00 0.00 0.00 0.00 0.00
0 0 0 0 0 0 0 0 0 0 0 0 0 0 0
1.00 4.74 4.24 3.42 6.42 6.58 3.54 1.99 0.00 0.00 0.00 0.00 0.00 0.00 0.00
0 0 0 0 0 0 0 0 0 0 0 0 0 0 0
1.00 3.44 3.19 2.53 5.16 5.14 2.98 1.52 0.00 0.00 0.00 0.00 0.00 0.00 0.00
0 0 0 0 0 0 0 0 0 0 0 0 0 0 0
1.00 2.27 1.90 1.33 3.30 2.96 1.34 0.95 0.00 0.00 0.00 0.00 0.00 0.00 0.00
0 0 0 0 0 0 0 0 0 0 0 0 0 0 0
1.00 0.39 -0.28 -0.66 -0.11 -0.91 -0.73 -0.18 0.00 0.00 0.00 0.00 0.00 0.00 0.00
0 0 0 0 0 0 0 0 0 0 0 0 0 0 0
1.00 -1.72 -2.04 -2.32 -3.46 -4.20 -2.95 -1.07 0.00 0.00 0.00 0.00 0.00 0.00 0.00
0 0 0 0 0 0 0 0 0 0 0 0 0 0 0
1.00 0.49 0.32 -0.31 -0.72 -1.14 -0.94 -0.19 0.00 0.00 0.00 0.00 0.00 0.00 0.00
0 0 0 0 0 0 0 0 0 0 0 0 0 0 0
1.00 -1.32 -1.81 -1.94 -2.83 -3.71 -2.56 -0.95 0.00 0.00 0.00 0.00 0.00 0.00 0.00
0 0 0 0 0 0 0 0 0 0 0 0 0 0 0
1.00 -2.95 -3.03 -2.78 -4.20 -4.44 -2.94 -1.39 0.00 0.00 0.00 0.00 0.00 0.00 0.00
0 0 0 0 0 0 0 0 0 0 0 0 0 0 0
