1.00 1.52 1.36 1.18 1.60 1.62 0.98 0.58 0.00 0.00 0.00 0.00 0.00 0.00 0.00
1.00 0.89 0.47 0.10 0.88 0.41 -0.00 0.23 0.00 0.00 0.00 0.00 0.00 0.00 0.00
1.00 -0.42 -0.65 -0.58 -0.41 -0.56 -0.52 -0.16 0.00 0.00 0.00 0.00 0.00 0.00 0.00
0 0 0 0 0 0 0 0 0 0 0 0 0 0 0
1.00 -0.88 -1.18 -0.81 -0.76 -1.07 -0.68 -0.32 0.00 0.00 0.00 0.00 0.00 0.00 0.00
0 0 0 0 0 0 0 0 0 0 0 0 0 0 0
1.00 -0.88 -1.18 -0.81 -0.76 -1.07 -0.68 -0.32 0.00 0.00 0.00 0.00 0.00 0.00 0.00
0 0 0 0 0 0 0 0 0 0 0 0 0 0 0
1.00 -1.17 -1.33 -1.18 -0.78 -0.98 -0.88 -0.37 0.00 0.00 0.00 0.00 0.00 0.00 0.00
0 0 0 0 0 0 0 0 0 0 0 0 0 0 0
1.00 -0.72 -0.76 -0.66 -0.56 -0.55 -0.42 -0.22 0.00 0.00 0.00 0.00 0.00 0.00 0.00
0 0 0 0 0 0 0 0 0 0 0 0 0 0 0
1.00 -0.57 -0.73 -0.47 -0.36 -0.44 -0.49 -0.19 0.00 0.00 0.00 0.00 0.00 0.00 0.00
0 0 0 0 0 0 0 0 0 0 0 0 0 0 0
1.00 -0.64 -0.65 -0.43 -0.49 -0.55 -0.33 -0.19 0.00 0.00 0.00 0.00 0.00 0.00 0.00
0 0 0 0 0 0 0 0 0 0 0 0 0 0 0
1.00 -0.51 -0.52 -0.43 -0.29 -0.48 -0.33 -0.20 0.00 0.00 0.00 0.00 0.00 0.00 0.00
0 0 0 0 0 0 0 0 0 0 0 0 0 0 0
1.00 -0.31 -0.38 -0.28 -0.25 -0.26 -0.28 -0.15 0.00 0.00 0.00 0.00 0.00 0.00 0.00
0 0 0 0 0 0 0 0 0 0 0 0 0 0 0
1.00 -0.37 -0.33 -0.11 -0.18 -0.24 0.00 -0.16 0.00 0.00 0.00 0.00 0.00 0.00 0.00
0 0 0 0 0 0 0 0 0 0 0 0 0 0 0
1.00 -0.13 0.04 -0.05 -0.05 0.01 -0.17 0.02 0.00 0.00 0.00 0.00 0.00 0.00 0.00
0 0 0 0 0 0 0 0 0 0 0 0 0 0 0
