1.00 1.08 0.99 0.62 1.22 1.10 0.55 0.43 0.00 0.00 0.00 0.00 0.00 0.00 0.00
1.00 0.46 0.28 0.13 0.20 0.11 0.20 0.09 0.00 0.00 0.00 0.00 0.00 0.00 0.00
1.00 -0.09 -0.22 -0.11 -0.03 -0.07 -0.12 0.01 0.00 0.00 0.00 0.00 0.00 0.00 0.00
0 0 0 0 0 0 0 0 0 0 0 0 0 0 0
1.00 -0.41 -0.50 -0.30 -0.33 -0.39 -0.25 -0.13 0.00 0.00 0.00 0.00 0.00 0.00 0.00
0 0 0 0 0 0 0 0 0 0 0 0 0 0 0
1.00 -0.41 -0.50 -0.30 -0.33 -0.39 -0.25 -0.13 0.00 0.00 0.00 0.00 0.00 0.00 0.00
0 0 0 0 0 0 0 0 0 0 0 0 0 0 0
1.00 -0.73 -0.74 -0.62 -0.59 -0.75 -0.53 -0.26 0.00 0.00 0.00 0.00 0.00 0.00 0.00
0 0 0 0 0 0 0 0 0 0 0 0 0 0 0
1.00 -0.94 -1.03 -0.87 -0.78 -1.02 -0.80 -0.35 0.00 0.00 0.00 0.00 0.00 0.00 0.00
0 0 0 0 0 0 0 0 0 0 0 0 0 0 0
1.00 -0.53 -0.54 -0.27 -0.45 -0.39 -0.31 -0.12 0.00 0.00 0.00 0.00 0.00 0.00 0.00
0 0 0 0 0 0 0 0 0 0 0 0 0 0 0
1.00 -0.50 -0.42 -0.48 -0.40 -0.44 -0.35 -0.13 0.00 0.00 0.00 0.00 0.00 0.00 0.00
0 0 0 0 0 0 0 0 0 0 0 0 0 0 0
1.00 -0.48 -0.53 -0.40 -0.30 -0.38 -0.18 -0.20 0.00 0.00 0.00 0.00 0.00 0.00 0.00
0 0 0 0 0 0 0 0 0 0 0 0 0 0 0
1.00 -0.40 -0.47 -0.38 -0.27 -0.52 -0.41 -0.20 0.00 0.00 0.00 0.00 0.00 0.00 0.00
0 0 0 0 0 0 0 0 0 0 0 0 0 0 0
1.00 -0.35 -0.38 -0.26 -0.38 -0.29 -0.25 -0.19 0.00 0.00 0.00 0.00 0.00 0.00 0.00
0 0 0 0 0 0 0 0 0 0 0 0 0 0 0
1.00 -0.14 -0.13 -0.22 -0.12 -0.07 -0.10 -0.02 0.00 0.00 0.00 0.00 0.00 0.00 0.00
0 0 0 0 0 0 0 0 0 0 0 0 0 0 0
