1.00 -1.25 -1.74 -2.05 -1.24 -2.25 -2.01 -0.76 0.00 0.00 0.00 0.00 0.00 0.00 0.00
1.00 -1.25 -1.46 -1.13 -1.31 -1.94 -1.34 -0.65 0.00 0.00 0.00 0.00 0.00 0.00 0.00
1.00 0.38 1.70 2.73 -0.16 1.23 2.55 0.47 0.00 0.00 0.00 0.00 0.00 0.00 0.00
0 0 0 0 0 0 0 0 0 0 0 0 0 0 0
1.00 4.51 5.05 4.82 5.05 7.47 5.50 2.35 0.00 0.00 0.00 0.00 0.00 0.00 0.00
0 0 0 0 0 0 0 0 0 0 0 0 0 0 0
1.00 4.51 5.05 4.82 5.05 7.47 5.50 2.35 0.00 0.00 0.00 0.00 0.00 0.00 0.00
0 0 0 0 0 0 0 0 0 0 0 0 0 0 0
1.00 3.10 3.27 3.27 4.56 5.79 3.99 1.67 0.00 0.00 0.00 0.00 0.00 0.00 0.00
0 0 0 0 0 0 0 0 0 0 0 0 0 0 0
1.00 3.39 3.24 2.51 5.66 5.88 3.52 1.72 0.00 0.00 0.00 0.00 0.00 0.00 0.00
0 0 0 0 0 0 0 0 0 0 0 0 0 0 0
1.00 2.42 2.08 1.55 4.37 3.86 1.86 1.12 0.00 0.00 0.00 0.00 0.00 0.00 0.00
0 0 0 0 0 0 0 0 0 0 0 0 0 0 0
1.00 0.88 0.14 -0.36 0.95 -0.31 -0.86 0.11 0.00 0.00 0.00 0.00 0.00 0.00 0.00
0 0 0 0 0 0 0 0 0 0 0 0 0 0 0
1.00 3.13 2.60 1.78 3.27 2.69 1.40 1.09 0.00 0.00 0.00 0.00 0.00 0.00 0.00
0 0 0 0 0 0 0 0 0 0 0 0 0 0 0
1.00 0.83 0.28 -0.61 -0.77 -1.76 -1.57 -0.32 0.00 0.00 0.00 0.00 0.00 0.00 0.00
0 0 0 0 0 0 0 0 0 0 0 0 0 0 0
1.00 -1.71 -2.32 -2.88 -4.13 -5.28 -3.57 -1.43 0.00 0.00 0.00 0.00 0.00 0.00 0.00
0 0 0 0 0 0 0 0 0 0 0 0 0 0 0
1.00 -3.87 -4.05 -3.68 -5.78 -6.24 -4.06 -1.97 0.00 0.00 0.00 0.00 0.00 0.00 0.00
0 0 0 0 0 0 0 0 0 0 0 0 0 0 0
