1.00 -2.43 -2.32 -2.60 -2.92 -3.49 -2.72 -1.00 0.00 0.00 0.00 0.00 0.00 0.00 0.00
1.00 -3.00 -2.63 -2.15 -3.70 -4.05 -2.43 -1.22 0.00 0.00 0.00 0.00 0.00 0.00 0.00
1.00 -1.67 -0.56 0.35 -2.85 -2.30 -0.23 -0.56 0.00 0.00 0.00 0.00 0.00 0.00 0.00
0 0 0 0 0 0 0 0 0 0 0 0 0 0 0
1.00 1.19 1.59 2.06 0.34 1.41 1.90 0.55 0.00 0.00 0.00 0.00 0.00 0.00 0.00
0 0 0 0 0 0 0 0 0 0 0 0 0 0 0
1.00 1.19 1.59 2.06 0.34 1.41 1.90 0.55 0.00 0.00 0.00 0.00 0.00 0.00 0.00
0 0 0 0 0 0 0 0 0 0 0 0 0 0 0
1.00 2.50 2.37 2.42 2.69 3.59 2.59 1.09 0.00 0.00 0.00 0.00 0.00 0.00 0.00
0 0 0 0 0 0 0 0 0 0 0 0 0 0 0
1.00 2.69 2.38 2.03 3.61 3.89 2.23 1.05 0.00 0.00 0.00 0.00 0.00 0.00 0.00
0 0 0 0 0 0 0 0 0 0 0 0 0 0 0
1.00 2.13 1.74 1.66 3.27 3.21 1.93 0.88 0.00 0.00 0.00 0.00 0.00 0.00 0.00
0 0 0 0 0 0 0 0 0 0 0 0 0 0 0
1.00 1.66 1.08 0.62 2.58 2.14 0.90 0.64 0.00 0.00 0.00 0.00 0.00 0.00 0.00
0 0 0 0 0 0 0 0 0 0 0 0 0 0 0
1.00 2.77 2.46 2.11 4.41 4.41 2.44 1.19 0.00 0.00 0.00 0.00 0.00 0.00 0.00
0 0 0 0 0 0 0 0 0 0 0 0 0 0 0
1.00 1.55 1.11 0.84 2.14 1.72 0.85 0.54 0.00 0.00 0.00 0.00 0.00 0.00 0.00
0 0 0 0 0 0 0 0 0 0 0 0 0 0 0
1.00 -0.33 -0.59 -0.93 -1.00 -1.64 -1.18 -0.34 0.00 0.00 0.00 0.00 0.00 0.00 0.00
0 0 0 0 0 0 0 0 0 0 0 0 0 0 0
1.00 -2.83 -2.88 -3.44 -4.68 -5.56 -4.05 -1.52 0.00 0.00 0.00 0.00 0.00 0.00 0.00
0 0 0 0 0 0 0 0 0 0 0 0 0 0 0
