1.00 0.34 0.46 0.58 0.46 0.46 0.57 0.16 0.00 0.00 0.00 0.00 0.00 0.00 0.00
1.00 0.27 0.39 0.46 0.18 0.13 0.43 0.10 0.00 0.00 0.00 0.00 0.00 0.00 0.00
1.00 0.18 0.28 0.35 0.13 0.04 0.35 0.06 0.00 0.00 0.00 0.00 0.00 0.00 0.00
0 0 0 0 0 0 0 0 0 0 0 0 0 0 0
1.00 -0.12 0.03 0.08 -0.35 -0.26 -0.14 -0.02 0.00 0.00 0.00 0.00 0.00 0.00 0.00
0 0 0 0 0 0 0 0 0 0 0 0 0 0 0
1.00 -0.12 0.03 0.08 -0.35 -0.26 -0.14 -0.02 0.00 0.00 0.00 0.00 0.00 0.00 0.00
0 0 0 0 0 0 0 0 0 0 0 0 0 0 0
1.00 -0.58 -0.61 -0.63 -0.73 -0.97 -0.71 -0.27 0.00 0.00 0.00 0.00 0.00 0.00 0.00
0 0 0 0 0 0 0 0 0 0 0 0 0 0 0
1.00 -0.95 -1.05 -1.01 -1.25 -1.28 -1.25 -0.38 0.00 0.00 0.00 0.00 0.00 0.00 0.00
0 0 0 0 0 0 0 0 0 0 0 0 0 0 0
1.00 -0.37 -0.51 -0.39 -0.49 -0.70 -0.55 -0.27 0.00 0.00 0.00 0.00 0.00 0.00 0.00
0 0 0 0 0 0 0 0 0 0 0 0 0 0 0
1.00 -0.68 -0.72 -0.70 -0.63 -0.85 -0.61 -0.32 0.00 0.00 0.00 0.00 0.00 0.00 0.00
0 0 0 0 0 0 0 0 0 0 0 0 0 0 0
1.00 -0.68 -0.86 -0.92 -0.68 -0.85 -0.77 -0.29 0.00 0.00 0.00 0.00 0.00 0.00 0.00
0 0 0 0 0 0 0 0 0 0 0 0 0 0 0
1.00 -0.71 -0.86 -0.72 -0.62 -0.89 -0.73 -0.28 0.00 0.00 0.00 0.00 0.00 0.00 0.00
0 0 0 0 0 0 0 0 0 0 0 0 0 0 0
1.00 -0.23 -0.28 -0.26 -0.20 -0.33 -0.22 -0.03 0.00 0.00 0.00 0.00 0.00 0.00 0.00
0 0 0 0 0 0 0 0 0 0 0 0 0 0 0
1.00 -0.22 -0.30 -0.30 -0.00 -0.29 -0.25 -0.09 0.00 0.00 0.00 0.00 0.00 0.00 0.00
0 0 0 0 0 0 0 0 0 0 0 0 0 0 0
