1.00 -1.81 -0.59 0.71 -2.97 -1.98 0.45 -0.57 0.00 0.00 0.00 0.00 0.00 0.00 0.00
1.00 1.81 2.76 3.10 1.13 3.12 3.08 1.07 0.00 0.00 0.00 0.00 0.00 0.00 0.00
1.00 4.05 3.95 3.47 4.96 5.95 3.86 1.92 0.00 0.00 0.00 0.00 0.00 0.00 0.00
0 0 0 0 0 0 0 0 0 0 0 0 0 0 0
1.00 4.51 4.11 3.09 6.54 6.39 3.41 1.99 0.00 0.00 0.00 0.00 0.00 0.00 0.00
0 0 0 0 0 0 0 0 0 0 0 0 0 0 0
1.00 4.51 4.11 3.09 6.54 6.39 3.41 1.99 0.00 0.00 0.00 0.00 0.00 0.00 0.00
0 0 0 0 0 0 0 0 0 0 0 0 0 0 0
1.00 4.02 3.89 3.49 6.48 6.65 4.13 2.04 0.00 0.00 0.00 0.00 0.00 0.00 0.00
0 0 0 0 0 0 0 0 0 0 0 0 0 0 0
1.00 2.63 2.41 1.90 4.01 3.70 2.14 1.27 0.00 0.00 0.00 0.00 0.00 0.00 0.00
0 0 0 0 0 0 0 0 0 0 0 0 0 0 0
1.00 0.83 0.46 0.12 0.48 -0.05 -0.19 0.16 0.00 0.00 0.00 0.00 0.00 0.00 0.00
0 0 0 0 0 0 0 0 0 0 0 0 0 0 0
1.00 -1.45 -2.04 -2.38 -3.23 -4.27 -3.18 -1.17 0.00 0.00 0.00 0.00 0.00 0.00 0.00
0 0 0 0 0 0 0 0 0 0 0 0 0 0 0
1.00 -4.40 -4.85 -5.01 -6.89 -8.00 -5.59 -2.46 0.00 0.00 0.00 0.00 0.00 0.00 0.00
0 0 0 0 0 0 0 0 0 0 0 0 0 0 0
1.00 -2.20 -2.57 -2.71 -3.99 -4.27 -2.93 -1.34 0.00 0.00 0.00 0.00 0.00 0.00 0.00
0 0 0 0 0 0 0 0 0 0 0 0 0 0 0
1.00 -2.77 -2.85 -2.53 -3.38 -3.94 -2.56 -1.30 0.00 0.00 0.00 0.00 0.00 0.00 0.00
0 0 0 0 0 0 0 0 0 0 0 0 0 0 0
1.00 -2.40 -2.26 -1.90 -2.70 -2.85 -1.92 -1.02 0.00 0.00 0.00 0.00 0.00 0.00 0.00
0 0 0 0 0 0 0 0 0 0 0 0 0 0 0
