1.00 1.15 1.33 0.73 1.48 1.64 0.90 0.49 0.00 0.00 0.00 0.00 0.00 0.00 0.00
1.00 0.61 0.35 0.23 0.39 0.44 0.21 0.12 0.00 0.00 0.00 0.00 0.00 0.00 0.00
1.00 0.66 0.63 0.43 0.76 0.69 0.49 0.21 0.00 0.00 0.00 0.00 0.00 0.00 0.00
0 0 0 0 0 0 0 0 0 0 0 0 0 0 0
1.00 0.00 0.11 0.09 -0.18 -0.22 -0.02 -0.01 0.00 0.00 0.00 0.00 0.00 0.00 0.00
0 0 0 0 0 0 0 0 0 0 0 0 0 0 0
1.00 0.00 0.11 0.09 -0.18 -0.22 -0.02 -0.01 0.00 0.00 0.00 0.00 0.00 0.00 0.00
0 0 0 0 0 0 0 0 0 0 0 0 0 0 0
1.00 -0.04 0.06 0.04 -0.20 -0.26 -0.06 -0.03 0.00 0.00 0.00 0.00 0.00 0.00 0.00
0 0 0 0 0 0 0 0 0 0 0 0 0 0 0
1.00 -0.37 -0.37 -0.30 -0.73 -0.71 -0.22 -0.14 0.00 0.00 0.00 0.00 0.00 0.00 0.00
0 0 0 0 0 0 0 0 0 0 0 0 0 0 0
1.00 -0.53 -0.58 -0.34 -0.61 -0.80 -0.58 -0.17 0.00 0.00 0.00 0.00 0.00 0.00 0.00
0 0 0 0 0 0 0 0 0 0 0 0 0 0 0
1.00 -0.72 -0.65 -0.56 -0.79 -0.80 -0.52 -0.21 0.00 0.00 0.00 0.00 0.00 0.00 0.00
0 0 0 0 0 0 0 0 0 0 0 0 0 0 0
1.00 -0.57 -0.81 -0.80 -0.68 -0.93 -0.81 -0.25 0.00 0.00 0.00 0.00 0.00 0.00 0.00
0 0 0 0 0 0 0 0 0 0 0 0 0 0 0
1.00 -0.34 -0.50 -0.28 -0.19 -0.48 -0.33 -0.16 0.00 0.00 0.00 0.00 0.00 0.00 0.00
0 0 0 0 0 0 0 0 0 0 0 0 0 0 0
1.00 -0.43 -0.49 -0.36 -0.47 -0.47 -0.36 -0.20 0.00 0.00 0.00 0.00 0.00 0.00 0.00
0 0 0 0 0 0 0 0 0 0 0 0 0 0 0
1.00 -0.46 -0.32 -0.26 -0.36 -0.43 -0.33 -0.16 0.00 0.00 0.00 0.00 0.00 0.00 0.00
0 0 0 0 0 0 0 0 0 0 0 0 0 0 0
