1.00 -1.15 -1.41 -1.18 -0.94 -1.23 -0.94 -0.47 0.00 0.00 0.00 0.00 0.00 0.00 0.00
1.00 -0.73 -0.61 -0.49 -0.54 -0.55 -0.57 -0.18 0.00 0.00 0.00 0.00 0.00 0.00 0.00
1.00 -0.60 -0.75 -0.42 -0.38 -0.59 -0.27 -0.19 0.00 0.00 0.00 0.00 0.00 0.00 0.00
0 0 0 0 0 0 0 0 0 0 0 0 0 0 0
1.00 -0.68 -0.77 -0.55 -0.28 -0.47 -0.50 -0.23 0.00 0.00 0.00 0.00 0.00 0.00 0.00
0 0 0 0 0 0 0 0 0 0 0 0 0 0 0
1.00 -0.68 -0.77 -0.55 -0.28 -0.47 -0.50 -0.23 0.00 0.00 0.00 0.00 0.00 0.00 0.00
0 0 0 0 0 0 0 0 0 0 0 0 0 0 0
1.00 -0.57 -0.63 -0.49 -0.29 -0.44 -0.32 -0.18 0.00 0.00 0.00 0.00 0.00 0.00 0.00
0 0 0 0 0 0 0 0 0 0 0 0 0 0 0
1.00 -0.36 -0.44 -0.27 -0.20 -0.18 -0.11 -0.07 0.00 0.00 0.00 0.00 0.00 0.00 0.00
0 0 0 0 0 0 0 0 0 0 0 0 0 0 0
1.00 -0.27 -0.17 -0.09 -0.12 -0.24 0.00 -0.06 0.00 0.00 0.00 0.00 0.00 0.00 0.00
0 0 0 0 0 0 0 0 0 0 0 0 0 0 0
1.00 -0.13 -0.18 -0.11 -0.04 -0.11 -0.27 -0.03 0.00 0.00 0.00 0.00 0.00 0.00 0.00
0 0 0 0 0 0 0 0 0 0 0 0 0 0 0
1.00 0.04 -0.00 -0.17 0.03 0.13 -0.03 -0.00 0.00 0.00 0.00 0.00 0.00 0.00 0.00
0 0 0 0 0 0 0 0 0 0 0 0 0 0 0
1.00 -0.09 0.02 0.09 -0.08 -0.05 -0.01 0.02 0.00 0.00 0.00 0.00 0.00 0.00 0.00
0 0 0 0 0 0 0 0 0 0 0 0 0 0 0
1.00 -0.04 -0.04 -0.05 0.04 -0.01 -0.06 -0.00 0.00 0.00 0.00 0.00 0.00 0.00 0.00
0 0 0 0 0 0 0 0 0 0 0 0 0 0 0
1.00 -0.15 -0.22 -0.08 -0.10 0.03 -0.18 -0.06 0.00 0.00 0.00 0.00 0.00 0.00 0.00
0 0 0 0 0 0 0 0 0 0 0 0 0 0 0
