1.00 -1.36 -1.59 -1.90 -1.23 -1.95 -1.90 -0.64 0.00 0.00 0.00 0.00 0.00 0.00 0.00
1.00 -1.17 -0.98 -0.48 -1.15 -1.33 -0.48 -0.44 0.00 0.00 0.00 0.00 0.00 0.00 0.00
1.00 1.02 1.87 2.45 0.46 1.84 2.43 0.64 0.00 0.00 0.00 0.00 0.00 0.00 0.00
0 0 0 0 0 0 0 0 0 0 0 0 0 0 0
1.00 4.00 4.42 4.24 4.04 5.74 4.33 1.90 0.00 0.00 0.00 0.00 0.00 0.00 0.00
0 0 0 0 0 0 0 0 0 0 0 0 0 0 0
1.00 4.00 4.42 4.24 4.04 5.74 4.33 1.90 0.00 0.00 0.00 0.00 0.00 0.00 0.00
0 0 0 0 0 0 0 0 0 0 0 0 0 0 0
1.00 2.44 2.76 2.93 2.87 4.14 3.29 1.28 0.00 0.00 0.00 0.00 0.00 0.00 0.00
0 0 0 0 0 0 0 0 0 0 0 0 0 0 0
1.00 2.94 2.76 2.71 4.25 4.73 3.02 1.39 0.00 0.00 0.00 0.00 0.00 0.00 0.00
0 0 0 0 0 0 0 0 0 0 0 0 0 0 0
1.00 2.61 2.51 2.07 4.05 4.16 2.33 1.27 0.00 0.00 0.00 0.00 0.00 0.00 0.00
0 0 0 0 0 0 0 0 0 0 0 0 0 0 0
1.00 1.56 1.14 0.72 2.44 1.96 0.65 0.66 0.00 0.00 0.00 0.00 0.00 0.00 0.00
0 0 0 0 0 0 0 0 0 0 0 0 0 0 0
1.00 -0.06 -0.83 -1.44 -0.69 -1.93 -1.79 -0.49 0.00 0.00 0.00 0.00 0.00 0.00 0.00
0 0 0 0 0 0 0 0 0 0 0 0 0 0 0
1.00 1.41 0.95 0.14 0.87 0.09 -0.31 0.27 0.00 0.00 0.00 0.00 0.00 0.00 0.00
0 0 0 0 0 0 0 0 0 0 0 0 0 0 0
1.00 -1.55 -2.06 -2.57 -3.26 -4.30 -3.30 -1.20 0.00 0.00 0.00 0.00 0.00 0.00 0.00
0 0 0 0 0 0 0 0 0 0 0 0 0 0 0
1.00 -1.47 -1.92 -2.39 -3.02 -3.97 -3.06 -1.11 0.00 0.00 0.00 0.00 0.00 0.00 0.00
0 0 0 0 0 0 0 0 0 0 0 0 0 0 0
