1.00 1.13 0.84 0.67 1.21 0.70 0.47 0.37 0.00 0.00 0.00 0.00 0.00 0.00 0.00
1.00 0.24 -0.16 -0.21 0.06 -0.26 -0.08 -0.00 0.00 0.00 0.00 0.00 0.00 0.00 0.00
1.00 -0.45 -0.57 -0.56 -0.44 -0.59 -0.62 -0.20 0.00 0.00 0.00 0.00 0.00 0.00 0.00
0 0 0 0 0 0 0 0 0 0 0 0 0 0 0
1.00 -0.95 -0.98 -0.83 -0.79 -0.82 -0.66 -0.35 0.00 0.00 0.00 0.00 0.00 0.00 0.00
0 0 0 0 0 0 0 0 0 0 0 0 0 0 0
1.00 -0.95 -0.98 -0.83 -0.79 -0.82 -0.66 -0.35 0.00 0.00 0.00 0.00 0.00 0.00 0.00
0 0 0 0 0 0 0 0 0 0 0 0 0 0 0
1.00 -1.30 -1.18 -1.05 -0.93 -0.93 -0.79 -0.41 0.00 0.00 0.00 0.00 0.00 0.00 0.00
0 0 0 0 0 0 0 0 0 0 0 0 0 0 0
1.00 -0.60 -0.64 -0.43 -0.50 -0.54 -0.40 -0.25 0.00 0.00 0.00 0.00 0.00 0.00 0.00
0 0 0 0 0 0 0 0 0 0 0 0 0 0 0
1.00 -0.48 -0.52 -0.46 -0.52 -0.37 -0.29 -0.12 0.00 0.00 0.00 0.00 0.00 0.00 0.00
0 0 0 0 0 0 0 0 0 0 0 0 0 0 0
1.00 -0.38 -0.38 -0.25 -0.30 -0.48 -0.21 -0.18 0.00 0.00 0.00 0.00 0.00 0.00 0.00
0 0 0 0 0 0 0 0 0 0 0 0 0 0 0
1.00 -0.37 -0.32 -0.21 -0.29 -0.33 -0.29 -0.10 0.00 0.00 0.00 0.00 0.00 0.00 0.00
0 0 0 0 0 0 0 0 0 0 0 0 0 0 0
1.00 -0.25 -0.27 -0.17 -0.10 -0.19 -0.08 -0.09 0.00 0.00 0.00 0.00 0.00 0.00 0.00
0 0 0 0 0 0 0 0 0 0 0 0 0 0 0
1.00 -0.23 -0.14 -0.18 -0.05 -0.12 -0.18 -0.06 0.00 0.00 0.00 0.00 0.00 0.00 0.00
0 0 0 0 0 0 0 0 0 0 0 0 0 0 0
1.00 -0.25 -0.36 -0.18 -0.22 -0.19 -0.26 -0.10 0.00 0.00 0.00 0.00 0.00 0.00 0.00
0 0 0 0 0 0 0 0 0 0 0 0 0 0 0
