1.00 -1.64 -2.04 -2.30 -1.76 -2.73 -2.35 -0.90 0.00 0.00 0.00 0.00 0.00 0.00 0.00
1.00 -1.76 -1.50 -0.80 -2.08 -2.22 -0.88 -0.69 0.00 0.00 0.00 0.00 0.00 0.00 0.00
1.00 0.62 1.95 3.01 -0.34 1.55 2.96 0.57 0.00 0.00 0.00 0.00 0.00 0.00 0.00
0 0 0 0 0 0 0 0 0 0 0 0 0 0 0
1.00 6.36 6.03 5.35 7.97 8.92 5.86 2.89 0.00 0.00 0.00 0.00 0.00 0.00 0.00
0 0 0 0 0 0 0 0 0 0 0 0 0 0 0
1.00 6.36 6.03 5.35 7.97 8.92 5.86 2.89 0.00 0.00 0.00 0.00 0.00 0.00 0.00
0 0 0 0 0 0 0 0 0 0 0 0 0 0 0
1.00 4.70 4.53 4.38 6.80 7.77 5.06 2.32 0.00 0.00 0.00 0.00 0.00 0.00 0.00
0 0 0 0 0 0 0 0 0 0 0 0 0 0 0
1.00 3.94 3.62 3.39 5.99 6.35 3.83 1.95 0.00 0.00 0.00 0.00 0.00 0.00 0.00
0 0 0 0 0 0 0 0 0 0 0 0 0 0 0
1.00 2.37 2.13 1.72 3.19 3.02 1.85 1.03 0.00 0.00 0.00 0.00 0.00 0.00 0.00
0 0 0 0 0 0 0 0 0 0 0 0 0 0 0
1.00 0.02 -0.65 -1.12 -1.08 -1.93 -1.77 -0.43 0.00 0.00 0.00 0.00 0.00 0.00 0.00
0 0 0 0 0 0 0 0 0 0 0 0 0 0 0
1.00 -3.16 -3.49 -4.00 -5.50 -6.75 -4.81 -1.94 0.00 0.00 0.00 0.00 0.00 0.00 0.00
0 0 0 0 0 0 0 0 0 0 0 0 0 0 0
1.00 -1.24 -1.71 -2.23 -3.37 -4.28 -3.04 -1.16 0.00 0.00 0.00 0.00 0.00 0.00 0.00
0 0 0 0 0 0 0 0 0 0 0 0 0 0 0
1.00 -2.98 -3.07 -2.71 -4.32 -4.48 -2.97 -1.48 0.00 0.00 0.00 0.00 0.00 0.00 0.00
0 0 0 0 0 0 0 0 0 0 0 0 0 0 0
1.00 -2.72 -2.79 -2.45 -3.94 -4.05 -2.67 -1.34 0.00 0.00 0.00 0.00 0.00 0.00 0.00
0 0 0 0 0 0 0 0 0 0 0 0 0 0 0
