1.00 1.48 1.44 0.93 1.77 2.12 1.08 0.57 0.00 0.00 0.00 0.00 0.00 0.00 0.00
1.00 1.27 1.07 0.69 1.33 1.44 0.97 0.48 0.00 0.00 0.00 0.00 0.00 0.00 0.00
1.00 1.15 0.94 0.57 1.20 1.28 0.85 0.43 0.00 0.00 0.00 0.00 0.00 0.00 0.00
0 0 0 0 0 0 0 0 0 0 0 0 0 0 0
1.00 0.36 0.39 0.31 0.28 0.38 0.19 0.17 0.00 0.00 0.00 0.00 0.00 0.00 0.00
0 0 0 0 0 0 0 0 0 0 0 0 0 0 0
1.00 0.36 0.39 0.31 0.28 0.38 0.19 0.17 0.00 0.00 0.00 0.00 0.00 0.00 0.00
0 0 0 0 0 0 0 0 0 0 0 0 0 0 0
1.00 -0.04 -0.20 -0.15 -0.31 -0.48 -0.31 -0.09 0.00 0.00 0.00 0.00 0.00 0.00 0.00
0 0 0 0 0 0 0 0 0 0 0 0 0 0 0
1.00 -0.78 -0.76 -0.55 -0.76 -1.07 -0.69 -0.28 0.00 0.00 0.00 0.00 0.00 0.00 0.00
0 0 0 0 0 0 0 0 0 0 0 0 0 0 0
1.00 -1.04 -1.04 -0.85 -1.03 -1.39 -0.90 -0.43 0.00 0.00 0.00 0.00 0.00 0.00 0.00
0 0 0 0 0 0 0 0 0 0 0 0 0 0 0
1.00 -0.47 -0.27 -0.39 -0.45 -0.51 -0.40 -0.17 0.00 0.00 0.00 0.00 0.00 0.00 0.00
0 0 0 0 0 0 0 0 0 0 0 0 0 0 0
1.00 -0.45 -0.53 -0.39 -0.38 -0.50 -0.31 -0.10 0.00 0.00 0.00 0.00 0.00 0.00 0.00
0 0 0 0 0 0 0 0 0 0 0 0 0 0 0
1.00 -0.43 -0.46 -0.42 -0.50 -0.63 -0.53 -0.18 0.00 0.00 0.00 0.00 0.00 0.00 0.00
0 0 0 0 0 0 0 0 0 0 0 0 0 0 0
1.00 -0.46 -0.54 -0.52 -0.57 -0.67 -0.70 -0.22 0.00 0.00 0.00 0.00 0.00 0.00 0.00
0 0 0 0 0 0 0 0 0 0 0 0 0 0 0
1.00 -0.58 -0.64 -0.51 -0.69 -0.90 -0.61 -0.30 0.00 0.00 0.00 0.00 0.00 0.00 0.00
0 0 0 0 0 0 0 0 0 0 0 0 0 0 0
