1.00 3.29 4.43 4.99 3.04 5.55 5.17 1.85 0.00 0.00 0.00 0.00 0.00 0.00 0.00
1.00 2.68 2.93 3.06 2.50 4.19 3.29 1.37 0.00 0.00 0.00 0.00 0.00 0.00 0.00
1.00 3.30 3.09 2.75 4.37 5.03 3.22 1.57 0.00 0.00 0.00 0.00 0.00 0.00 0.00
0 0 0 0 0 0 0 0 0 0 0 0 0 0 0
1.00 2.57 2.36 2.05 3.40 3.92 2.46 1.22 0.00 0.00 0.00 0.00 0.00 0.00 0.00
0 0 0 0 0 0 0 0 0 0 0 0 0 0 0
1.00 2.57 2.36 2.05 3.40 3.92 2.46 1.22 0.00 0.00 0.00 0.00 0.00 0.00 0.00
0 0 0 0 0 0 0 0 0 0 0 0 0 0 0
1.00 2.14 1.83 1.43 3.55 3.09 1.58 0.95 0.00 0.00 0.00 0.00 0.00 0.00 0.00
0 0 0 0 0 0 0 0 0 0 0 0 0 0 0
1.00 1.13 0.59 -0.05 1.90 0.87 -0.12 0.37 0.00 0.00 0.00 0.00 0.00 0.00 0.00
0 0 0 0 0 0 0 0 0 0 0 0 0 0 0
1.00 1.90 1.37 0.46 1.12 0.03 -0.30 0.40 0.00 0.00 0.00 0.00 0.00 0.00 0.00
0 0 0 0 0 0 0 0 0 0 0 0 0 0 0
1.00 -0.79 -1.33 -2.10 -3.01 -4.26 -3.11 -1.01 0.00 0.00 0.00 0.00 0.00 0.00 0.00
0 0 0 0 0 0 0 0 0 0 0 0 0 0 0
1.00 -3.24 -3.61 -3.48 -5.55 -6.49 -4.21 -1.98 0.00 0.00 0.00 0.00 0.00 0.00 0.00
0 0 0 0 0 0 0 0 0 0 0 0 0 0 0
1.00 -4.57 -4.37 -4.18 -6.06 -6.44 -4.32 -2.14 0.00 0.00 0.00 0.00 0.00 0.00 0.00
0 0 0 0 0 0 0 0 0 0 0 0 0 0 0
1.00 -4.79 -4.63 -3.92 -5.21 -5.55 -3.82 -1.96 0.00 0.00 0.00 0.00 0.00 0.00 0.00
0 0 0 0 0 0 0 0 0 0 0 0 0 0 0
1.00 -2.23 -2.20 -1.95 -2.53 -2.85 -1.97 -0.97 0.00 0.00 0.00 0.00 0.00 0.00 0.00
0 0 0 0 0 0 0 0 0 0 0 0 0 0 0
