1.00 1.14 1.03 0.84 1.19 1.38 1.04 0.45 0.00 0.00 0.00 0.00 0.00 0.00 0.00
1.00 0.65 0.68 0.40 0.61 0.64 0.45 0.25 0.00 0.00 0.00 0.00 0.00 0.00 0.00
1.00 0.15 0.05 -0.01 -0.09 0.03 0.04 -0.01 0.00 0.00 0.00 0.00 0.00 0.00 0.00
0 0 0 0 0 0 0 0 0 0 0 0 0 0 0
1.00 -0.17 -0.33 -0.20 -0.31 -0.50 -0.47 -0.14 0.00 0.00 0.00 0.00 0.00 0.00 0.00
0 0 0 0 0 0 0 0 0 0 0 0 0 0 0
1.00 -0.17 -0.33 -0.20 -0.31 -0.50 -0.47 -0.14 0.00 0.00 0.00 0.00 0.00 0.00 0.00
0 0 0 0 0 0 0 0 0 0 0 0 0 0 0
1.00 -0.87 -0.81 -0.75 -0.85 -1.13 -0.74 -0.32 0.00 0.00 0.00 0.00 0.00 0.00 0.00
0 0 0 0 0 0 0 0 0 0 0 0 0 0 0
1.00 -0.31 -0.22 -0.19 -0.19 -0.25 -0.20 -0.01 0.00 0.00 0.00 0.00 0.00 0.00 0.00
0 0 0 0 0 0 0 0 0 0 0 0 0 0 0
1.00 -0.47 -0.49 -0.52 -0.32 -0.49 -0.51 -0.15 0.00 0.00 0.00 0.00 0.00 0.00 0.00
0 0 0 0 0 0 0 0 0 0 0 0 0 0 0
1.00 -0.52 -0.67 -0.49 -0.52 -0.92 -0.58 -0.31 0.00 0.00 0.00 0.00 0.00 0.00 0.00
0 0 0 0 0 0 0 0 0 0 0 0 0 0 0
1.00 -0.59 -0.61 -0.62 -0.64 -0.84 -0.57 -0.26 0.00 0.00 0.00 0.00 0.00 0.00 0.00
0 0 0 0 0 0 0 0 0 0 0 0 0 0 0
1.00 -0.57 -0.76 -0.75 -0.56 -0.95 -0.79 -0.27 0.00 0.00 0.00 0.00 0.00 0.00 0.00
0 0 0 0 0 0 0 0 0 0 0 0 0 0 0
1.00 -0.20 -0.34 -0.25 -0.32 -0.46 -0.28 -0.13 0.00 0.00 0.00 0.00 0.00 0.00 0.00
0 0 0 0 0 0 0 0 0 0 0 0 0 0 0
1.00 -0.28 -0.47 -0.29 -0.33 -0.45 -0.38 -0.17 0.00 0.00 0.00 0.00 0.00 0.00 0.00
0 0 0 0 0 0 0 0 0 0 0 0 0 0 0
