1.00 -1.13 0.74 2.00 -2.69 -0.75 1.66 -0.14 0.00 0.00 0.00 0.00 0.00 0.00 0.00
1.00 2.56 3.22 3.25 1.85 3.89 3.37 1.32 0.00 0.00 0.00 0.00 0.00 0.00 0.00
1.00 3.41 3.49 3.29 4.64 5.46 3.59 1.63 0.00 0.00 0.00 0.00 0.00 0.00 0.00
0 0 0 0 0 0 0 0 0 0 0 0 0 0 0
1.00 3.51 3.08 2.49 5.01 4.96 2.88 1.55 0.00 0.00 0.00 0.00 0.00 0.00 0.00
0 0 0 0 0 0 0 0 0 0 0 0 0 0 0
1.00 3.51 3.08 2.49 5.01 4.96 2.88 1.55 0.00 0.00 0.00 0.00 0.00 0.00 0.00
0 0 0 0 0 0 0 0 0 0 0 0 0 0 0
1.00 2.57 1.80 1.36 3.56 2.87 1.41 1.01 0.00 0.00 0.00 0.00 0.00 0.00 0.00
0 0 0 0 0 0 0 0 0 0 0 0 0 0 0
1.00 3.67 3.25 2.67 5.12 4.94 2.84 1.69 0.00 0.00 0.00 0.00 0.00 0.00 0.00
0 0 0 0 0 0 0 0 0 0 0 0 0 0 0
1.00 1.45 0.95 0.51 1.00 0.57 0.14 0.36 0.00 0.00 0.00 0.00 0.00 0.00 0.00
0 0 0 0 0 0 0 0 0 0 0 0 0 0 0
1.00 -0.95 -1.18 -1.28 -2.19 -3.18 -2.06 -0.77 0.00 0.00 0.00 0.00 0.00 0.00 0.00
0 0 0 0 0 0 0 0 0 0 0 0 0 0 0
1.00 -1.04 -1.22 -1.26 -2.12 -3.04 -1.97 -0.75 0.00 0.00 0.00 0.00 0.00 0.00 0.00
0 0 0 0 0 0 0 0 0 0 0 0 0 0 0
1.00 -2.91 -3.21 -3.31 -4.59 -5.31 -3.70 -1.67 0.00 0.00 0.00 0.00 0.00 0.00 0.00
0 0 0 0 0 0 0 0 0 0 0 0 0 0 0
1.00 -5.14 -4.92 -4.57 -6.16 -6.46 -4.39 -2.28 0.00 0.00 0.00 0.00 0.00 0.00 0.00
0 0 0 0 0 0 0 0 0 0 0 0 0 0 0
1.00 -3.04 -2.67 -2.20 -3.46 -3.40 -2.23 -1.23 0.00 0.00 0.00 0.00 0.00 0.00 0.00
0 0 0 0 0 0 0 0 0 0 0 0 0 0 0
