1.00 1.48 2.63 3.15 1.15 3.30 3.44 1.12 0.00 0.00 0.00 0.00 0.00 0.00 0.00
1.00 0.85 2.02 2.57 0.41 2.45 2.83 0.83 0.00 0.00 0.00 0.00 0.00 0.00 0.00
1.00 2.82 2.65 2.94 3.63 4.69 3.49 1.45 0.00 0.00 0.00 0.00 0.00 0.00 0.00
0 0 0 0 0 0 0 0 0 0 0 0 0 0 0
1.00 3.11 2.82 2.26 4.64 4.92 2.75 1.46 0.00 0.00 0.00 0.00 0.00 0.00 0.00
0 0 0 0 0 0 0 0 0 0 0 0 0 0 0
1.00 3.11 2.82 2.26 4.64 4.92 2.75 1.46 0.00 0.00 0.00 0.00 0.00 0.00 0.00
0 0 0 0 0 0 0 0 0 0 0 0 0 0 0
1.00 2.10 1.53 0.76 3.19 2.53 0.82 0.81 0.00 0.00 0.00 0.00 0.00 0.00 0.00
0 0 0 0 0 0 0 0 0 0 0 0 0 0 0
1.00 0.04 -1.16 -2.02 -0.89 -2.78 -2.83 -0.64 0.00 0.00 0.00 0.00 0.00 0.00 0.00
0 0 0 0 0 0 0 0 0 0 0 0 0 0 0
1.00 0.61 -0.29 -1.09 -1.00 -2.59 -2.27 -0.45 0.00 0.00 0.00 0.00 0.00 0.00 0.00
0 0 0 0 0 0 0 0 0 0 0 0 0 0 0
1.00 -3.93 -4.00 -3.92 -5.57 -6.03 -4.32 -2.03 0.00 0.00 0.00 0.00 0.00 0.00 0.00
0 0 0 0 0 0 0 0 0 0 0 0 0 0 0
1.00 -4.39 -4.24 -4.00 -5.13 -5.78 -4.03 -2.01 0.00 0.00 0.00 0.00 0.00 0.00 0.00
0 0 0 0 0 0 0 0 0 0 0 0 0 0 0
1.00 -4.27 -3.98 -3.58 -4.61 -5.10 -3.55 -1.86 0.00 0.00 0.00 0.00 0.00 0.00 0.00
0 0 0 0 0 0 0 0 0 0 0 0 0 0 0
1.00 -1.96 -1.90 -1.75 -2.07 -2.38 -1.83 -0.83 0.00 0.00 0.00 0.00 0.00 0.00 0.00
0 0 0 0 0 0 0 0 0 0 0 0 0 0 0
1.00 -1.52 -1.50 -1.41 -1.60 -1.84 -1.43 -0.62 0.00 0.00 0.00 0.00 0.00 0.00 0.00
0 0 0 0 0 0 0 0 0 0 0 0 0 0 0
