1.00 1.32 1.30 1.48 1.18 1.48 1.25 0.56 0.00 0.00 0.00 0.00 0.00 0.00 0.00
1.00 1.45 1.26 1.08 1.21 1.40 0.99 0.58 0.00 0.00 0.00 0.00 0.00 0.00 0.00
1.00 0.82 0.69 0.50 0.80 0.60 0.25 0.37 0.00 0.00 0.00 0.00 0.00 0.00 0.00
0 0 0 0 0 0 0 0 0 0 0 0 0 0 0
1.00 0.15 0.28 0.04 0.24 0.05 -0.02 0.16 0.00 0.00 0.00 0.00 0.00 0.00 0.00
0 0 0 0 0 0 0 0 0 0 0 0 0 0 0
1.00 0.15 0.28 0.04 0.24 0.05 -0.02 0.16 0.00 0.00 0.00 0.00 0.00 0.00 0.00
0 0 0 0 0 0 0 0 0 0 0 0 0 0 0
1.00 -0.30 -0.42 -0.36 0.10 -0.26 -0.29 -0.10 0.00 0.00 0.00 0.00 0.00 0.00 0.00
0 0 0 0 0 0 0 0 0 0 0 0 0 0 0
1.00 -0.56 -0.65 -0.55 -0.32 -0.32 -0.36 -0.20 0.00 0.00 0.00 0.00 0.00 0.00 0.00
0 0 0 0 0 0 0 0 0 0 0 0 0 0 0
1.00 -0.92 -0.95 -0.74 -0.65 -0.95 -0.60 -0.36 0.00 0.00 0.00 0.00 0.00 0.00 0.00
0 0 0 0 0 0 0 0 0 0 0 0 0 0 0
1.00 -1.05 -1.00 -0.88 -0.73 -0.74 -0.69 -0.36 0.00 0.00 0.00 0.00 0.00 0.00 0.00
0 0 0 0 0 0 0 0 0 0 0 0 0 0 0
1.00 -0.54 -0.59 -0.47 -0.26 -0.41 -0.29 -0.19 0.00 0.00 0.00 0.00 0.00 0.00 0.00
0 0 0 0 0 0 0 0 0 0 0 0 0 0 0
1.00 -0.43 -0.43 -0.29 -0.32 -0.33 -0.19 -0.16 0.00 0.00 0.00 0.00 0.00 0.00 0.00
0 0 0 0 0 0 0 0 0 0 0 0 0 0 0
1.00 -0.44 -0.20 -0.35 -0.49 -0.24 -0.19 -0.11 0.00 0.00 0.00 0.00 0.00 0.00 0.00
0 0 0 0 0 0 0 0 0 0 0 0 0 0 0
1.00 -0.41 -0.25 -0.01 -0.25 -0.21 -0.13 -0.10 0.00 0.00 0.00 0.00 0.00 0.00 0.00
0 0 0 0 0 0 0 0 0 0 0 0 0 0 0
