1.00 -2.15 -2.76 -2.80 -2.44 -3.44 -2.88 -1.18 0.00 0.00 0.00 0.00 0.00 0.00 0.00
1.00 -2.34 -2.19 -1.12 -2.71 -3.17 -1.24 -1.00 0.00 0.00 0.00 0.00 0.00 0.00 0.00
1.00 -0.27 1.39 2.26 -0.97 0.54 2.02 0.27 0.00 0.00 0.00 0.00 0.00 0.00 0.00
0 0 0 0 0 0 0 0 0 0 0 0 0 0 0
1.00 3.70 4.08 3.89 3.66 5.38 4.10 1.82 0.00 0.00 0.00 0.00 0.00 0.00 0.00
0 0 0 0 0 0 0 0 0 0 0 0 0 0 0
1.00 3.70 4.08 3.89 3.66 5.38 4.10 1.82 0.00 0.00 0.00 0.00 0.00 0.00 0.00
0 0 0 0 0 0 0 0 0 0 0 0 0 0 0
1.00 5.30 4.81 4.00 6.88 7.58 4.45 2.39 0.00 0.00 0.00 0.00 0.00 0.00 0.00
0 0 0 0 0 0 0 0 0 0 0 0 0 0 0
1.00 3.99 4.18 4.00 5.56 7.06 4.67 2.11 0.00 0.00 0.00 0.00 0.00 0.00 0.00
0 0 0 0 0 0 0 0 0 0 0 0 0 0 0
1.00 4.05 3.84 3.53 6.46 7.03 4.17 2.05 0.00 0.00 0.00 0.00 0.00 0.00 0.00
0 0 0 0 0 0 0 0 0 0 0 0 0 0 0
1.00 2.93 2.45 2.05 4.64 4.59 2.56 1.36 0.00 0.00 0.00 0.00 0.00 0.00 0.00
0 0 0 0 0 0 0 0 0 0 0 0 0 0 0
1.00 0.95 0.36 -0.29 0.95 -0.10 -0.46 0.18 0.00 0.00 0.00 0.00 0.00 0.00 0.00
0 0 0 0 0 0 0 0 0 0 0 0 0 0 0
1.00 -2.09 -2.37 -2.45 -3.70 -4.79 -3.24 -1.30 0.00 0.00 0.00 0.00 0.00 0.00 0.00
0 0 0 0 0 0 0 0 0 0 0 0 0 0 0
1.00 -4.56 -4.99 -5.14 -7.08 -8.61 -6.03 -2.62 0.00 0.00 0.00 0.00 0.00 0.00 0.00
0 0 0 0 0 0 0 0 0 0 0 0 0 0 0
1.00 -2.80 -3.17 -3.22 -4.60 -5.57 -3.61 -1.73 0.00 0.00 0.00 0.00 0.00 0.00 0.00
0 0 0 0 0 0 0 0 0 0 0 0 0 0 0
