1.00 1.14 0.60 0.32 1.01 0.66 0.26 0.34 0.00 0.00 0.00 0.00 0.00 0.00 0.00
1.00 0.07 -0.25 -0.31 0.27 -0.01 -0.35 -0.03 0.00 0.00 0.00 0.00 0.00 0.00 0.00
1.00 -0.70 -1.00 -0.74 -0.33 -0.66 -0.60 -0.22 0.00 0.00 0.00 0.00 0.00 0.00 0.00
0 0 0 0 0 0 0 0 0 0 0 0 0 0 0
1.00 -0.98 -1.06 -1.04 -0.40 -0.83 -0.71 -0.37 0.00 0.00 0.00 0.00 0.00 0.00 0.00
0 0 0 0 0 0 0 0 0 0 0 0 0 0 0
1.00 -0.98 -1.06 -1.04 -0.40 -0.83 -0.71 -0.37 0.00 0.00 0.00 0.00 0.00 0.00 0.00
0 0 0 0 0 0 0 0 0 0 0 0 0 0 0
1.00 -0.20 -0.38 -0.41 -0.37 -0.44 -0.42 -0.19 0.00 0.00 0.00 0.00 0.00 0.00 0.00
0 0 0 0 0 0 0 0 0 0 0 0 0 0 0
1.00 -0.54 -0.53 -0.46 -0.31 -0.49 -0.42 -0.15 0.00 0.00 0.00 0.00 0.00 0.00 0.00
0 0 0 0 0 0 0 0 0 0 0 0 0 0 0
1.00 -0.48 -0.45 -0.39 -0.26 -0.42 -0.36 -0.13 0.00 0.00 0.00 0.00 0.00 0.00 0.00
0 0 0 0 0 0 0 0 0 0 0 0 0 0 0
1.00 -0.43 -0.51 -0.48 -0.16 -0.29 -0.33 -0.16 0.00 0.00 0.00 0.00 0.00 0.00 0.00
0 0 0 0 0 0 0 0 0 0 0 0 0 0 0
1.00 -0.43 -0.43 -0.40 -0.31 -0.27 -0.22 -0.12 0.00 0.00 0.00 0.00 0.00 0.00 0.00
0 0 0 0 0 0 0 0 0 0 0 0 0 0 0
1.00 -0.50 -0.44 -0.31 -0.29 -0.25 -0.23 -0.16 0.00 0.00 0.00 0.00 0.00 0.00 0.00
0 0 0 0 0 0 0 0 0 0 0 0 0 0 0
1.00 -0.07 -0.18 -0.12 -0.17 -0.11 -0.19 0.00 0.00 0.00 0.00 0.00 0.00 0.00 0.00
0 0 0 0 0 0 0 0 0 0 0 0 0 0 0
1.00 -0.16 -0.24 -0.21 -0.09 -0.24 -0.09 -0.11 0.00 0.00 0.00 0.00 0.00 0.00 0.00
0 0 0 0 0 0 0 0 0 0 0 0 0 0 0
