1.00 1.67 1.77 1.60 1.27 1.97 1.51 0.71 0.00 0.00 0.00 0.00 0.00 0.00 0.00
1.00 1.51 1.23 0.92 1.42 1.52 0.79 0.56 0.00 0.00 0.00 0.00 0.00 0.00 0.00
1.00 0.57 0.27 0.06 0.63 0.40 -0.09 0.16 0.00 0.00 0.00 0.00 0.00 0.00 0.00
0 0 0 0 0 0 0 0 0 0 0 0 0 0 0
1.00 -0.33 -0.76 -0.76 -0.12 -0.60 -0.67 -0.22 0.00 0.00 0.00 0.00 0.00 0.00 0.00
0 0 0 0 0 0 0 0 0 0 0 0 0 0 0
1.00 -0.33 -0.76 -0.76 -0.12 -0.60 -0.67 -0.22 0.00 0.00 0.00 0.00 0.00 0.00 0.00
0 0 0 0 0 0 0 0 0 0 0 0 0 0 0
1.00 -0.45 -0.85 -0.81 -0.20 -0.67 -0.70 -0.25 0.00 0.00 0.00 0.00 0.00 0.00 0.00
0 0 0 0 0 0 0 0 0 0 0 0 0 0 0
1.00 -1.37 -1.42 -1.31 -0.82 -1.15 -1.00 -0.48 0.00 0.00 0.00 0.00 0.00 0.00 0.00
0 0 0 0 0 0 0 0 0 0 0 0 0 0 0
1.00 -0.56 -0.50 -0.60 -0.29 -0.39 -0.42 -0.16 0.00 0.00 0.00 0.00 0.00 0.00 0.00
0 0 0 0 0 0 0 0 0 0 0 0 0 0 0
1.00 -0.63 -0.65 -0.65 -0.41 -0.62 -0.40 -0.23 0.00 0.00 0.00 0.00 0.00 0.00 0.00
0 0 0 0 0 0 0 0 0 0 0 0 0 0 0
1.00 -0.78 -0.85 -0.76 -0.55 -0.60 -0.57 -0.30 0.00 0.00 0.00 0.00 0.00 0.00 0.00
0 0 0 0 0 0 0 0 0 0 0 0 0 0 0
1.00 -0.79 -0.67 -0.51 -0.45 -0.46 -0.38 -0.21 0.00 0.00 0.00 0.00 0.00 0.00 0.00
0 0 0 0 0 0 0 0 0 0 0 0 0 0 0
1.00 -0.54 -0.67 -0.40 -0.40 -0.44 -0.30 -0.14 0.00 0.00 0.00 0.00 0.00 0.00 0.00
0 0 0 0 0 0 0 0 0 0 0 0 0 0 0
1.00 -0.60 -0.39 -0.23 -0.39 -0.44 -0.18 -0.16 0.00 0.00 0.00 0.00 0.00 0.00 0.00
0 0 0 0 0 0 0 0 0 0 0 0 0 0 0
