1.00 -1.24 -1.49 -1.11 -0.71 -1.01 -0.89 -0.42 0.00 0.00 0.00 0.00 0.00 0.00 0.00
1.00 -0.61 -0.59 -0.38 -0.29 -0.25 -0.25 -0.17 0.00 0.00 0.00 0.00 0.00 0.00 0.00
1.00 -0.62 -0.75 -0.60 -0.31 -0.53 -0.47 -0.23 0.00 0.00 0.00 0.00 0.00 0.00 0.00
0 0 0 0 0 0 0 0 0 0 0 0 0 0 0
1.00 -0.67 -0.55 -0.43 -0.59 -0.51 -0.36 -0.27 0.00 0.00 0.00 0.00 0.00 0.00 0.00
0 0 0 0 0 0 0 0 0 0 0 0 0 0 0
1.00 -0.67 -0.55 -0.43 -0.59 -0.51 -0.36 -0.27 0.00 0.00 0.00 0.00 0.00 0.00 0.00
0 0 0 0 0 0 0 0 0 0 0 0 0 0 0
1.00 -0.61 -0.47 -0.31 -0.40 -0.49 -0.19 -0.15 0.00 0.00 0.00 0.00 0.00 0.00 0.00
0 0 0 0 0 0 0 0 0 0 0 0 0 0 0
1.00 -0.49 -0.46 -0.30 -0.29 -0.25 -0.19 -0.07 0.00 0.00 0.00 0.00 0.00 0.00 0.00
0 0 0 0 0 0 0 0 0 0 0 0 0 0 0
1.00 -0.31 -0.30 -0.17 -0.20 -0.22 -0.25 -0.06 0.00 0.00 0.00 0.00 0.00 0.00 0.00
0 0 0 0 0 0 0 0 0 0 0 0 0 0 0
1.00 -0.21 -0.24 -0.16 -0.17 -0.25 -0.09 -0.08 0.00 0.00 0.00 0.00 0.00 0.00 0.00
0 0 0 0 0 0 0 0 0 0 0 0 0 0 0
1.00 0.06 -0.05 0.07 -0.15 -0.19 -0.03 -0.07 0.00 0.00 0.00 0.00 0.00 0.00 0.00
0 0 0 0 0 0 0 0 0 0 0 0 0 0 0
1.00 -0.05 0.08 0.01 -0.13 0.14 -0.00 0.02 0.00 0.00 0.00 0.00 0.00 0.00 0.00
0 0 0 0 0 0 0 0 0 0 0 0 0 0 0
1.00 0.10 0.18 0.16 0.18 0.18 0.20 0.08 0.00 0.00 0.00 0.00 0.00 0.00 0.00
0 0 0 0 0 0 0 0 0 0 0 0 0 0 0
1.00 0.10 0.12 0.03 0.22 0.11 0.09 0.14 0.00 0.00 0.00 0.00 0.00 0.00 0.00
0 0 0 0 0 0 0 0 0 0 0 0 0 0 0
