1.00 -2.10 -1.91 -1.34 -2.45 -2.73 -1.74 -0.83 0.00 0.00 0.00 0.00 0.00 0.00 0.00
1.00 0.02 0.93 1.52 -0.92 -0.18 1.03 0.11 0.00 0.00 0.00 0.00 0.00 0.00 0.00
1.00 2.94 3.12 3.14 2.87 4.28 3.36 1.22 0.00 0.00 0.00 0.00 0.00 0.00 0.00
0 0 0 0 0 0 0 0 0 0 0 0 0 0 0
1.00 4.32 3.79 3.64 5.91 6.56 4.19 1.89 0.00 0.00 0.00 0.00 0.00 0.00 0.00
0 0 0 0 0 0 0 0 0 0 0 0 0 0 0
1.00 4.32 3.79 3.64 5.91 6.56 4.19 1.89 0.00 0.00 0.00 0.00 0.00 0.00 0.00
0 0 0 0 0 0 0 0 0 0 0 0 0 0 0
1.00 3.39 3.06 3.12 5.33 5.89 3.70 1.62 0.00 0.00 0.00 0.00 0.00 0.00 0.00
0 0 0 0 0 0 0 0 0 0 0 0 0 0 0
1.00 2.83 2.51 2.46 4.72 5.01 3.06 1.35 0.00 0.00 0.00 0.00 0.00 0.00 0.00
0 0 0 0 0 0 0 0 0 0 0 0 0 0 0
1.00 1.62 1.33 1.11 2.82 2.55 1.28 0.71 0.00 0.00 0.00 0.00 0.00 0.00 0.00
0 0 0 0 0 0 0 0 0 0 0 0 0 0 0
1.00 0.00 -0.52 -1.04 -0.63 -1.57 -1.25 -0.30 0.00 0.00 0.00 0.00 0.00 0.00 0.00
0 0 0 0 0 0 0 0 0 0 0 0 0 0 0
1.00 -2.44 -2.72 -3.22 -4.78 -5.78 -4.01 -1.48 0.00 0.00 0.00 0.00 0.00 0.00 0.00
0 0 0 0 0 0 0 0 0 0 0 0 0 0 0
1.00 -0.65 -1.04 -1.62 -2.48 -3.45 -2.35 -0.77 0.00 0.00 0.00 0.00 0.00 0.00 0.00
0 0 0 0 0 0 0 0 0 0 0 0 0 0 0
1.00 -2.57 -2.64 -2.68 -4.60 -4.91 -3.11 -1.35 0.00 0.00 0.00 0.00 0.00 0.00 0.00
0 0 0 0 0 0 0 0 0 0 0 0 0 0 0
1.00 -3.16 -2.72 -2.43 -4.27 -4.09 -2.67 -1.25 0.00 0.00 0.00 0.00 0.00 0.00 0.00
0 0 0 0 0 0 0 0 0 0 0 0 0 0 0
